0.00100000000000000 39.99694070552684622 -3.05563329712714582
0.00200000000000000 39.99388873230423513 -3.04831369880369207
0.00300000000000000 39.99084407702790855 -3.04099740446284317
0.00400000000000000 39.98780673639416250 -3.03368441355643492
0.00500000000000000 39.98477670709983300 -3.02637472554494025
0.00600000000000000 39.98175398584228901 -3.01906833989746115
0.00700000000000000 39.97873856931942527 -3.01176525609172252
0.00800000000000000 39.97573045422966231 -3.00446547361406369
0.00900000000000000 39.97272963727192518 -2.99716899195943220
0.01000000000000000 39.96973611514563629 -2.98987581063137720
0.01100000000000000 39.96674988455071542 -2.98258592914204135
0.01200000000000000 39.96377094218756554 -2.97529934701215559
0.01300000000000000 39.96079928475705856 -2.96801606377103022
0.01400000000000001 39.95783490896054246 -2.96073607895654956
0.01500000000000001 39.95487781149981998 -2.95345939211516439
0.01600000000000001 39.95192798907713438 -2.94618600280188581
0.01700000000000001 39.94898543839518368 -2.93891591058027801
0.01800000000000001 39.94605015615708510 -2.93164911502245173
0.01900000000000001 39.94312213906638931 -2.92438561570905797
0.02000000000000001 39.94020138382705909 -2.91712541222928090
0.02100000000000001 39.93728788714345512 -2.90986850418083121
0.02200000000000001 39.93438164572035021 -2.90261489116994031
0.02300000000000001 39.93148265626290083 -2.89536457281135284
0.02400000000000001 39.92859091547664008 -2.88811754872832172
0.02500000000000002 39.92570642006747761 -2.88087381855260016
0.02600000000000002 39.92282916674168547 -2.87363338192443640
0.02700000000000002 39.91995915220589808 -2.86639623849256742
0.02800000000000002 39.91709637316708381 -2.85916238791421140
0.02900000000000002 39.91424082633255921 -2.85193182985506288
0.03000000000000002 39.91139250840997477 -2.84470456398928606
0.03100000000000002 39.90855141610729362 -2.83748058999950903
0.03200000000000002 39.90571754613279154 -2.83025990757681667
0.03300000000000002 39.90289089519504984 -2.82304251642074622
0.03400000000000002 39.90007146000295535 -2.81582841623927926
0.03500000000000002 39.89725923726567203 -2.80861760674883776
0.03600000000000003 39.89445422369264804 -2.80141008767427691
0.03700000000000003 39.89165641599360157 -2.79420585874887939
0.03800000000000003 39.88886581087851368 -2.78700491971435005
0.03900000000000003 39.88608240505762126 -2.77980727032080921
0.04000000000000003 39.88330619524140275 -2.77261291032678781
0.04100000000000003 39.88053717814057819 -2.76542183949922116
0.04200000000000003 39.87777535046608790 -2.75823405761344365
0.04300000000000003 39.87502070892910666 -2.75104956445318294
0.04400000000000003 39.87227325024100821 -2.74386835981055421
0.04500000000000003 39.86953297111337946 -2.73669044348605528
0.04600000000000003 39.86679986825799205 -2.72951581528855947
0.04700000000000003 39.86407393838681656 -2.72234447503531252
0.04800000000000004 39.86135517821199414 -2.71517642255192504
0.04900000000000004 39.85864358444584354 -2.70801165767236895
0.05000000000000004 39.85593915380083274 -2.70085018023897039
0.05100000000000004 39.85324188298960024 -2.69369199010240568
0.05200000000000004 39.85055176872491245 -2.68653708712169559
0.05300000000000004 39.84786880771968498 -2.67938547116420045
0.05400000000000004 39.84519299668695425 -2.67223714210561480
0.05500000000000004 39.84252433233987745 -2.66509209982996254
0.05600000000000004 39.83986281139173258 -2.65795034422959109
0.05700000000000004 39.83720843055589000 -2.65081187520516748
0.05800000000000004 39.83456118654582667 -2.64367669266567251
0.05900000000000005 39.83192107607509058 -2.63654479652839635
0.06000000000000005 39.82928809585732211 -2.62941618671893318
0.06100000000000005 39.82666224260623267 -2.62229086317117677
0.06200000000000005 39.82404351303558343 -2.61516882582731558
0.06300000000000004 39.82143190385919240 -2.60805007463782790
0.06400000000000004 39.81882741179093443 -2.60093460956147737
0.06500000000000004 39.81623003354471280 -2.59382243056530815
0.06600000000000004 39.81363976583445208 -2.58671353762463996
0.06700000000000005 39.81105660537411239 -2.57960793072306460
0.06800000000000005 39.80848054887766096 -2.57250560985243970
0.06900000000000005 39.80591159305906501 -2.56540657501288605
0.07000000000000005 39.80334973463229176 -2.55831082621278227
0.07100000000000005 39.80079497031128710 -2.55121836346876041
0.07200000000000005 39.79824729680998985 -2.54412918680570144
0.07300000000000005 39.79570671084230327 -2.53704329625673175
0.07400000000000005 39.79317320912208800 -2.52996069186321781
0.07500000000000005 39.79064678836316915 -2.52288137367476262
0.07600000000000005 39.78812744527931500 -2.51580534174920212
0.07700000000000005 39.78561517658422986 -2.50873259615259947
0.07800000000000006 39.78310997899154700 -2.50166313695924236
0.07900000000000006 39.78061184921482152 -2.49459696425163902
0.08000000000000006 39.77812078396752327 -2.48753407812051286
0.08100000000000006 39.77563677996302260 -2.48047447866479986
0.08200000000000006 39.77315983391459753 -2.47341816599164455
0.08300000000000006 39.77068994253540524 -2.46636514021639552
0.08400000000000006 39.76822710253848925 -2.45931540146260197
0.08500000000000006 39.76577131063676518 -2.45226894986201005
0.08600000000000006 39.76332256354300654 -2.44522578555455983
0.08700000000000006 39.76088085796984473 -2.43818590868837992
0.08800000000000006 39.75844619062976193 -2.43114931941978529
0.08900000000000007 39.75601855823508401 -2.42411601791327325
0.09000000000000007 39.75359795749795921 -2.41708600434151988
0.09100000000000007 39.75118438513036523 -2.41005927888537697
0.09200000000000007 39.74877783784408791 -2.40303584173386842
0.09300000000000007 39.74637831235072838 -2.39601569308418627
0.09400000000000007 39.74398580536168168 -2.38899883314168804
0.09500000000000007 39.74160031358813683 -2.38198526211989314
0.09600000000000007 39.73922183374106254 -2.37497498024048026
0.09700000000000007 39.73685036253120018 -2.36796798773328332
0.09800000000000007 39.73448589666905661 -2.36096428483628884
0.09900000000000007 39.73212843286490425 -2.35396387179563282
0.10000000000000007 39.72977796782875970 -2.34696674886559764
0.10100000000000008 39.72743449827038376 -2.33997291630860893
0.10200000000000008 39.72509802089926012 -2.33298237439523293
0.10300000000000008 39.72276853242461669 -2.32599512340417292
0.10400000000000008 39.72044602955538295 -2.31901116362226789
0.10500000000000008 39.71813050900020414 -2.31203049534448768
0.10600000000000008 39.71582196746742710 -2.30505311887393205
0.10700000000000008 39.71352040166508601 -2.29807903452182671
0.10800000000000008 39.71122580830090243 -2.29110824260752155
0.10900000000000008 39.70893818408227816 -2.28414074345848794
0.11000000000000008 39.70665752571628104 -2.27717653741031523
0.11100000000000008 39.70438382990963788 -2.27021562480670891
0.11200000000000009 39.70211709336873440 -2.26325800599948890
0.11300000000000009 39.69985731279958685 -2.25630368134858639
0.11400000000000009 39.69760448490786331 -2.24935265122204076
0.11500000000000009 39.69535860639884817 -2.24240491599599867
0.11600000000000009 39.69311967397744922 -2.23546047605471099
0.11700000000000009 39.69088768434818348 -2.22851933179053052
0.11800000000000009 39.68866263421517715 -2.22158148360391028
0.11900000000000009 39.68644452028215142 -2.21464693190340167
0.12000000000000009 39.68423333925240826 -2.20771567710565142
0.12100000000000009 39.68202908782883043 -2.20078771963539976
0.12200000000000009 39.67983176271388146 -2.19386305992548003
0.12300000000000010 39.67764136060957725 -2.18694169841681418
0.12400000000000010 39.67545787821749315 -2.18002363555841328
0.12500000000000008 39.67328131223875687 -2.17310887180737389
0.12600000000000008 39.67111165937402006 -2.16619740762887814
0.12700000000000009 39.66894891632347964 -2.15928924349619011
0.12800000000000009 39.66679307978684932 -2.15238437989065545
0.12900000000000009 39.66464414646335968 -2.14548281730169954
0.13000000000000009 39.66250211305174389 -2.13858455622682531
0.13100000000000009 39.66036697625023777 -2.13168959717161277
0.13200000000000009 39.65823873275655842 -2.12479794064971639
0.13300000000000009 39.65611737926791847 -2.11790958718286504
0.13400000000000009 39.65400291248099762 -2.11102453730085982
0.13500000000000009 39.65189532909194270 -2.10414279154157224
0.13600000000000009 39.64979462579636049 -2.09726435045094384
0.13700000000000009 39.64770079928930357 -2.09038921458298521
0.13800000000000009 39.64561384626527030 -2.08351738449977386
0.13900000000000010 39.64353376341819057 -2.07664886077145372
0.14000000000000010 39.64146054744141878 -2.06978364397623382
0.14100000000000010 39.63939419502773376 -2.06292173470038831
0.14200000000000010 39.63733470286931748 -2.05606313353825376
0.14300000000000010 39.63528206765775508 -2.04920784109222964
0.14400000000000010 39.63323628608402771 -2.04235585797277697
0.14500000000000010 39.63119735483849837 -2.03550718479841786
0.14600000000000010 39.62916527061091188 -2.02866182219573421
0.14700000000000010 39.62714003009037356 -2.02181977079936770
0.14800000000000010 39.62512162996536347 -2.01498103125201844
0.14900000000000010 39.62311006692370086 -2.00814560420444499
0.15000000000000011 39.62110533765256548 -2.00131349031546391
0.15100000000000011 39.61910743883846209 -1.99448469025194863
0.15200000000000011 39.61711636716722751 -1.98765920468882973
0.15300000000000011 39.61513211932402356 -1.98083703430909419
0.15400000000000011 39.61315469199331574 -1.97401817980378502
0.15500000000000011 39.61118408185888740 -1.96720264187200122
0.15600000000000011 39.60922028560381136 -1.96039042122089757
0.15700000000000011 39.60726329991044992 -1.95358151856568463
0.15800000000000011 39.60531312146044058 -1.94677593462962806
0.15900000000000011 39.60336974693470324 -1.93997367014404909
0.16000000000000011 39.60143317301341881 -1.93317472584832450
0.16100000000000012 39.59950339637602923 -1.92637910248988664
0.16200000000000012 39.59758041370120907 -1.91958680082422339
0.16300000000000012 39.59566422166689392 -1.91279782161487844
0.16400000000000012 39.59375481695023780 -1.90601216563345144
0.16500000000000012 39.59185219622762730 -1.89922983365959852
0.16600000000000012 39.58995635617465325 -1.89245082648103247
0.16700000000000012 39.58806729346613196 -1.88567514489352295
0.16800000000000012 39.58618500477606972 -1.87890278970089719
0.16900000000000012 39.58430948677766281 -1.87213376171504065
0.17000000000000012 39.58244073614329750 -1.86536806175589720
0.17100000000000012 39.58057874954453581 -1.85860569065146986
0.17200000000000013 39.57872352365210133 -1.85184664923782139
0.17300000000000013 39.57687505513588633 -1.84509093835907501
0.17400000000000013 39.57503334066492329 -1.83833855886741571
0.17500000000000013 39.57319837690739917 -1.83158951162309003
0.17600000000000013 39.57137016053063405 -1.82484379749440806
0.17700000000000013 39.56954868820107407 -1.81810141735774367
0.17800000000000013 39.56773395658429138 -1.81136237209753581
0.17900000000000013 39.56592596234495574 -1.80462666260628923
0.18000000000000013 39.56412470214685584 -1.79789428978457599
0.18100000000000013 39.56233017265286378 -1.79116525454103637
0.18200000000000013 39.56054237052494216 -1.78443955779238017
0.18300000000000013 39.55876129242413697 -1.77771720046338810
0.18400000000000014 39.55698693501056340 -1.77099818348691285
0.18500000000000014 39.55521929494339872 -1.76428250780388063
0.18600000000000014 39.55345836888087518 -1.75757017436329277
0.18700000000000014 39.55170415348027291 -1.75086118412222702
0.18800000000000014 39.54995664539791278 -1.74415553804583912
0.18900000000000014 39.54821584128913514 -1.73745323710736410
0.19000000000000014 39.54648173780832110 -1.73075428228811901
0.19100000000000014 39.54475433160885700 -1.72405867457750328
0.19200000000000014 39.54303361934313443 -1.71736641497300124
0.19300000000000014 39.54131959766254312 -1.71067750448018430
0.19400000000000014 39.53961226321746381 -1.70399194411271204
0.19500000000000015 39.53791161265726828 -1.69730973489233472
0.19600000000000015 39.53621764263029092 -1.69063087784889499
0.19700000000000015 39.53453034978383585 -1.68395537402033013
0.19800000000000015 39.53284973076416264 -1.67728322445267430
0.19900000000000015 39.53117578221649353 -1.67061443020006051
0.20000000000000015 39.52950850078497069 -1.66394899232472282
0.20100000000000015 39.52784788311269182 -1.65728691189699884
0.20200000000000015 39.52619392584166746 -1.65062818999533190
0.20300000000000015 39.52454662561282817 -1.64397282770627373
0.20400000000000015 39.52290597906601732 -1.63732082612448671
0.20500000000000015 39.52127198283997700 -1.63067218635274647
0.20600000000000016 39.51964463357234081 -1.62402690950194439
0.20700000000000016 39.51802392789962681 -1.61738499669109048
0.20800000000000016 39.51640986245723752 -1.61074644904731579
0.20900000000000016 39.51480243387943148 -1.60411126770587553
0.21000000000000016 39.51320163879934455 -1.59747945381015155
0.21100000000000016 39.51160747384894734 -1.59085100851165562
0.21200000000000016 39.51001993565906645 -1.58422593297003189
0.21300000000000016 39.50843902085936321 -1.57760422835306047
0.21400000000000016 39.50686472607832656 -1.57098589583665982
0.21500000000000016 39.50529704794326591 -1.56437093660489035
0.21600000000000016 39.50373598308029699 -1.55775935184995773
0.21700000000000016 39.50218152811434180 -1.55115114277221555
0.21800000000000017 39.50063367966912153 -1.54454631058016933
0.21900000000000017 39.49909243436714235 -1.53794485649047918
0.22000000000000017 39.49755778882969537 -1.53134678172796379
0.22100000000000017 39.49602973967683539 -1.52475208752560376
0.22200000000000017 39.49450828352738085 -1.51816077512454473
0.22300000000000017 39.49299341699890675 -1.51157284577410156
0.22400000000000017 39.49148513670773042 -1.50498830073176171
0.22500000000000017 39.48998343926891863 -1.49840714126318897
0.22600000000000017 39.48848832129625919 -1.49182936864222748
0.22700000000000017 39.48699977940226091 -1.48525498415090529
0.22800000000000017 39.48551781019815365 -1.47868398907943810
0.22900000000000018 39.48404241029386696 -1.47211638472623396
0.23000000000000018 39.48257357629803010 -1.46555217239789659
0.23100000000000018 39.48111130481795783 -1.45899135340922959
0.23200000000000018 39.47965559245965750 -1.45243392908324109
0.23300000000000018 39.47820643582779354 -1.44587990075114714
0.23400000000000018 39.47676383152570878 -1.43932926975237674
0.23500000000000018 39.47532777615539601 -1.43278203743457566
0.23600000000000018 39.47389826631749798 -1.42623820515361133
0.23700000000000018 39.47247529861129323 -1.41969777427357657
0.23800000000000018 39.47105886963469601 -1.41316074616679521
0.23900000000000018 39.46964897598424216 -1.40662712221382535
0.24000000000000019 39.46824561425508904 -1.40009690380346519
0.24100000000000019 39.46684878104099425 -1.39357009233275675
0.24200000000000019 39.46545847293430853 -1.38704668920699170
0.24300000000000019 39.46407468652598993 -1.38052669583971510
0.24400000000000019 39.46269741840556833 -1.37401011365273096
0.24500000000000019 39.46132666516114540 -1.36749694407610711
0.24600000000000019 39.45996242337939464 -1.36098718854817990
0.24700000000000019 39.45860468964554713 -1.35448084851556017
0.24800000000000019 39.45725346054337734 -1.34797792543313699
0.24900000000000019 39.45590873265521026 -1.34147842076408419
0.25000000000000017 39.45457050256189291 -1.33498233597986471
0.25100000000000017 39.45323876684280151 -1.32848967256023665
0.25200000000000017 39.45191352207582725 -1.32200043199325812
0.25300000000000017 39.45059476483736915 -1.31551461577529305
0.25400000000000017 39.44928249170232704 -1.30903222541101649
0.25500000000000017 39.44797669924409433 -1.30255326241342040
0.25600000000000017 39.44667738403453683 -1.29607772830381895
0.25700000000000017 39.44538454264401395 -1.28960562461185479
0.25800000000000017 39.44409817164132903 -1.28313695287550456
0.25900000000000017 39.44281826759375775 -1.27667171464108442
0.26000000000000018 39.44154482706702680 -1.27020991146325635
0.26100000000000018 39.44027784662529257 -1.26375154490503405
0.26200000000000018 39.43901732283115535 -1.25729661653778924
0.26300000000000018 39.43776325224563095 -1.25084512794125691
0.26400000000000018 39.43651563142815775 -1.24439708070354271
0.26500000000000018 39.43527445693657540 -1.23795247642112827
0.26600000000000018 39.43403972532713198 -1.23151131669887759
0.26700000000000018 39.43281143315445547 -1.22507360315004377
0.26800000000000018 39.43158957697156808 -1.21863933739627517
0.26900000000000018 39.43037415332985773 -1.21220852106762234
0.27000000000000018 39.42916515877907813 -1.20578115580254375
0.27100000000000019 39.42796258986734870 -1.19935724324791315
0.27200000000000019 39.42676644314112622 -1.19293678505902623
0.27300000000000019 39.42557671514521900 -1.18651978289960680
0.27400000000000019 39.42439340242275847 -1.18010623844181417
0.27500000000000019 39.42321650151520629 -1.17369615336624977
0.27600000000000019 39.42204600896233302 -1.16728952936196451
0.27700000000000019 39.42088192130222524 -1.16088636812646495
0.27800000000000019 39.41972423507125711 -1.15448667136572158
0.27900000000000019 39.41857294680409751 -1.14809044079417477
0.28000000000000019 39.41742805303369579 -1.14169767813474277
0.28100000000000019 39.41628955029128178 -1.13530838511882859
0.28200000000000019 39.41515743510633740 -1.12892256348632802
0.28300000000000020 39.41403170400660372 -1.12254021498563628
0.28400000000000020 39.41291235351807387 -1.11616134137365575
0.28500000000000020 39.41179938016497175 -1.10978594441580358
0.28600000000000020 39.41069278046976621 -1.10341402588601967
0.28700000000000020 39.40959255095312841 -1.09704558756677373
0.28800000000000020 39.40849868813396029 -1.09068063124907311
0.28900000000000020 39.40741118852935898 -1.08431915873247142
0.29000000000000020 39.40633004865462397 -1.07796117182507545
0.29100000000000020 39.40525526502323572 -1.07160667234355378
0.29200000000000020 39.40418683414685574 -1.06525566211314437
0.29300000000000020 39.40312475253531233 -1.05890814296766278
0.29400000000000021 39.40206901669660766 -1.05256411674951078
0.29500000000000021 39.40101962313688944 -1.04622358530968396
0.29600000000000021 39.39997656836044371 -1.03988655050778056
0.29700000000000021 39.39893984886970202 -1.03355301421200929
0.29800000000000021 39.39790946116522008 -1.02722297829919818
0.29900000000000021 39.39688540174567777 -1.02089644465480300
0.30000000000000021 39.39586766710785781 -1.01457341517291599
0.30100000000000021 39.39485625374664579 -1.00825389175627400
0.30200000000000021 39.39385115815502303 -1.00193787631626785
0.30300000000000021 39.39285237682405239 -0.99562537077295077
0.30400000000000021 39.39185990624287115 -0.98931637705504716
0.30500000000000022 39.39087374289869103 -0.98301089709996181
0.30600000000000022 39.38989388327676977 -0.97670893285378879
0.30700000000000022 39.38892032386042530 -0.97041048627132032
0.30800000000000022 39.38795306113101446 -0.96411555931605619
0.30900000000000022 39.38699209156792591 -0.95782415396021281
0.31000000000000022 39.38603741164856586 -0.95153627218473258
0.31100000000000022 39.38508901784836524 -0.94525191597929314
0.31200000000000022 39.38414690664075124 -0.93897108734231671
0.31300000000000022 39.38321107449715441 -0.93269378828097993
0.31400000000000022 39.38228151788699449 -0.92642002081122299
0.31500000000000022 39.38135823327766616 -0.92014978695775951
0.31600000000000023 39.38044121713453194 -0.91388308875408619
0.31700000000000023 39.37953046592092932 -0.90761992824249260
0.31800000000000023 39.37862597609813520 -0.90136030747407092
0.31900000000000023 39.37772774412538013 -0.89510422850872606
0.32000000000000023 39.37683576645982697 -0.88885169341518544
0.32100000000000023 39.37595003955656381 -0.88260270427100918
0.32200000000000023 39.37507055986860394 -0.87635726316259999
0.32300000000000023 39.37419732384686455 -0.87011537218521373
0.32400000000000023 39.37333032794015963 -0.86387703344296951
0.32500000000000023 39.37246956859519997 -0.85764224904885988
0.32600000000000023 39.37161504225657183 -0.85141102112476152
0.32700000000000023 39.37076674536675114 -0.84518335180144544
0.32800000000000024 39.36992467436606091 -0.83895924321858795
0.32900000000000024 39.36908882569268542 -0.83273869752478080
0.33000000000000024 39.36825919578266308 -0.82652171687754217
0.33100000000000024 39.36743578106985808 -0.82030830344332750
0.33200000000000024 39.36661857798597453 -0.81409845939754022
0.33300000000000024 39.36580758296053517 -0.80789218692454268
0.33400000000000024 39.36500279242086719 -0.80168948821766706
0.33500000000000024 39.36420420279210930 -0.79549036547922658
0.33600000000000024 39.36341181049718330 -0.78929482092052672
0.33700000000000024 39.36262561195680121 -0.78310285676187630
0.33800000000000024 39.36184560358945106 -0.77691447523259860
0.33900000000000025 39.36107178181138266 -0.77072967857104313
0.34000000000000025 39.36030414303660763 -0.76454846902459672
0.34100000000000025 39.35954268367687803 -0.75837084884969519
0.34200000000000025 39.35878740014169352 -0.75219682031183488
0.34300000000000025 39.35803828883828004 -0.74602638568558433
0.34400000000000025 39.35729534617158976 -0.73985954725459602
0.34500000000000025 39.35655856854427981 -0.73369630731161828
0.34600000000000025 39.35582795235670517 -0.72753666815850693
0.34700000000000025 39.35510349400692576 -0.72138063210623737
0.34800000000000025 39.35438518989068513 -0.71522820147491672
0.34900000000000025 39.35367303640139625 -0.70907937859379566
0.35000000000000026 39.35296702993013440 -0.70293416580128087
0.35100000000000026 39.35226716686564430 -0.69679256544494717
0.35200000000000026 39.35157344359431164 -0.69065457988154988
0.35300000000000026 39.35088585650016313 -0.68452021147703712
0.35400000000000026 39.35020440196484515 -0.67838946260656252
0.35500000000000026 39.34952907636763797 -0.67226233565449756
0.35600000000000026 39.34885987608542735 -0.66613883301444432
0.35700000000000026 39.34819679749270449 -0.66001895708924807
0.35800000000000026 39.34753983696154478 -0.65390271029101021
0.35900000000000026 39.34688899086160774 -0.64779009504110108
0.36000000000000026 39.34624425556013705 -0.64168111377017278
0.36100000000000027 39.34560562742193213 -0.63557576891817236
0.36200000000000027 39.34497310280934812 -0.62947406293435482
0.36300000000000027 39.34434667808228880 -0.62337599827729628
0.36400000000000027 39.34372634959819237 -0.61728157741490730
0.36500000000000027 39.34311211371203143 -0.61119080282444604
0.36600000000000027 39.34250396677629169 -0.60510367699253176
0.36700000000000027 39.34190190514096486 -0.59902020241515830
0.36800000000000027 39.34130592515354152 -0.59294038159770768
0.36900000000000027 39.34071602315901117 -0.58686421705496350
0.37000000000000027 39.34013219549983376 -0.58079171131112495
0.37100000000000027 39.33955443851594680 -0.57472286689982044
0.37200000000000027 39.33898274854474408 -0.56865768636412151
0.37300000000000028 39.33841712192107565 -0.56259617225655667
0.37400000000000028 39.33785755497723358 -0.55653832713912543
0.37500000000000028 39.33730404404294489 -0.55048415358331260
0.37600000000000028 39.33675658544535736 -0.54443365417010225
0.37700000000000028 39.33621517550903235 -0.53838683148999200
0.37800000000000028 39.33567981055593776 -0.53234368814300737
0.37900000000000028 39.33515048690543381 -0.52630422673871635
0.38000000000000028 39.33462720087427300 -0.52026844989624355
0.38100000000000028 39.33410994877657885 -0.51423636024428498
0.38200000000000028 39.33359872692383874 -0.50820796042112271
0.38300000000000028 39.33309353162491107 -0.50218325307463962
0.38400000000000029 39.33259435918598257 -0.49616224086233413
0.38500000000000029 39.33210120591058967 -0.49014492645133495
0.38600000000000029 39.33161406809959004 -0.48413131251841640
0.38700000000000029 39.33113294205116262 -0.47812140175001305
0.38800000000000029 39.33065782406080046 -0.47211519684223519
0.38900000000000029 39.33018871042128950 -0.46611270050088377
0.39000000000000029 39.32972559742270846 -0.46011391544146585
0.39100000000000029 39.32926848135240760 -0.45411884438920985
0.39200000000000029 39.32881735849501581 -0.44812749007908115
0.39300000000000029 39.32837222513241926 -0.44213985525579741
0.39400000000000029 39.32793307754375434 -0.43615594267384433
0.39500000000000030 39.32749991200540052 -0.43017575509749123
0.39600000000000030 39.32707272479096616 -0.42419929530080697
0.39700000000000030 39.32665151217128141 -0.41822656606767561
0.39800000000000030 39.32623627041438397 -0.41225757019181247
0.39900000000000030 39.32582699578551200 -0.40629231047678011
0.40000000000000030 39.32542368454710413 -0.40033078973600428
0.40100000000000030 39.32502633295877104 -0.39437301079279036
0.40200000000000030 39.32463493727730253 -0.38841897648033941
0.40300000000000030 39.32424949375664625 -0.38246868964176461
0.40400000000000030 39.32386999864790766 -0.37652215313010756
0.40500000000000030 39.32349644819932166 -0.37057936980835493
0.40600000000000031 39.32312883865626674 -0.36464034254945488
0.40700000000000031 39.32276716626123658 -0.35870507423633391
0.40800000000000031 39.32241142725384719 -0.35277356776191343
0.40900000000000031 39.32206161787080134 -0.34684582602912667
0.41000000000000031 39.32171773434590278 -0.34092185195093561
0.41100000000000031 39.32137977291004205 -0.33500164845034797
0.41200000000000031 39.32104772979116802 -0.32908521846043420
0.41300000000000031 39.32072160121430215 -0.32317256492434482
0.41400000000000031 39.32040138340151714 -0.31726369079532740
0.41500000000000031 39.32008707257192270 -0.31135859903674423
0.41600000000000031 39.31977866494166562 -0.30545729262208937
0.41700000000000031 39.31947615672390839 -0.29955977453500637
0.41800000000000032 39.31917954412882210 -0.29366604776930588
0.41900000000000032 39.31888882336359359 -0.28777611532898306
0.42000000000000032 39.31860399063238276 -0.28188998022823564
0.42100000000000032 39.31832504213634394 -0.27600764549148155
0.42200000000000032 39.31805197407359742 -0.27012911415337687
0.42300000000000032 39.31778478263922239 -0.26425438925883382
0.42400000000000032 39.31752346402524978 -0.25838347386303895
0.42500000000000032 39.31726801442064101 -0.25251637103147112
0.42600000000000032 39.31701843001130214 -0.24665308383991999
0.42700000000000032 39.31677470698004839 -0.24079361537450414
0.42800000000000032 39.31653684150661121 -0.23493796873168959
0.42900000000000033 39.31630482976760987 -0.22908614701830832
0.43000000000000033 39.31607866793655859 -0.22323815335157682
0.43100000000000033 39.31585835218384517 -0.21739399085911482
0.43200000000000033 39.31564387867673105 -0.21155366267896400
0.43300000000000033 39.31543524357932995 -0.20571717195960693
0.43400000000000033 39.31523244305260079 -0.19988452185998587
0.43500000000000033 39.31503547325434766 -0.19405571554952192
0.43600000000000033 39.31484433033918435 -0.18823075620813406
0.43700000000000033 39.31465901045854849 -0.18240964702625839
0.43800000000000033 39.31447950976068029 -0.17659239120486736
0.43900000000000033 39.31430582439061538 -0.17077899195548918
0.44000000000000034 39.31413795049017068 -0.16496945250022726
0.44100000000000034 39.31397588419793721 -0.15916377607177978
0.44200000000000034 39.31381962164926591 -0.15336196591345927
0.44300000000000034 39.31366915897626768 -0.14756402527921234
0.44400000000000034 39.31352449230777779 -0.14176995743363952
0.44500000000000034 39.31338561776937723 -0.13597976565201511
0.44600000000000034 39.31325253148335719 -0.13019345322030723
0.44700000000000034 39.31312522956871902 -0.12441102343519779
0.44800000000000034 39.31300370814116718 -0.11863247960410271
0.44900000000000034 39.31288796331308788 -0.11285782504519214
0.45000000000000034 39.31277799119354199 -0.10708706308741080
0.45100000000000035 39.31267378788826505 -0.10132019707049839
0.45200000000000035 39.31257534949963883 -0.09555723034501012
0.45300000000000035 39.31248267212669134 -0.08979816627233732
0.45400000000000035 39.31239575186508262 -0.08404300822472806
0.45500000000000035 39.31231458480710472 -0.07829175958530797
0.45600000000000035 39.31223916704164623 -0.07254442374810112
0.45700000000000035 39.31216949465420640 -0.06680100411805094
0.45800000000000035 39.31210556372686682 -0.06106150411104129
0.45900000000000035 39.31204737033829844 -0.05532592715391757
0.46000000000000035 39.31199491056373319 -0.04959427668450796
0.46100000000000035 39.31194818047495687 -0.04386655615164471
0.46200000000000035 39.31190717614030206 -0.03814276901518558
0.46300000000000036 39.31187189362464096 -0.03242291874603528
0.46400000000000036 39.31184232898936415 -0.02670700882616711
0.46500000000000036 39.31181847829237341 -0.02099504274864458
0.46600000000000036 39.31180033758808179 -0.01528702401764321
0.46700000000000036 39.31178790292738512 -0.00958295614847236
0.46800000000000036 39.31178117035765496 -0.00388284266759720
0.46900000000000036 39.31178013592273857 0.00181331288733927
0.47000000000000036 39.31178479566293760 0.00750550696749411
0.47100000000000036 39.31179514561499388 0.01319373601280216
0.47200000000000036 39.31181118181208944 0.01887799645195382
0.47300000000000036 39.31183290028383226 0.02455828470237256
0.47400000000000037 39.31186029705623497 0.03023459717019250
0.47500000000000037 39.31189336815171487 0.03590693025023577
0.47600000000000037 39.31193210958907258 0.04157528032598987
0.47700000000000037 39.31197651738349208 0.04723964376958485
0.47800000000000037 39.31202658754651935 0.05290001694177053
0.47900000000000037 39.31208231608606241 0.05855639619189347
0.48000000000000037 39.31214369900636996 0.06420877785787396
0.48100000000000037 39.31221073230802432 0.06985715826618286
0.48200000000000037 39.31228341198792009 0.07550153373181839
0.48300000000000037 39.31236173403927125 0.08114190055828280
0.48400000000000037 39.31244569445158277 0.08677825503755891
0.48500000000000038 39.31253528921065765 0.09241059345008666
0.48600000000000038 39.31263051429855437 0.09803891206473947
0.48700000000000038 39.31273136569360815 0.10366320713880053
0.48800000000000038 39.31283783937040255 0.10928347491793905
0.48900000000000038 39.31294993129975524 0.11489971163618630
0.49000000000000038 39.31306763744872512 0.12051191351591169
0.49100000000000038 39.31319095378057682 0.12612007676779866
0.49200000000000038 39.31331987625478064 0.13172419759082055
0.49300000000000038 39.31345440082700549 0.13732427217221629
0.49400000000000038 39.31359452344909755 0.14292029668746603
0.49500000000000038 39.31374024006908030 0.14851226730026676
0.49600000000000039 39.31389154663111896 0.15410018016250765
0.49700000000000039 39.31404843907553470 0.15968403141424550
0.49800000000000039 39.31421091333878337 0.16526381718367997
0.49900000000000039 39.31437896535344123 0.17083953358712869
0.50000000000000033 39.31455259104819788 0.17641117672900242
0.50100000000000033 39.31473178634784205 0.18197874270177991
0.50200000000000033 39.31491654717324025 0.18754222758598291
0.50300000000000034 39.31510686944134392 0.19310162745015080
0.50400000000000034 39.31530274906515388 0.19865693835081541
0.50500000000000034 39.31550418195373453 0.20420815633247552
0.50600000000000034 39.31571116401218546 0.20975527742757136
0.50700000000000034 39.31592369114163432 0.21529829765645900
0.50800000000000034 39.31614175923921550 0.22083721302738471
0.50900000000000034 39.31636536419807015 0.22637201953645905
0.51000000000000034 39.31659450190733196 0.23190271316763109
0.51100000000000034 39.31682916825210583 0.23742928989266229
0.51200000000000034 39.31706935911346790 0.24295174567110048
0.51300000000000034 39.31731507036844420 0.24847007645025368
0.51400000000000035 39.31756629789001067 0.25398427816516372
0.51500000000000035 39.31782303754706476 0.25949434673858002
0.51600000000000035 39.31808528520441115 0.26500027808093285
0.51700000000000035 39.31835303672277604 0.27050206809030702
0.51800000000000035 39.31862628795877157 0.27599971265241502
0.51900000000000035 39.31890503476488874 0.28149320764057023
0.52000000000000035 39.31918927298948319 0.28698254891566016
0.52100000000000035 39.31947899847676808 0.29246773232611933
0.52200000000000035 39.31977420706679283 0.29794875370790230
0.52300000000000035 39.32007489459545013 0.30342560888445647
0.52400000000000035 39.32038105689443341 0.30889829366669469
0.52500000000000036 39.32069268979125098 0.31436680385296800
0.52600000000000036 39.32100978910920475 0.31983113522903817
0.52700000000000036 39.32133235066736887 0.32529128356804998
0.52800000000000036 39.32166037028058270 0.33074724463050370
0.52900000000000036 39.32199384375945073 0.33619901416422715
0.53000000000000036 39.32233276691031421 0.34164658790434799
0.53100000000000036 39.32267713553523691 0.34708996157326555
0.53200000000000036 39.32302694543200516 0.35252913088062288
0.53300000000000036 39.32338219239410648 0.35796409152327857
0.53400000000000036 39.32374287221072251 0.36339483918527837
0.53500000000000036 39.32410898066670768 0.36882136953782690
0.53600000000000037 39.32448051354258212 0.37424367823925903
0.53700000000000037 39.32485746661451742 0.37966176093501142
0.53800000000000037 39.32523983565432957 0.38507561325759382
0.53900000000000037 39.32562761642945048 0.39048523082656011
0.54000000000000037 39.32602080470293515 0.39589060924847969
0.54100000000000037 39.32641939623343319 0.40129174411690810
0.54200000000000037 39.32682338677518175 0.40668863101235830
0.54300000000000037 39.32723277207799129 0.41208126550227125
0.54400000000000037 39.32764754788723849 0.41746964314098656
0.54500000000000037 39.32806770994383783 0.42285375946971326
0.54600000000000037 39.32849325398424867 0.42823361001650007
0.54700000000000037 39.32892417574044686 0.43360919029620598
0.54800000000000038 39.32936047093991760 0.43898049581047038
0.54900000000000038 39.32980213530564129 0.44434752204768335
0.55000000000000038 39.33024916455607922 0.44971026448295554
0.55100000000000038 39.33070155440515947 0.45506871857808834
0.55200000000000038 39.33115930056226972 0.46042287978154367
0.55300000000000038 39.33162239873223598 0.46577274352841364
0.55400000000000038 39.33209084461531546 0.47111830524039033
0.55500000000000038 39.33256463390717528 0.47645956032573528
0.55600000000000038 39.33304376229889243 0.48179650417924891
0.55700000000000038 39.33352822547691829 0.48712913218223980
0.55800000000000038 39.33401801912309281 0.49245743970249412
0.55900000000000039 39.33451313891460899 0.49778142209424453
0.56000000000000039 39.33501358052401287 0.50310107469813925
0.56100000000000039 39.33551933961918223 0.50841639284121121
0.56200000000000039 39.33603041186331239 0.51372737183684636
0.56300000000000039 39.33654679291490908 0.51903400698475277
0.56400000000000039 39.33706847842776710 0.52433629357092915
0.56500000000000039 39.33759546405095620 0.52963422686763317
0.56600000000000039 39.33812774542882096 0.53492780213335001
0.56700000000000039 39.33866531820095958 0.54021701461276062
0.56800000000000039 39.33920817800219538 0.54550185953670971
0.56900000000000039 39.33975632046258397 0.55078233212217398
0.57000000000000040 39.34030974120739188 0.55605842757223001
0.57100000000000040 39.34086843585708237 0.56133014107602208
0.57200000000000040 39.34143240002728703 0.56659746780872988
0.57300000000000040 39.34200162932882705 0.57186040293153628
0.57400000000000040 39.34257611936766352 0.57711894159159449
0.57500000000000040 39.34315586574489743 0.58237307892199586
0.57600000000000040 39.34374086405676962 0.58762281004173689
0.57700000000000040 39.34433110989461824 0.59286813005568662
0.57800000000000040 39.34492659884487864 0.59810903405455362
0.57900000000000040 39.34552732648908346 0.60334551711485296
0.58000000000000040 39.34613328840381996 0.60857757429887294
0.58100000000000041 39.34674448016073711 0.61380520065464206
0.58200000000000041 39.34736089732653141 0.61902839121589537
0.58300000000000041 39.34798253546291136 0.62424714100204148
0.58400000000000041 39.34860939012661163 0.62946144501812840
0.58500000000000041 39.34924145686935759 0.63467129825481017
0.58600000000000041 39.34987873123785818 0.63987669568831296
0.58700000000000041 39.35052120877379167 0.64507763228040127
0.58800000000000041 39.35116888501379151 0.65027410297834376
0.58900000000000041 39.35182175548943206 0.65546610271487926
0.59000000000000041 39.35247981572720732 0.66065362640818215
0.59100000000000041 39.35314306124853090 0.66583666896182858
0.59200000000000041 39.35381148756971470 0.67101522526476143
0.59300000000000042 39.35448509020194052 0.67618929019125606
0.59400000000000042 39.35516386465126004 0.68135885860088552
0.59500000000000042 39.35584780641858771 0.68652392533848561
0.59600000000000042 39.35653691099965812 0.69168448523412029
0.59700000000000042 39.35723117388504733 0.69684053310304617
0.59800000000000042 39.35793059056012311 0.70199206374567780
0.59900000000000042 39.35863515650505917 0.70713907194755199
0.60000000000000042 39.35934486719479963 0.71228155247929292
0.60100000000000042 39.36005971809905191 0.71741950009657607
0.60200000000000042 39.36077970468227250 0.72255290954009310
0.60300000000000042 39.36150482240365278 0.72768177553551594
0.60400000000000043 39.36223506671709771 0.73280609279346076
0.60500000000000043 39.36297043307122578 0.73792585600945226
0.60600000000000043 39.36371091690933355 0.74304105986388758
0.60700000000000043 39.36445651366938847 0.74815169902200018
0.60800000000000043 39.36520721878402895 0.75325776813382317
0.60900000000000043 39.36596302768052169 0.75835926183415336
0.61000000000000043 39.36672393578076878 0.76345617474251437
0.61100000000000043 39.36748993850127931 0.76854850146312037
0.61200000000000043 39.36826103125316223 0.77363623658483882
0.61300000000000043 39.36903720944210505 0.77871937468115393
0.61400000000000043 39.36981846846836675 0.78379791031012969
0.61500000000000044 39.37060480372674931 0.78887183801437255
0.61600000000000044 39.37139621060659778 0.79394115232099427
0.61700000000000044 39.37219268449176468 0.79900584774157468
0.61800000000000044 39.37299422076061717 0.80406591877212397
0.61900000000000044 39.37380081478600857 0.80912135989304546
0.62000000000000044 39.37461246193525710 0.81417216556909755
0.62100000000000044 39.37542915757014583 0.81921833024935609
0.62200000000000044 39.37625089704690140 0.82425984836717636
0.62300000000000044 39.37707767571616557 0.82929671434015506
0.62400000000000044 39.37790948892300236 0.83432892257009228
0.62500000000000044 39.37874633200685537 0.83935646744295278
0.62600000000000044 39.37958820030156204 0.84437934332882802
0.62700000000000045 39.38043508913530388 0.84939754458189742
0.62800000000000045 39.38128699383062781 0.85441106554038970
0.62900000000000045 39.38214390970439638 0.85941990052654416
0.63000000000000045 39.38300583206779493 0.86442404384657179
0.63100000000000045 39.38387275622630312 0.86942348979061612
0.63200000000000045 39.38474467747968077 0.87441823263271434
0.63300000000000045 39.38562159112195360 0.87940826663075777
0.63400000000000045 39.38650349244140614 0.88439358602645268
0.63500000000000045 39.38739037672054621 0.88937418504528076
0.63600000000000045 39.38828223923610494 0.89435005789645938
0.63700000000000045 39.38917907525901541 0.89932119877290206
0.63800000000000046 39.39008088005438424 0.90428760185117818
0.63900000000000046 39.39098764888150583 0.90924926129147365
0.64000000000000046 39.39189937699380550 0.91420617123755021
0.64100000000000046 39.39281605963886079 0.91915832581670542
0.64200000000000046 39.39373769205835885 0.92410571913973238
0.64300000000000046 39.39466426948808930 0.92904834530087921
0.64400000000000046 39.39559578715793009 0.93398619837780839
0.64500000000000046 39.39653224029183320 0.93891927243155604
0.64600000000000046 39.39747362410779630 0.94384756150649107
0.64700000000000046 39.39841993381786267 0.94877105963027430
0.64800000000000046 39.39937116462807865 0.95368976081381718
0.64900000000000047 39.40032731173850777 0.95860365905124079
0.65000000000000047 39.40128837034319531 0.96351274831983447
0.65100000000000047 39.40225433563014690 0.96841702258001394
0.65200000000000047 39.40322520278133567 0.97331647577528035
0.65300000000000047 39.40420096697265251 0.97821110183217808
0.65400000000000047 39.40518162337392027 0.98310089466025308
0.65500000000000047 39.40616716714885825 0.98798584815201074
0.65600000000000047 39.40715759345506797 0.99286595618287410
0.65700000000000047 39.40815289744401895 0.99774121261114124
0.65800000000000047 39.40915307426103453 1.00261161127794329
0.65900000000000047 39.41015811904526345 1.00747714600720162
0.66000000000000048 39.41116802692967269 1.01233781060558536
0.66100000000000048 39.41218279304102623 1.01719359886246874
0.66200000000000048 39.41320241249987077 1.02204450454988804
0.66300000000000048 39.41422688042052158 1.02689052142249904
0.66400000000000048 39.41525619191102692 1.03173164321753341
0.66500000000000048 39.41629034207317517 1.03656786365475551
0.66600000000000048 39.41732932600245221 1.04139917643641922
0.66700000000000048 39.41837313878805560 1.04622557524722426
0.66800000000000048 39.41942177551284487 1.05104705375427288
0.66900000000000048 39.42047523125334862 1.05586360560702563
0.67000000000000048 39.42153350107972187 1.06067522443725792
0.67100000000000048 39.42259658005575318 1.06548190385901531
0.67200000000000049 39.42366446323883622 1.07028363746857025
0.67300000000000049 39.42473714567994847 1.07508041884437722
0.67400000000000049 39.42581462242363699 1.07987224154702832
0.67500000000000049 39.42689688850799712 1.08465909911920888
0.67600000000000049 39.42798393896467246 1.08944098508565279
0.67700000000000049 39.42907576881880516 1.09421789295309768
0.67800000000000049 39.43017237308904299 1.09898981621023983
0.67900000000000049 39.43127374678751096 1.10375674832768933
0.68000000000000049 39.43237988491980417 1.10851868275792453
0.68100000000000049 39.43349078248494521 1.11327561293524724
0.68200000000000049 39.43460643447539837 1.11802753227573648
0.68300000000000050 39.43572683587701988 1.12277443417720346
0.68400000000000050 39.43685198166906503 1.12751631201914604
0.68500000000000050 39.43798186682415974 1.13225315916270208
0.68600000000000050 39.43911648630827216 1.13698496895060397
0.68700000000000050 39.44025583508071264 1.14171173470713239
0.68800000000000050 39.44139990809410534 1.14643344973807015
0.68900000000000050 39.44254870029437399 1.15115010733065559
0.69000000000000050 39.44370220662071347 1.15586170075353611
0.69100000000000050 39.44486042200557563 1.16056822325672138
0.69200000000000050 39.44602334137466215 1.16526966807153665
0.69300000000000050 39.44719095964689615 1.16996602841057573
0.69400000000000051 39.44836327173439372 1.17465729746765390
0.69500000000000051 39.44954027254246398 1.17934346841776083
0.69600000000000051 39.45072195696958062 1.18402453441701305
0.69700000000000051 39.45190831990736058 1.18870048860260646
0.69800000000000051 39.45309935624055697 1.19337132409276880
0.69900000000000051 39.45429506084701643 1.19803703398671191
0.70000000000000051 39.45549542859769332 1.20269761136458331
0.70100000000000051 39.45670045435660001 1.20735304928741893
0.70200000000000051 39.45791013298079974 1.21200334079709449
0.70300000000000051 39.45912445932039958 1.21664847891627703
0.70400000000000051 39.46034342821850771 1.22128845664837682
0.70500000000000052 39.46156703451123349 1.22592326697749843
0.70600000000000052 39.46279527302765189 1.23055290286839236
0.70700000000000052 39.46402813858980352 1.23517735726640576
0.70800000000000052 39.46526562601265908 1.23979662309743355
0.70900000000000052 39.46650773010411228 1.24441069326786913
0.71000000000000052 39.46775444566493718 1.24901956066455555
0.71100000000000052 39.46900576748880241 1.25362321815473554
0.71200000000000052 39.47026169036222853 1.25822165858600221
0.71300000000000052 39.47152220906456677 1.26281487478624888
0.71400000000000052 39.47278731836799182 1.26740285956361998
0.71500000000000052 39.47405701303748060 1.27198560570646024
0.71600000000000052 39.47533128783078382 1.27656310598326517
0.71700000000000053 39.47661013749841175 1.28113535314263038
0.71800000000000053 39.47789355678360579 1.28570233991320126
0.71900000000000053 39.47918154042233851 1.29026405900362229
0.72000000000000053 39.48047408314327811 1.29482050310248620
0.72100000000000053 39.48177117966776706 1.29937166487828382
0.72200000000000053 39.48307282470980795 1.30391753697935209
0.72300000000000053 39.48437901297604213 1.30845811203382345
0.72400000000000053 39.48568973916572844 1.31299338264957455
0.72500000000000053 39.48700499797072183 1.31752334141417449
0.72600000000000053 39.48832478407545921 1.32204798089483355
0.72700000000000053 39.48964909215693098 1.32656729363835124
0.72800000000000054 39.49097791688466685 1.33108127217106431
0.72900000000000054 39.49231125292070743 1.33558990899879504
0.73000000000000054 39.49364909491958997 1.34009319660679882
0.73100000000000054 39.49499143752833419 1.34459112745971199
0.73200000000000054 39.49633827538640674 1.34908369400149919
0.73300000000000054 39.49768960312570698 1.35357088865540076
0.73400000000000054 39.49904541537055280 1.35805270382388010
0.73500000000000054 39.50040570673765217 1.36252913188857061
0.73600000000000054 39.50177047183608181 1.36700016521022261
0.73700000000000054 39.50313970526727303 1.37146579612865027
0.73800000000000054 39.50451340162497615 1.37592601696267813
0.73900000000000055 39.50589155549526765 1.38038082001008777
0.74000000000000055 39.50727416145649329 1.38483019754756365
0.74100000000000055 39.50866121407927523 1.38927414183063980
0.74200000000000055 39.51005270792647650 1.39371264509364567
0.74300000000000055 39.51144863755319392 1.39814569954965218
0.74400000000000055 39.51284899750670832 1.40257329739041703
0.74500000000000055 39.51425378232649166 1.40699543078633060
0.74600000000000055 39.51566298654417864 1.41141209188636130
0.74700000000000055 39.51707660468353822 1.41582327281800091
0.74800000000000055 39.51849463126045947 1.42022896568720980
0.74900000000000055 39.51991706078292310 1.42462916257836136
0.75000000000000056 39.52134388775098017 1.42902385555418765
0.75100000000000056 39.52277510665673788 1.43341303665572317
0.75200000000000056 39.52421071198433822 1.43779669790225029
0.75300000000000056 39.52565069820992250 1.44217483129124280
0.75400000000000056 39.52709505980162419 1.44654742879831044
0.75500000000000056 39.52854379121954054 1.45091448237714316
0.75600000000000056 39.52999688691571123 1.45527598395945468
0.75700000000000056 39.53145434133409708 1.45963192545492637
0.75800000000000056 39.53291614891055872 1.46398229875115082
0.75900000000000056 39.53438230407282816 1.46832709571357523
0.76000000000000056 39.53585280124049461 1.47266630818544453
0.76100000000000056 39.53732763482497603 1.47699992798774482
0.76200000000000057 39.53880679922951202 1.48132794691914627
0.76300000000000057 39.54029028884911412 1.48565035675594559
0.76400000000000057 39.54177809807057287 1.48996714925200902
0.76500000000000057 39.54327022127241520 1.49427831613871454
0.76600000000000057 39.54476665282488312 1.49858384912489462
0.76700000000000057 39.54626738708992661 1.50288373989677759
0.76800000000000057 39.54777241842116098 1.50717798011793058
0.76900000000000057 39.54928174116385975 1.51146656142920066
0.77000000000000057 39.55079534965492627 1.51574947544865690
0.77100000000000057 39.55231323822286527 1.52002671377153153
0.77200000000000057 39.55383540118776153 1.52429826797016199
0.77300000000000058 39.55536183286127994 1.52856412959393118
0.77400000000000058 39.55689252754660146 1.53282429016920951
0.77500000000000058 39.55842747953843741 1.53707874119929477
0.77600000000000058 39.55996668312297970 1.54132747416435367
0.77700000000000058 39.56151013257789373 1.54557048052136214
0.77800000000000058 39.56305782217229705 1.54980775170404517
0.77900000000000058 39.56460974616671677 1.55403927912281814
0.78000000000000058 39.56616589881308244 1.55826505416472560
0.78100000000000058 39.56772627435470469 1.56248506819338240
0.78200000000000058 39.56929086702624687 1.56669931254891259
0.78300000000000058 39.57085967105368951 1.57090777854788910
0.78400000000000059 39.57243268065432318 1.57511045748327350
0.78500000000000059 39.57400989003672720 1.57930734062435518
0.78600000000000059 39.57559129340072701 1.58349841921668988
0.78700000000000059 39.57717688493738706 1.58768368448203923
0.78800000000000059 39.57876665882898237 1.59186312761830906
0.78900000000000059 39.58036060924897015 1.59603673979948857
0.79000000000000059 39.58195873036197554 1.60020451217558790
0.79100000000000059 39.58356101632376323 1.60436643587257688
0.79200000000000059 39.58516746128120189 1.60852250199232327
0.79300000000000059 39.58677805937225003 1.61267270161253018
0.79400000000000059 39.58839280472594169 1.61681702578667408
0.79500000000000060 39.59001169146235100 1.62095546554394243
0.79600000000000060 39.59163471369256371 1.62508801188917062
0.79700000000000060 39.59326186551865590 1.62921465580277980
0.79800000000000060 39.59489314103367974 1.63333538824071378
0.79900000000000060 39.59652853432162800 1.63745020013437559
0.80000000000000060 39.59816803945740560 1.64155908239056436
0.80100000000000060 39.59981165050682250 1.64566202589141208
0.80200000000000060 39.60145936152655821 1.64975902149431963
0.80300000000000060 39.60311116656412622 1.65385006003189305
0.80400000000000060 39.60476705965786692 1.65793513231188006
0.80500000000000060 39.60642703483691918 1.66201422911710495
0.80600000000000060 39.60809108612119189 1.66608734120540514
0.80700000000000061 39.60975920752133561 1.67015445930956630
0.80800000000000061 39.61143139303872118 1.67421557413725752
0.80900000000000061 39.61310763666541135 1.67827067637096672
0.81000000000000061 39.61478793238414653 1.68231975666793576
0.81100000000000061 39.61647227416830930 1.68636280566009478
0.81200000000000061 39.61816065598190306 1.69039981395399730
0.81300000000000061 39.61985307177951654 1.69443077213075433
0.81400000000000061 39.62154951550630955 1.69845567074596859
0.81500000000000061 39.62324998109799878 1.70247450032966907
0.81600000000000061 39.62495446248079389 1.70648725138624457
0.81700000000000061 39.62666295357141877 1.71049391439437759
0.81800000000000062 39.62837544827704761 1.71449447980697744
0.81900000000000062 39.63009194049530493 1.71848893805111436
0.82000000000000062 39.63181242411422289 1.72247727952795238
0.82100000000000062 39.63353689301222715 1.72645949461268211
0.82200000000000062 39.63526534105810128 1.73043557365445388
0.82300000000000062 39.63699776211096548 1.73440550697631024
0.82400000000000062 39.63873415002024814 1.73836928487511866
0.82500000000000062 39.64047449862566452 1.74232689762150361
0.82600000000000062 39.64221880175718837 1.74627833545977862
0.82700000000000062 39.64396705323502346 1.75022358860787852
0.82800000000000062 39.64571924686957516 1.75416264725729087
0.82900000000000063 39.64747537646142916 1.75809550157298755
0.83000000000000063 39.64923543580132304 1.76202214169335658
0.83100000000000063 39.65099941867011779 1.76594255773013264
0.83200000000000063 39.65276731883878369 1.76985673976832869
0.83300000000000063 39.65453913006834341 1.77376467786616621
0.83400000000000063 39.65631484610987911 1.77766636205500661
0.83500000000000063 39.65809446070448274 1.78156178233928086
0.83600000000000063 39.65987796758324890 1.78545092869642041
0.83700000000000063 39.66166536046721802 1.78933379107678703
0.83800000000000063 39.66345663306738345 1.79321035940360241
0.83900000000000063 39.66525177908464173 1.79708062357287823
0.84000000000000064 39.66705079220977126 1.80094457345334602
0.84100000000000064 39.66885366612340391 1.80480219888638538
0.84200000000000064 39.67066039449600368 1.80865348968595430
0.84300000000000064 39.67247097098783115 1.81249843563851742
0.84400000000000064 39.67428538924892223 1.81633702650297524
0.84500000000000064 39.67610364291905256 1.82016925201059210
0.84600000000000064 39.67792572562772335 1.82399510186492519
0.84700000000000064 39.67975163099412583 1.82781456574175238
0.84800000000000064 39.68158135262709862 1.83162763328900002
0.84900000000000064 39.68341488412513485 1.83543429412667147
0.85000000000000064 39.68525221907631817 1.83923453784677404
0.85100000000000064 39.68709335105831570 1.84302835401324683
0.85200000000000065 39.68893827363834248 1.84681573216188744
0.85300000000000065 39.69078698037314012 1.85059666180027960
0.85400000000000065 39.69263946480893424 1.85437113240771945
0.85500000000000065 39.69449572048142727 1.85813913343514270
0.85600000000000065 39.69635574091574881 1.86190065430505092
0.85700000000000065 39.69821951962644846 1.86565568441143737
0.85800000000000065 39.70008705011743899 1.86940421311971372
0.85900000000000065 39.70195832588199636 1.87314622976663525
0.86000000000000065 39.70383334040271706 1.87688172366022732
0.86100000000000065 39.70571208715148970 1.88061068407970988
0.86200000000000065 39.70759455958946660 1.88433310027542333
0.86300000000000066 39.70948075116703535 1.88804896146875345
0.86400000000000066 39.71137065532379751 1.89175825685205634
0.86500000000000066 39.71326426548852595 1.89546097558858295
0.86600000000000066 39.71516157507913647 1.89915710681240357
0.86700000000000066 39.71706257750268065 1.90284663962833211
0.86800000000000066 39.71896726615528195 1.90652956311185018
0.86900000000000066 39.72087563442214275 1.91020586630903089
0.87000000000000066 39.72278767567748048 1.91387553823646273
0.87100000000000066 39.72470338328452044 1.91753856788117272
0.87200000000000066 39.72662275059546744 1.92119494420054959
0.87300000000000066 39.72854577095145601 1.92484465612226741
0.87400000000000067 39.73047243768254333 1.92848769254420760
0.87500000000000067 39.73240274410766659 1.93212404233438217
0.87600000000000067 39.73433668353461456 1.93575369433085620
0.87700000000000067 39.73627424925999918 1.93937663734166943
0.87800000000000067 39.73821543456922711 1.94299286014475903
0.87900000000000067 39.74016023273647136 1.94660235148788074
0.88000000000000067 39.74210863702462859 1.95020510008853099
0.88100000000000067 39.74406064068529787 1.95380109463386797
0.88200000000000067 39.74601623695875929 1.95739032378063316
0.88300000000000067 39.74797541907393139 1.96097277615507171
0.88400000000000067 39.74993818024834269 1.96454844035285392
0.88500000000000068 39.75190451368810329 1.96811730493899506
0.88600000000000068 39.75387441258786225 1.97167935844777653
0.88700000000000068 39.75584787013080756 1.97523458938266527
0.88800000000000068 39.75782487948859512 1.97878298621623427
0.88900000000000068 39.75980543382135579 1.98232453739008152
0.89000000000000068 39.76178952627763152 1.98585923131475028
0.89100000000000068 39.76377714999436108 1.98938705636964785
0.89200000000000068 39.76576829809685876 1.99290800090296516
0.89300000000000068 39.76776296369876462 1.99642205323159483
0.89400000000000068 39.76976113990201611 1.99992920164105059
0.89500000000000068 39.77176281979682670 2.00342943438538512
0.89600000000000068 39.77376799646164329 2.00692273968710877
0.89700000000000069 39.77577666296311776 2.01040910573710718
0.89800000000000069 39.77778881235608566 2.01388852069455915
0.89900000000000069 39.77980443768351648 2.01736097268685421
0.90000000000000069 39.78182353197649945 2.02082644980950965
0.90100000000000069 39.78384608825420088 2.02428494012608828
0.90200000000000069 39.78587209952382864 2.02773643166811501
0.90300000000000069 39.78790155878061086 2.03118091243499332
0.90400000000000069 39.78993445900776038 2.03461837039392179
0.90500000000000069 39.79197079317643926 2.03804879347981061
0.90600000000000069 39.79401055424573030 2.04147216959519717
0.90700000000000069 39.79605373516259448 2.04488848661016265
0.90800000000000070 39.79810032886186377 2.04829773236224622
0.90900000000000070 39.80015032826617016 2.05169989465636160
0.91000000000000070 39.80220372628594561 2.05509496126471136
0.91100000000000070 39.80426051581937941 2.05848291992670296
0.91200000000000070 39.80632068975238269 2.06186375834886171
0.91300000000000070 39.80838424095855288 2.06523746420474685
0.91400000000000070 39.81045116229915237 2.06860402513486497
0.91500000000000070 39.81252144662305170 2.07196342874658379
0.91600000000000070 39.81459508676672954 2.07531566261404654
0.91700000000000070 39.81667207555421584 2.07866071427808485
0.91800000000000070 39.81875240579705633 2.08199857124613263
0.91900000000000071 39.82083607029429828 2.08532922099213902
0.92000000000000071 39.82292306183244790 2.08865265095648045
0.92100000000000071 39.82501337318542056 2.09196884854587450
0.92200000000000071 39.82710699711454083 2.09527780113329198
0.92300000000000071 39.82920392636847140 2.09857949605786764
0.92400000000000071 39.83130415368320598 2.10187392062481404
0.92500000000000071 39.83340767178202668 2.10516106210533227
0.92600000000000071 39.83551447337546847 2.10844090773652360
0.92700000000000071 39.83762455116128365 2.11171344472130018
0.92800000000000071 39.83973789782442054 2.11497866022829717
0.92900000000000071 39.84185450603695955 2.11823654139178252
0.93000000000000071 39.84397436845812024 2.12148707531156733
0.93100000000000072 39.84609747773419031 2.12473024905291696
0.93200000000000072 39.84822382649851136 2.12796604964646052
0.93300000000000072 39.85035340737143628 2.13119446408810065
0.93400000000000072 39.85248621296029370 2.13441547933892295
0.93500000000000072 39.85462223585935959 2.13762908232510629
0.93600000000000072 39.85676146864982172 2.14083525993783086
0.93700000000000072 39.85890390389972993 2.14403399903318670
0.93800000000000072 39.86104953416398899 2.14722528643208355
0.93900000000000072 39.86319835198429473 2.15040910892015802
0.94000000000000072 39.86535034988911264 2.15358545324768302
0.94100000000000072 39.86750552039364237 2.15675430612947361
0.94200000000000073 39.86966385599978224 2.15991565424479681
0.94300000000000073 39.87182534919609367 2.16306948423727752
0.94400000000000073 39.87398999245775144 2.16621578271480653
0.94500000000000073 39.87615777824653662 2.16935453624944641
0.94600000000000073 39.87832869901077970 2.17248573137733914
0.94700000000000073 39.88050274718532506 2.17560935459861193
0.94800000000000073 39.88267991519149547 2.17872539237728313
0.94900000000000073 39.88486019543707073 2.18183383114116936
0.95000000000000073 39.88704358031623798 2.18493465728179004
0.95100000000000073 39.88923006220954903 2.18802785715427284
0.95200000000000073 39.89141963348389908 2.19111341707725904
0.95300000000000074 39.89361228649248403 2.19419132333280853
0.95400000000000074 39.89580801357475792 2.19726156216630475
0.95500000000000074 39.89800680705641156 2.20032411978635789
0.95600000000000074 39.90020865924931570 2.20337898236471030
0.95700000000000074 39.90241356245150683 2.20642613603614013
0.95800000000000074 39.90462150894712323 2.20946556689836449
0.95900000000000074 39.90683249100639074 2.21249726101194266
0.96000000000000074 39.90904650088557304 2.21552120440018019
0.96100000000000074 39.91126353082694322 2.21853738304903114
0.96200000000000074 39.91348357305874117 2.22154578290700044
0.96300000000000074 39.91570661979513091 2.22454638988504660
0.96400000000000075 39.91793266323617217 2.22753918985648403
0.96500000000000075 39.92016169556778493 2.23052416865688397
0.96600000000000075 39.92239370896169248 2.23350131208397729
0.96700000000000075 39.92462869557541438 2.23647060589755453
0.96800000000000075 39.92686664755219539 2.23943203581936823
0.96900000000000075 39.92910755702098413 2.24238558753303208
0.97000000000000075 39.93135141609640471 2.24533124668392370
0.97100000000000075 39.93359821687869982 2.24826899887908249
0.97200000000000075 39.93584795145370236 2.25119882968711105
0.97300000000000075 39.93810061189279281 2.25412072463807522
0.97400000000000075 39.94035619025285655 2.25703466922340201
0.97500000000000075 39.94261467857626968 2.25994064889578006
0.97600000000000076 39.94487606889082087 2.26283864906905796
0.97700000000000076 39.94714035320970424 2.26572865511814392
0.97800000000000076 39.94940752353146252 2.26861065237890269
0.97900000000000076 39.95167757183996571 2.27148462614805435
0.98000000000000076 39.95395049010434718 2.27435056168307259
0.98100000000000076 39.95622627027898943 2.27720844420208168
0.98200000000000076 39.95850490430347435 2.28005825888375391
0.98300000000000076 39.96078638410252637 2.28289999086720696
0.98400000000000076 39.96307070158600538 2.28573362525190005
0.98500000000000076 39.96535784864884988 2.28855914709753083
0.98600000000000076 39.96764781717102721 2.29137654142393155
0.98700000000000077 39.96994059901751939 2.29418579321096550
0.98800000000000077 39.97223618603825201 2.29698688739842138
0.98900000000000077 39.97453457006808009 2.29977980888590983
0.99000000000000077 39.97683574292673825 2.30256454253275855
0.99100000000000077 39.97913969641880527 2.30534107315790582
0.99200000000000077 39.98144642233364010 2.30810938553979694
0.99300000000000077 39.98375591244538185 2.31086946441627683
0.99400000000000077 39.98606815851287166 2.31362129448448517
0.99500000000000077 39.98838315227963136 2.31636486040074896
0.99600000000000077 39.99070088547382795 2.31910014678047771
0.99700000000000077 39.99302134980820966 2.32182713819805464
0.99800000000000078 39.99534453698008463 2.32454581918673098
0.99900000000000078 39.99767043867127114 2.32725617423851716
1.00000000000000067 39.99999904654806215 2.32995818780407671
