0 40 -71.4535
0.01 39.298 -68.9506
0.02 38.6207 -66.5197
0.03 37.9674 -64.158
0.04 37.3374 -61.8626
0.05 36.73 -59.631
0.06 36.1445 -57.4605
0.07 35.5805 -55.3488
0.08 35.0374 -53.2934
0.09 34.5145 -51.2921
0.1 34.0114 -49.3427
0.11 33.5275 -47.4429
0.12 33.0623 -45.5909
0.13 32.6155 -43.7846
0.14 32.1865 -42.0221
0.15 31.7749 -40.3015
0.16 31.3803 -38.6212
0.17 31.0024 -36.9793
0.18 30.6406 -35.3743
0.19 30.2948 -33.8045
0.2 29.9644 -32.2685
0.21 29.6493 -30.7646
0.22 29.349 -29.2916
0.23 29.0634 -27.848
0.24 28.792 -26.4324
0.25 28.5346 -25.0437
0.26 28.291 -23.6805
0.27 28.0609 -22.3416
0.28 27.8441 -21.0259
0.29 27.6403 -19.7323
0.3 27.4494 -18.4597
0.31 27.2711 -17.2071
0.32 27.1052 -15.9734
0.33 26.9516 -14.7576
0.34 26.81 -13.5589
0.35 26.6803 -12.3763
0.36 26.5624 -11.2089
0.37 26.4561 -10.056
0.38 26.3612 -8.91667
0.39 26.2777 -7.79015
0.4 26.2054 -6.67569
0.41 26.1442 -5.57258
0.42 26.0939 -4.48011
0.43 26.0545 -3.39762
0.44 26.0259 -2.32446
0.45 26.008 -1.26003
0.46 26.0007 -0.203738
0.47 26.0039 0.84498
0.48 26.0176 1.88666
0.49 26.0416 2.9218
0.5 26.076 3.95088
0.51 26.1206 4.97437
0.52 26.1755 5.99269
0.53 26.2405 7.00623
0.54 26.3156 8.01537
0.55 26.4008 9.02046
0.56 26.496 10.0218
0.57 26.6012 11.0197
0.58 26.7164 12.0144
0.59 26.8415 13.0062
0.6 26.9765 13.9952
0.61 27.1214 14.9816
0.62 27.2761 15.9655
0.63 27.4407 16.9471
0.64 27.615 17.9264
0.65 27.7992 18.9034
0.66 27.9931 19.8781
0.67 28.1967 20.8505
0.68 28.4101 21.8205
0.69 28.6331 22.788
0.7 28.8658 23.7527
0.71 29.1082 24.7146
0.72 29.3601 25.6732
0.73 29.6216 26.6284
0.74 29.8927 27.5797
0.75 30.1732 28.5268
0.76 30.4632 29.4691
0.77 30.7626 30.4062
0.78 31.0713 31.3374
0.79 31.3893 32.2622
0.8 31.7165 33.1797
0.81 32.0529 34.0894
0.82 32.3983 34.9902
0.83 32.7526 35.8814
0.84 33.1159 36.7618
0.85 33.4878 37.6305
0.86 33.8684 38.4864
0.87 34.2575 39.3281
0.88 34.6549 40.1545
0.89 35.0606 40.9641
0.9 35.4742 41.7554
0.91 35.8956 42.5269
0.92 36.3246 43.277
0.93 36.7611 44.0038
0.94 37.2046 44.7055
0.95 37.6551 45.3801
0.96 38.1121 46.0257
0.97 38.5755 46.64
0.98 39.0448 47.2207
0.99 39.5198 47.7655
1 40 48.272
