0 40 -3.06296
0.001 39.9969 -3.05563
0.002 39.9939 -3.04831
0.003 39.9908 -3.041
0.004 39.9878 -3.03368
0.005 39.9848 -3.02637
0.006 39.9818 -3.01907
0.007 39.9787 -3.01177
0.008 39.9757 -3.00447
0.009 39.9727 -2.99717
0.01 39.9697 -2.98988
0.011 39.9667 -2.98259
0.012 39.9638 -2.9753
0.013 39.9608 -2.96802
0.014 39.9578 -2.96074
0.015 39.9549 -2.95346
0.016 39.9519 -2.94619
0.017 39.949 -2.93892
0.018 39.9461 -2.93165
0.019 39.9431 -2.92439
0.02 39.9402 -2.91713
0.021 39.9373 -2.90987
0.022 39.9344 -2.90261
0.023 39.9315 -2.89536
0.024 39.9286 -2.88812
0.025 39.9257 -2.88087
0.026 39.9228 -2.87363
0.027 39.92 -2.8664
0.028 39.9171 -2.85916
0.029 39.9142 -2.85193
0.03 39.9114 -2.8447
0.031 39.9086 -2.83748
0.032 39.9057 -2.83026
0.033 39.9029 -2.82304
0.034 39.9001 -2.81583
0.035 39.8973 -2.80862
0.036 39.8945 -2.80141
0.037 39.8917 -2.79421
0.038 39.8889 -2.787
0.039 39.8861 -2.77981
0.04 39.8833 -2.77261
0.041 39.8805 -2.76542
0.042 39.8778 -2.75823
0.043 39.875 -2.75105
0.044 39.8723 -2.74387
0.045 39.8695 -2.73669
0.046 39.8668 -2.72952
0.047 39.8641 -2.72234
0.048 39.8614 -2.71518
0.049 39.8586 -2.70801
0.05 39.8559 -2.70085
0.051 39.8532 -2.69369
0.052 39.8506 -2.68654
0.053 39.8479 -2.67939
0.054 39.8452 -2.67224
0.055 39.8425 -2.66509
0.056 39.8399 -2.65795
0.057 39.8372 -2.65081
0.058 39.8346 -2.64368
0.059 39.8319 -2.63654
0.06 39.8293 -2.62942
0.061 39.8267 -2.62229
0.062 39.824 -2.61517
0.063 39.8214 -2.60805
0.064 39.8188 -2.60093
0.065 39.8162 -2.59382
0.066 39.8136 -2.58671
0.067 39.8111 -2.57961
0.068 39.8085 -2.57251
0.069 39.8059 -2.56541
0.07 39.8033 -2.55831
0.071 39.8008 -2.55122
0.072 39.7982 -2.54413
0.073 39.7957 -2.53704
0.074 39.7932 -2.52996
0.075 39.7906 -2.52288
0.076 39.7881 -2.51581
0.077 39.7856 -2.50873
0.078 39.7831 -2.50166
0.079 39.7806 -2.4946
0.08 39.7781 -2.48753
0.081 39.7756 -2.48047
0.082 39.7732 -2.47342
0.083 39.7707 -2.46637
0.084 39.7682 -2.45932
0.085 39.7658 -2.45227
0.086 39.7633 -2.44523
0.087 39.7609 -2.43819
0.088 39.7584 -2.43115
0.089 39.756 -2.42412
0.09 39.7536 -2.41709
0.091 39.7512 -2.41006
0.092 39.7488 -2.40304
0.093 39.7464 -2.39602
0.094 39.744 -2.389
0.095 39.7416 -2.38199
0.096 39.7392 -2.37497
0.097 39.7369 -2.36797
0.098 39.7345 -2.36096
0.099 39.7321 -2.35396
0.1 39.7298 -2.34697
0.101 39.7274 -2.33997
0.102 39.7251 -2.33298
0.103 39.7228 -2.326
0.104 39.7204 -2.31901
0.105 39.7181 -2.31203
0.106 39.7158 -2.30505
0.107 39.7135 -2.29808
0.108 39.7112 -2.29111
0.109 39.7089 -2.28414
0.11 39.7067 -2.27718
0.111 39.7044 -2.27022
0.112 39.7021 -2.26326
0.113 39.6999 -2.2563
0.114 39.6976 -2.24935
0.115 39.6954 -2.2424
0.116 39.6931 -2.23546
0.117 39.6909 -2.22852
0.118 39.6887 -2.22158
0.119 39.6864 -2.21465
0.12 39.6842 -2.20772
0.121 39.682 -2.20079
0.122 39.6798 -2.19386
0.123 39.6776 -2.18694
0.124 39.6755 -2.18002
0.125 39.6733 -2.17311
0.126 39.6711 -2.1662
0.127 39.6689 -2.15929
0.128 39.6668 -2.15238
0.129 39.6646 -2.14548
0.13 39.6625 -2.13858
0.131 39.6604 -2.13169
0.132 39.6582 -2.1248
0.133 39.6561 -2.11791
0.134 39.654 -2.11102
0.135 39.6519 -2.10414
0.136 39.6498 -2.09726
0.137 39.6477 -2.09039
0.138 39.6456 -2.08352
0.139 39.6435 -2.07665
0.14 39.6415 -2.06978
0.141 39.6394 -2.06292
0.142 39.6373 -2.05606
0.143 39.6353 -2.04921
0.144 39.6332 -2.04236
0.145 39.6312 -2.03551
0.146 39.6292 -2.02866
0.147 39.6271 -2.02182
0.148 39.6251 -2.01498
0.149 39.6231 -2.00815
0.15 39.6211 -2.00131
0.151 39.6191 -1.99448
0.152 39.6171 -1.98766
0.153 39.6151 -1.98084
0.154 39.6132 -1.97402
0.155 39.6112 -1.9672
0.156 39.6092 -1.96039
0.157 39.6073 -1.95358
0.158 39.6053 -1.94678
0.159 39.6034 -1.93997
0.16 39.6014 -1.93317
0.161 39.5995 -1.92638
0.162 39.5976 -1.91959
0.163 39.5957 -1.9128
0.164 39.5938 -1.90601
0.165 39.5919 -1.89923
0.166 39.59 -1.89245
0.167 39.5881 -1.88568
0.168 39.5862 -1.8789
0.169 39.5843 -1.87213
0.17 39.5824 -1.86537
0.171 39.5806 -1.85861
0.172 39.5787 -1.85185
0.173 39.5769 -1.84509
0.174 39.575 -1.83834
0.175 39.5732 -1.83159
0.176 39.5714 -1.82484
0.177 39.5695 -1.8181
0.178 39.5677 -1.81136
0.179 39.5659 -1.80463
0.18 39.5641 -1.79789
0.181 39.5623 -1.79117
0.182 39.5605 -1.78444
0.183 39.5588 -1.77772
0.184 39.557 -1.771
0.185 39.5552 -1.76428
0.186 39.5535 -1.75757
0.187 39.5517 -1.75086
0.188 39.55 -1.74416
0.189 39.5482 -1.73745
0.19 39.5465 -1.73075
0.191 39.5448 -1.72406
0.192 39.543 -1.71737
0.193 39.5413 -1.71068
0.194 39.5396 -1.70399
0.195 39.5379 -1.69731
0.196 39.5362 -1.69063
0.197 39.5345 -1.68396
0.198 39.5328 -1.67728
0.199 39.5312 -1.67061
0.2 39.5295 -1.66395
0.201 39.5278 -1.65729
0.202 39.5262 -1.65063
0.203 39.5245 -1.64397
0.204 39.5229 -1.63732
0.205 39.5213 -1.63067
0.206 39.5196 -1.62403
0.207 39.518 -1.61738
0.208 39.5164 -1.61075
0.209 39.5148 -1.60411
0.21 39.5132 -1.59748
0.211 39.5116 -1.59085
0.212 39.51 -1.58423
0.213 39.5084 -1.5776
0.214 39.5069 -1.57099
0.215 39.5053 -1.56437
0.216 39.5037 -1.55776
0.217 39.5022 -1.55115
0.218 39.5006 -1.54455
0.219 39.4991 -1.53794
0.22 39.4976 -1.53135
0.221 39.496 -1.52475
0.222 39.4945 -1.51816
0.223 39.493 -1.51157
0.224 39.4915 -1.50499
0.225 39.49 -1.49841
0.226 39.4885 -1.49183
0.227 39.487 -1.48525
0.228 39.4855 -1.47868
0.229 39.484 -1.47212
0.23 39.4826 -1.46555
0.231 39.4811 -1.45899
0.232 39.4797 -1.45243
0.233 39.4782 -1.44588
0.234 39.4768 -1.43933
0.235 39.4753 -1.43278
0.236 39.4739 -1.42624
0.237 39.4725 -1.4197
0.238 39.4711 -1.41316
0.239 39.4696 -1.40663
0.24 39.4682 -1.4001
0.241 39.4668 -1.39357
0.242 39.4655 -1.38705
0.243 39.4641 -1.38053
0.244 39.4627 -1.37401
0.245 39.4613 -1.3675
0.246 39.46 -1.36099
0.247 39.4586 -1.35448
0.248 39.4573 -1.34798
0.249 39.4559 -1.34148
0.25 39.4546 -1.33498
0.251 39.4532 -1.32849
0.252 39.4519 -1.322
0.253 39.4506 -1.31551
0.254 39.4493 -1.30903
0.255 39.448 -1.30255
0.256 39.4467 -1.29608
0.257 39.4454 -1.28961
0.258 39.4441 -1.28314
0.259 39.4428 -1.27667
0.26 39.4415 -1.27021
0.261 39.4403 -1.26375
0.262 39.439 -1.2573
0.263 39.4378 -1.25085
0.264 39.4365 -1.2444
0.265 39.4353 -1.23795
0.266 39.434 -1.23151
0.267 39.4328 -1.22507
0.268 39.4316 -1.21864
0.269 39.4304 -1.21221
0.27 39.4292 -1.20578
0.271 39.428 -1.19936
0.272 39.4268 -1.19294
0.273 39.4256 -1.18652
0.274 39.4244 -1.18011
0.275 39.4232 -1.1737
0.276 39.422 -1.16729
0.277 39.4209 -1.16089
0.278 39.4197 -1.15449
0.279 39.4186 -1.14809
0.28 39.4174 -1.1417
0.281 39.4163 -1.13531
0.282 39.4152 -1.12892
0.283 39.414 -1.12254
0.284 39.4129 -1.11616
0.285 39.4118 -1.10979
0.286 39.4107 -1.10341
0.287 39.4096 -1.09705
0.288 39.4085 -1.09068
0.289 39.4074 -1.08432
0.29 39.4063 -1.07796
0.291 39.4053 -1.07161
0.292 39.4042 -1.06526
0.293 39.4031 -1.05891
0.294 39.4021 -1.05256
0.295 39.401 -1.04622
0.296 39.4 -1.03989
0.297 39.3989 -1.03355
0.298 39.3979 -1.02722
0.299 39.3969 -1.0209
0.3 39.3959 -1.01457
0.301 39.3949 -1.00825
0.302 39.3939 -1.00194
0.303 39.3929 -0.995625
0.304 39.3919 -0.989316
0.305 39.3909 -0.983011
0.306 39.3899 -0.976709
0.307 39.3889 -0.97041
0.308 39.388 -0.964116
0.309 39.387 -0.957824
0.31 39.386 -0.951536
0.311 39.3851 -0.945252
0.312 39.3841 -0.938971
0.313 39.3832 -0.932694
0.314 39.3823 -0.92642
0.315 39.3814 -0.92015
0.316 39.3804 -0.913883
0.317 39.3795 -0.90762
0.318 39.3786 -0.90136
0.319 39.3777 -0.895104
0.32 39.3768 -0.888852
0.321 39.376 -0.882603
0.322 39.3751 -0.876357
0.323 39.3742 -0.870115
0.324 39.3733 -0.863877
0.325 39.3725 -0.857642
0.326 39.3716 -0.851411
0.327 39.3708 -0.845183
0.328 39.3699 -0.838959
0.329 39.3691 -0.832739
0.33 39.3683 -0.826522
0.331 39.3674 -0.820308
0.332 39.3666 -0.814098
0.333 39.3658 -0.807892
0.334 39.365 -0.801689
0.335 39.3642 -0.79549
0.336 39.3634 -0.789295
0.337 39.3626 -0.783103
0.338 39.3618 -0.776914
0.339 39.3611 -0.77073
0.34 39.3603 -0.764548
0.341 39.3595 -0.758371
0.342 39.3588 -0.752197
0.343 39.358 -0.746026
0.344 39.3573 -0.73986
0.345 39.3566 -0.733696
0.346 39.3558 -0.727537
0.347 39.3551 -0.721381
0.348 39.3544 -0.715228
0.349 39.3537 -0.709079
0.35 39.353 -0.702934
0.351 39.3523 -0.696793
0.352 39.3516 -0.690655
0.353 39.3509 -0.68452
0.354 39.3502 -0.678389
0.355 39.3495 -0.672262
0.356 39.3489 -0.666139
0.357 39.3482 -0.660019
0.358 39.3475 -0.653903
0.359 39.3469 -0.64779
0.36 39.3462 -0.641681
0.361 39.3456 -0.635576
0.362 39.345 -0.629474
0.363 39.3443 -0.623376
0.364 39.3437 -0.617282
0.365 39.3431 -0.611191
0.366 39.3425 -0.605104
0.367 39.3419 -0.59902
0.368 39.3413 -0.59294
0.369 39.3407 -0.586864
0.37 39.3401 -0.580792
0.371 39.3396 -0.574723
0.372 39.339 -0.568658
0.373 39.3384 -0.562596
0.374 39.3379 -0.556538
0.375 39.3373 -0.550484
0.376 39.3368 -0.544434
0.377 39.3362 -0.538387
0.378 39.3357 -0.532344
0.379 39.3352 -0.526304
0.38 39.3346 -0.520268
0.381 39.3341 -0.514236
0.382 39.3336 -0.508208
0.383 39.3331 -0.502183
0.384 39.3326 -0.496162
0.385 39.3321 -0.490145
0.386 39.3316 -0.484131
0.387 39.3311 -0.478121
0.388 39.3307 -0.472115
0.389 39.3302 -0.466113
0.39 39.3297 -0.460114
0.391 39.3293 -0.454119
0.392 39.3288 -0.448127
0.393 39.3284 -0.44214
0.394 39.3279 -0.436156
0.395 39.3275 -0.430176
0.396 39.3271 -0.424199
0.397 39.3267 -0.418227
0.398 39.3262 -0.412258
0.399 39.3258 -0.406292
0.4 39.3254 -0.400331
0.401 39.325 -0.394373
0.402 39.3246 -0.388419
0.403 39.3242 -0.382469
0.404 39.3239 -0.376522
0.405 39.3235 -0.370579
0.406 39.3231 -0.36464
0.407 39.3228 -0.358705
0.408 39.3224 -0.352774
0.409 39.3221 -0.346846
0.41 39.3217 -0.340922
0.411 39.3214 -0.335002
0.412 39.321 -0.329085
0.413 39.3207 -0.323173
0.414 39.3204 -0.317264
0.415 39.3201 -0.311359
0.416 39.3198 -0.305457
0.417 39.3195 -0.29956
0.418 39.3192 -0.293666
0.419 39.3189 -0.287776
0.42 39.3186 -0.28189
0.421 39.3183 -0.276008
0.422 39.3181 -0.270129
0.423 39.3178 -0.264254
0.424 39.3175 -0.258383
0.425 39.3173 -0.252516
0.426 39.317 -0.246653
0.427 39.3168 -0.240794
0.428 39.3165 -0.234938
0.429 39.3163 -0.229086
0.43 39.3161 -0.223238
0.431 39.3159 -0.217394
0.432 39.3156 -0.211554
0.433 39.3154 -0.205717
0.434 39.3152 -0.199885
0.435 39.315 -0.194056
0.436 39.3148 -0.188231
0.437 39.3147 -0.18241
0.438 39.3145 -0.176592
0.439 39.3143 -0.170779
0.44 39.3141 -0.164969
0.441 39.314 -0.159164
0.442 39.3138 -0.153362
0.443 39.3137 -0.147564
0.444 39.3135 -0.14177
0.445 39.3134 -0.13598
0.446 39.3133 -0.130193
0.447 39.3131 -0.124411
0.448 39.313 -0.118632
0.449 39.3129 -0.112858
0.45 39.3128 -0.107087
0.451 39.3127 -0.10132
0.452 39.3126 -0.0955572
0.453 39.3125 -0.0897982
0.454 39.3124 -0.084043
0.455 39.3123 -0.0782918
0.456 39.3122 -0.0725444
0.457 39.3122 -0.066801
0.458 39.3121 -0.0610615
0.459 39.312 -0.0553259
0.46 39.312 -0.0495943
0.461 39.3119 -0.0438666
0.462 39.3119 -0.0381428
0.463 39.3119 -0.0324229
0.464 39.3118 -0.026707
0.465 39.3118 -0.020995
0.466 39.3118 -0.015287
0.467 39.3118 -0.00958296
0.468 39.3118 -0.00388284
0.469 39.3118 0.00181331
0.47 39.3118 0.00750551
0.471 39.3118 0.0131937
0.472 39.3118 0.018878
0.473 39.3118 0.0245583
0.474 39.3119 0.0302346
0.475 39.3119 0.0359069
0.476 39.3119 0.0415753
0.477 39.312 0.0472396
0.478 39.312 0.0529
0.479 39.3121 0.0585564
0.48 39.3121 0.0642088
0.481 39.3122 0.0698572
0.482 39.3123 0.0755015
0.483 39.3124 0.0811419
0.484 39.3124 0.0867783
0.485 39.3125 0.0924106
0.486 39.3126 0.0980389
0.487 39.3127 0.103663
0.488 39.3128 0.109283
0.489 39.3129 0.1149
0.49 39.3131 0.120512
0.491 39.3132 0.12612
0.492 39.3133 0.131724
0.493 39.3135 0.137324
0.494 39.3136 0.14292
0.495 39.3137 0.148512
0.496 39.3139 0.1541
0.497 39.314 0.159684
0.498 39.3142 0.165264
0.499 39.3144 0.17084
0.5 39.3146 0.176411
0.501 39.3147 0.181979
0.502 39.3149 0.187542
0.503 39.3151 0.193102
0.504 39.3153 0.198657
0.505 39.3155 0.204208
0.506 39.3157 0.209755
0.507 39.3159 0.215298
0.508 39.3161 0.220837
0.509 39.3164 0.226372
0.51 39.3166 0.231903
0.511 39.3168 0.237429
0.512 39.3171 0.242952
0.513 39.3173 0.24847
0.514 39.3176 0.253984
0.515 39.3178 0.259494
0.516 39.3181 0.265
0.517 39.3184 0.270502
0.518 39.3186 0.276
0.519 39.3189 0.281493
0.52 39.3192 0.286983
0.521 39.3195 0.292468
0.522 39.3198 0.297949
0.523 39.3201 0.303426
0.524 39.3204 0.308898
0.525 39.3207 0.314367
0.526 39.321 0.319831
0.527 39.3213 0.325291
0.528 39.3217 0.330747
0.529 39.322 0.336199
0.53 39.3223 0.341647
0.531 39.3227 0.34709
0.532 39.323 0.352529
0.533 39.3234 0.357964
0.534 39.3237 0.363395
0.535 39.3241 0.368821
0.536 39.3245 0.374244
0.537 39.3249 0.379662
0.538 39.3252 0.385076
0.539 39.3256 0.390485
0.54 39.326 0.395891
0.541 39.3264 0.401292
0.542 39.3268 0.406689
0.543 39.3272 0.412081
0.544 39.3276 0.41747
0.545 39.3281 0.422854
0.546 39.3285 0.428234
0.547 39.3289 0.433609
0.548 39.3294 0.43898
0.549 39.3298 0.444348
0.55 39.3302 0.44971
0.551 39.3307 0.455069
0.552 39.3312 0.460423
0.553 39.3316 0.465773
0.554 39.3321 0.471118
0.555 39.3326 0.47646
0.556 39.333 0.481797
0.557 39.3335 0.487129
0.558 39.334 0.492457
0.559 39.3345 0.497781
0.56 39.335 0.503101
0.561 39.3355 0.508416
0.562 39.336 0.513727
0.563 39.3365 0.519034
0.564 39.3371 0.524336
0.565 39.3376 0.529634
0.566 39.3381 0.534928
0.567 39.3387 0.540217
0.568 39.3392 0.545502
0.569 39.3398 0.550782
0.57 39.3403 0.556058
0.571 39.3409 0.56133
0.572 39.3414 0.566597
0.573 39.342 0.57186
0.574 39.3426 0.577119
0.575 39.3432 0.582373
0.576 39.3437 0.587623
0.577 39.3443 0.592868
0.578 39.3449 0.598109
0.579 39.3455 0.603346
0.58 39.3461 0.608578
0.581 39.3467 0.613805
0.582 39.3474 0.619028
0.583 39.348 0.624247
0.584 39.3486 0.629461
0.585 39.3492 0.634671
0.586 39.3499 0.639877
0.587 39.3505 0.645078
0.588 39.3512 0.650274
0.589 39.3518 0.655466
0.59 39.3525 0.660654
0.591 39.3531 0.665837
0.592 39.3538 0.671015
0.593 39.3545 0.676189
0.594 39.3552 0.681359
0.595 39.3558 0.686524
0.596 39.3565 0.691684
0.597 39.3572 0.696841
0.598 39.3579 0.701992
0.599 39.3586 0.707139
0.6 39.3593 0.712282
0.601 39.3601 0.71742
0.602 39.3608 0.722553
0.603 39.3615 0.727682
0.604 39.3622 0.732806
0.605 39.363 0.737926
0.606 39.3637 0.743041
0.607 39.3645 0.748152
0.608 39.3652 0.753258
0.609 39.366 0.758359
0.61 39.3667 0.763456
0.611 39.3675 0.768549
0.612 39.3683 0.773636
0.613 39.369 0.778719
0.614 39.3698 0.783798
0.615 39.3706 0.788872
0.616 39.3714 0.793941
0.617 39.3722 0.799006
0.618 39.373 0.804066
0.619 39.3738 0.809121
0.62 39.3746 0.814172
0.621 39.3754 0.819218
0.622 39.3763 0.82426
0.623 39.3771 0.829297
0.624 39.3779 0.834329
0.625 39.3787 0.839356
0.626 39.3796 0.844379
0.627 39.3804 0.849398
0.628 39.3813 0.854411
0.629 39.3821 0.85942
0.63 39.383 0.864424
0.631 39.3839 0.869423
0.632 39.3847 0.874418
0.633 39.3856 0.879408
0.634 39.3865 0.884394
0.635 39.3874 0.889374
0.636 39.3883 0.89435
0.637 39.3892 0.899321
0.638 39.3901 0.904288
0.639 39.391 0.909249
0.64 39.3919 0.914206
0.641 39.3928 0.919158
0.642 39.3937 0.924106
0.643 39.3947 0.929048
0.644 39.3956 0.933986
0.645 39.3965 0.938919
0.646 39.3975 0.943848
0.647 39.3984 0.948771
0.648 39.3994 0.95369
0.649 39.4003 0.958604
0.65 39.4013 0.963513
0.651 39.4023 0.968417
0.652 39.4032 0.973316
0.653 39.4042 0.978211
0.654 39.4052 0.983101
0.655 39.4062 0.987986
0.656 39.4072 0.992866
0.657 39.4082 0.997741
0.658 39.4092 1.00261
0.659 39.4102 1.00748
0.66 39.4112 1.01234
0.661 39.4122 1.01719
0.662 39.4132 1.02204
0.663 39.4142 1.02689
0.664 39.4153 1.03173
0.665 39.4163 1.03657
0.666 39.4173 1.0414
0.667 39.4184 1.04623
0.668 39.4194 1.05105
0.669 39.4205 1.05586
0.67 39.4215 1.06068
0.671 39.4226 1.06548
0.672 39.4237 1.07028
0.673 39.4247 1.07508
0.674 39.4258 1.07987
0.675 39.4269 1.08466
0.676 39.428 1.08944
0.677 39.4291 1.09422
0.678 39.4302 1.09899
0.679 39.4313 1.10376
0.68 39.4324 1.10852
0.681 39.4335 1.11328
0.682 39.4346 1.11803
0.683 39.4357 1.12277
0.684 39.4369 1.12752
0.685 39.438 1.13225
0.686 39.4391 1.13698
0.687 39.4403 1.14171
0.688 39.4414 1.14643
0.689 39.4425 1.15115
0.69 39.4437 1.15586
0.691 39.4449 1.16057
0.692 39.446 1.16527
0.693 39.4472 1.16997
0.694 39.4484 1.17466
0.695 39.4495 1.17934
0.696 39.4507 1.18402
0.697 39.4519 1.1887
0.698 39.4531 1.19337
0.699 39.4543 1.19804
0.7 39.4555 1.2027
0.701 39.4567 1.20735
0.702 39.4579 1.212
0.703 39.4591 1.21665
0.704 39.4603 1.22129
0.705 39.4616 1.22592
0.706 39.4628 1.23055
0.707 39.464 1.23518
0.708 39.4653 1.2398
0.709 39.4665 1.24441
0.71 39.4678 1.24902
0.711 39.469 1.25362
0.712 39.4703 1.25822
0.713 39.4715 1.26281
0.714 39.4728 1.2674
0.715 39.4741 1.27199
0.716 39.4753 1.27656
0.717 39.4766 1.28114
0.718 39.4779 1.2857
0.719 39.4792 1.29026
0.72 39.4805 1.29482
0.721 39.4818 1.29937
0.722 39.4831 1.30392
0.723 39.4844 1.30846
0.724 39.4857 1.31299
0.725 39.487 1.31752
0.726 39.4883 1.32205
0.727 39.4896 1.32657
0.728 39.491 1.33108
0.729 39.4923 1.33559
0.73 39.4936 1.34009
0.731 39.495 1.34459
0.732 39.4963 1.34908
0.733 39.4977 1.35357
0.734 39.499 1.35805
0.735 39.5004 1.36253
0.736 39.5018 1.367
0.737 39.5031 1.37147
0.738 39.5045 1.37593
0.739 39.5059 1.38038
0.74 39.5073 1.38483
0.741 39.5087 1.38927
0.742 39.5101 1.39371
0.743 39.5114 1.39815
0.744 39.5128 1.40257
0.745 39.5143 1.407
0.746 39.5157 1.41141
0.747 39.5171 1.41582
0.748 39.5185 1.42023
0.749 39.5199 1.42463
0.75 39.5213 1.42902
0.751 39.5228 1.43341
0.752 39.5242 1.4378
0.753 39.5257 1.44217
0.754 39.5271 1.44655
0.755 39.5285 1.45091
0.756 39.53 1.45528
0.757 39.5315 1.45963
0.758 39.5329 1.46398
0.759 39.5344 1.46833
0.76 39.5359 1.47267
0.761 39.5373 1.477
0.762 39.5388 1.48133
0.763 39.5403 1.48565
0.764 39.5418 1.48997
0.765 39.5433 1.49428
0.766 39.5448 1.49858
0.767 39.5463 1.50288
0.768 39.5478 1.50718
0.769 39.5493 1.51147
0.77 39.5508 1.51575
0.771 39.5523 1.52003
0.772 39.5538 1.5243
0.773 39.5554 1.52856
0.774 39.5569 1.53282
0.775 39.5584 1.53708
0.776 39.56 1.54133
0.777 39.5615 1.54557
0.778 39.5631 1.54981
0.779 39.5646 1.55404
0.78 39.5662 1.55827
0.781 39.5677 1.56249
0.782 39.5693 1.5667
0.783 39.5709 1.57091
0.784 39.5724 1.57511
0.785 39.574 1.57931
0.786 39.5756 1.5835
0.787 39.5772 1.58768
0.788 39.5788 1.59186
0.789 39.5804 1.59604
0.79 39.582 1.6002
0.791 39.5836 1.60437
0.792 39.5852 1.60852
0.793 39.5868 1.61267
0.794 39.5884 1.61682
0.795 39.59 1.62096
0.796 39.5916 1.62509
0.797 39.5933 1.62921
0.798 39.5949 1.63334
0.799 39.5965 1.63745
0.8 39.5982 1.64156
0.801 39.5998 1.64566
0.802 39.6015 1.64976
0.803 39.6031 1.65385
0.804 39.6048 1.65794
0.805 39.6064 1.66201
0.806 39.6081 1.66609
0.807 39.6098 1.67015
0.808 39.6114 1.67422
0.809 39.6131 1.67827
0.81 39.6148 1.68232
0.811 39.6165 1.68636
0.812 39.6182 1.6904
0.813 39.6199 1.69443
0.814 39.6215 1.69846
0.815 39.6232 1.70247
0.816 39.625 1.70649
0.817 39.6267 1.71049
0.818 39.6284 1.71449
0.819 39.6301 1.71849
0.82 39.6318 1.72248
0.821 39.6335 1.72646
0.822 39.6353 1.73044
0.823 39.637 1.73441
0.824 39.6387 1.73837
0.825 39.6405 1.74233
0.826 39.6422 1.74628
0.827 39.644 1.75022
0.828 39.6457 1.75416
0.829 39.6475 1.7581
0.83 39.6492 1.76202
0.831 39.651 1.76594
0.832 39.6528 1.76986
0.833 39.6545 1.77376
0.834 39.6563 1.77767
0.835 39.6581 1.78156
0.836 39.6599 1.78545
0.837 39.6617 1.78933
0.838 39.6635 1.79321
0.839 39.6653 1.79708
0.84 39.6671 1.80094
0.841 39.6689 1.8048
0.842 39.6707 1.80865
0.843 39.6725 1.8125
0.844 39.6743 1.81634
0.845 39.6761 1.82017
0.846 39.6779 1.824
0.847 39.6798 1.82781
0.848 39.6816 1.83163
0.849 39.6834 1.83543
0.85 39.6853 1.83923
0.851 39.6871 1.84303
0.852 39.6889 1.84682
0.853 39.6908 1.8506
0.854 39.6926 1.85437
0.855 39.6945 1.85814
0.856 39.6964 1.8619
0.857 39.6982 1.86566
0.858 39.7001 1.8694
0.859 39.702 1.87315
0.86 39.7038 1.87688
0.861 39.7057 1.88061
0.862 39.7076 1.88433
0.863 39.7095 1.88805
0.864 39.7114 1.89176
0.865 39.7133 1.89546
0.866 39.7152 1.89916
0.867 39.7171 1.90285
0.868 39.719 1.90653
0.869 39.7209 1.91021
0.87 39.7228 1.91388
0.871 39.7247 1.91754
0.872 39.7266 1.92119
0.873 39.7285 1.92484
0.874 39.7305 1.92849
0.875 39.7324 1.93212
0.876 39.7343 1.93575
0.877 39.7363 1.93938
0.878 39.7382 1.94299
0.879 39.7402 1.9466
0.88 39.7421 1.95021
0.881 39.7441 1.9538
0.882 39.746 1.95739
0.883 39.748 1.96097
0.884 39.7499 1.96455
0.885 39.7519 1.96812
0.886 39.7539 1.97168
0.887 39.7558 1.97523
0.888 39.7578 1.97878
0.889 39.7598 1.98232
0.89 39.7618 1.98586
0.891 39.7638 1.98939
0.892 39.7658 1.99291
0.893 39.7678 1.99642
0.894 39.7698 1.99993
0.895 39.7718 2.00343
0.896 39.7738 2.00692
0.897 39.7758 2.01041
0.898 39.7778 2.01389
0.899 39.7798 2.01736
0.9 39.7818 2.02083
0.901 39.7838 2.02428
0.902 39.7859 2.02774
0.903 39.7879 2.03118
0.904 39.7899 2.03462
0.905 39.792 2.03805
0.906 39.794 2.04147
0.907 39.7961 2.04489
0.908 39.7981 2.0483
0.909 39.8002 2.0517
0.91 39.8022 2.05509
0.911 39.8043 2.05848
0.912 39.8063 2.06186
0.913 39.8084 2.06524
0.914 39.8105 2.0686
0.915 39.8125 2.07196
0.916 39.8146 2.07532
0.917 39.8167 2.07866
0.918 39.8188 2.082
0.919 39.8208 2.08533
0.92 39.8229 2.08865
0.921 39.825 2.09197
0.922 39.8271 2.09528
0.923 39.8292 2.09858
0.924 39.8313 2.10187
0.925 39.8334 2.10516
0.926 39.8355 2.10844
0.927 39.8376 2.11171
0.928 39.8397 2.11498
0.929 39.8419 2.11824
0.93 39.844 2.12149
0.931 39.8461 2.12473
0.932 39.8482 2.12797
0.933 39.8504 2.13119
0.934 39.8525 2.13442
0.935 39.8546 2.13763
0.936 39.8568 2.14084
0.937 39.8589 2.14403
0.938 39.861 2.14723
0.939 39.8632 2.15041
0.94 39.8654 2.15359
0.941 39.8675 2.15675
0.942 39.8697 2.15992
0.943 39.8718 2.16307
0.944 39.874 2.16622
0.945 39.8762 2.16935
0.946 39.8783 2.17249
0.947 39.8805 2.17561
0.948 39.8827 2.17873
0.949 39.8849 2.18183
0.95 39.887 2.18493
0.951 39.8892 2.18803
0.952 39.8914 2.19111
0.953 39.8936 2.19419
0.954 39.8958 2.19726
0.955 39.898 2.20032
0.956 39.9002 2.20338
0.957 39.9024 2.20643
0.958 39.9046 2.20947
0.959 39.9068 2.2125
0.96 39.909 2.21552
0.961 39.9113 2.21854
0.962 39.9135 2.22155
0.963 39.9157 2.22455
0.964 39.9179 2.22754
0.965 39.9202 2.23052
0.966 39.9224 2.2335
0.967 39.9246 2.23647
0.968 39.9269 2.23943
0.969 39.9291 2.24239
0.97 39.9314 2.24533
0.971 39.9336 2.24827
0.972 39.9358 2.2512
0.973 39.9381 2.25412
0.974 39.9404 2.25703
0.975 39.9426 2.25994
0.976 39.9449 2.26284
0.977 39.9471 2.26573
0.978 39.9494 2.26861
0.979 39.9517 2.27148
0.98 39.954 2.27435
0.981 39.9562 2.27721
0.982 39.9585 2.28006
0.983 39.9608 2.2829
0.984 39.9631 2.28573
0.985 39.9654 2.28856
0.986 39.9676 2.29138
0.987 39.9699 2.29419
0.988 39.9722 2.29699
0.989 39.9745 2.29978
0.99 39.9768 2.30256
0.991 39.9791 2.30534
0.992 39.9814 2.30811
0.993 39.9838 2.31087
0.994 39.9861 2.31362
0.995 39.9884 2.31636
0.996 39.9907 2.3191
0.997 39.993 2.32183
0.998 39.9953 2.32455
0.999 39.9977 2.32726
1 40 2.32996
0 40 -16.1823
0.001 39.9838 -16.1413
0.002 39.9677 -16.1003
0.003 39.9516 -16.0594
0.004 39.9356 -16.0185
0.005 39.9196 -15.9777
0.006 39.9036 -15.9369
0.007 39.8877 -15.8961
0.008 39.8719 -15.8553
0.009 39.856 -15.8146
0.01 39.8402 -15.7739
0.011 39.8245 -15.7332
0.012 39.8088 -15.6926
0.013 39.7931 -15.652
0.014 39.7775 -15.6114
0.015 39.7619 -15.5709
0.016 39.7463 -15.5304
0.017 39.7308 -15.4899
0.018 39.7153 -15.4495
0.019 39.6999 -15.4091
0.02 39.6845 -15.3687
0.021 39.6692 -15.3283
0.022 39.6539 -15.288
0.023 39.6386 -15.2478
0.024 39.6234 -15.2075
0.025 39.6082 -15.1673
0.026 39.593 -15.1271
0.027 39.5779 -15.0869
0.028 39.5629 -15.0468
0.029 39.5478 -15.0067
0.03 39.5328 -14.9667
0.031 39.5179 -14.9266
0.032 39.503 -14.8866
0.033 39.4881 -14.8467
0.034 39.4733 -14.8067
0.035 39.4585 -14.7668
0.036 39.4438 -14.7269
0.037 39.4291 -14.6871
0.038 39.4144 -14.6473
0.039 39.3998 -14.6075
0.04 39.3852 -14.5677
0.041 39.3706 -14.528
0.042 39.3561 -14.4883
0.043 39.3416 -14.4487
0.044 39.3272 -14.409
0.045 39.3128 -14.3694
0.046 39.2985 -14.3299
0.047 39.2842 -14.2903
0.048 39.2699 -14.2508
0.049 39.2557 -14.2113
0.05 39.2415 -14.1719
0.051 39.2273 -14.1325
0.052 39.2132 -14.0931
0.053 39.1991 -14.0537
0.054 39.1851 -14.0144
0.055 39.1711 -13.9751
0.056 39.1572 -13.9358
0.057 39.1432 -13.8966
0.058 39.1294 -13.8574
0.059 39.1155 -13.8182
0.06 39.1017 -13.7791
0.061 39.088 -13.74
0.062 39.0742 -13.7009
0.063 39.0606 -13.6618
0.064 39.0469 -13.6228
0.065 39.0333 -13.5838
0.066 39.0197 -13.5448
0.067 39.0062 -13.5059
0.068 38.9927 -13.467
0.069 38.9793 -13.4281
0.07 38.9659 -13.3893
0.071 38.9525 -13.3504
0.072 38.9392 -13.3117
0.073 38.9259 -13.2729
0.074 38.9126 -13.2342
0.075 38.8994 -13.1955
0.076 38.8862 -13.1568
0.077 38.8731 -13.1182
0.078 38.86 -13.0795
0.079 38.8469 -13.041
0.08 38.8339 -13.0024
0.081 38.8209 -12.9639
0.082 38.808 -12.9254
0.083 38.7951 -12.8869
0.084 38.7822 -12.8485
0.085 38.7694 -12.8101
0.086 38.7566 -12.7717
0.087 38.7439 -12.7333
0.088 38.7311 -12.695
0.089 38.7185 -12.6567
0.09 38.7058 -12.6185
0.091 38.6932 -12.5802
0.092 38.6807 -12.542
0.093 38.6681 -12.5039
0.094 38.6557 -12.4657
0.095 38.6432 -12.4276
0.096 38.6308 -12.3895
0.097 38.6184 -12.3514
0.098 38.6061 -12.3134
0.099 38.5938 -12.2754
0.1 38.5815 -12.2374
0.101 38.5693 -12.1995
0.102 38.5571 -12.1616
0.103 38.545 -12.1237
0.104 38.5329 -12.0858
0.105 38.5208 -12.048
0.106 38.5088 -12.0102
0.107 38.4968 -11.9724
0.108 38.4849 -11.9346
0.109 38.4729 -11.8969
0.11 38.4611 -11.8592
0.111 38.4492 -11.8216
0.112 38.4374 -11.7839
0.113 38.4257 -11.7463
0.114 38.4139 -11.7087
0.115 38.4022 -11.6712
0.116 38.3906 -11.6336
0.117 38.379 -11.5961
0.118 38.3674 -11.5587
0.119 38.3559 -11.5212
0.12 38.3444 -11.4838
0.121 38.3329 -11.4464
0.122 38.3215 -11.4091
0.123 38.3101 -11.3718
0.124 38.2987 -11.3344
0.125 38.2874 -11.2972
0.126 38.2761 -11.2599
0.127 38.2649 -11.2227
0.128 38.2537 -11.1855
0.129 38.2425 -11.1483
0.13 38.2314 -11.1112
0.131 38.2203 -11.0741
0.132 38.2092 -11.037
0.133 38.1982 -11
0.134 38.1872 -10.9629
0.135 38.1763 -10.9259
0.136 38.1654 -10.889
0.137 38.1545 -10.852
0.138 38.1437 -10.8151
0.139 38.1329 -10.7782
0.14 38.1221 -10.7413
0.141 38.1114 -10.7045
0.142 38.1007 -10.6677
0.143 38.0901 -10.6309
0.144 38.0794 -10.5941
0.145 38.0689 -10.5574
0.146 38.0583 -10.5207
0.147 38.0478 -10.484
0.148 38.0374 -10.4474
0.149 38.0269 -10.4108
0.15 38.0165 -10.3742
0.151 38.0062 -10.3376
0.152 37.9959 -10.3011
0.153 37.9856 -10.2645
0.154 37.9753 -10.228
0.155 37.9651 -10.1916
0.156 37.955 -10.1551
0.157 37.9448 -10.1187
0.158 37.9347 -10.0824
0.159 37.9247 -10.046
0.16 37.9146 -10.0097
0.161 37.9046 -9.97336
0.162 37.8947 -9.93708
0.163 37.8848 -9.90083
0.164 37.8749 -9.86461
0.165 37.865 -9.82841
0.166 37.8552 -9.79224
0.167 37.8454 -9.75609
0.168 37.8357 -9.71997
0.169 37.826 -9.68388
0.17 37.8163 -9.64781
0.171 37.8067 -9.61177
0.172 37.7971 -9.57575
0.173 37.7876 -9.53976
0.174 37.778 -9.5038
0.175 37.7686 -9.46786
0.176 37.7591 -9.43195
0.177 37.7497 -9.39606
0.178 37.7403 -9.3602
0.179 37.731 -9.32437
0.18 37.7217 -9.28856
0.181 37.7124 -9.25278
0.182 37.7032 -9.21702
0.183 37.694 -9.18129
0.184 37.6848 -9.14558
0.185 37.6757 -9.1099
0.186 37.6666 -9.07425
0.187 37.6575 -9.03862
0.188 37.6485 -9.00301
0.189 37.6395 -8.96744
0.19 37.6306 -8.93188
0.191 37.6216 -8.89636
0.192 37.6128 -8.86086
0.193 37.6039 -8.82538
0.194 37.5951 -8.78993
0.195 37.5863 -8.7545
0.196 37.5776 -8.7191
0.197 37.5689 -8.68373
0.198 37.5602 -8.64838
0.199 37.5516 -8.61306
0.2 37.543 -8.57776
0.201 37.5345 -8.54248
0.202 37.5259 -8.50723
0.203 37.5174 -8.47201
0.204 37.509 -8.43681
0.205 37.5006 -8.40164
0.206 37.4922 -8.36649
0.207 37.4838 -8.33137
0.208 37.4755 -8.29627
0.209 37.4672 -8.26119
0.21 37.459 -8.22614
0.211 37.4508 -8.19112
0.212 37.4426 -8.15612
0.213 37.4345 -8.12115
0.214 37.4264 -8.0862
0.215 37.4183 -8.05127
0.216 37.4103 -8.01637
0.217 37.4023 -7.9815
0.218 37.3943 -7.94665
0.219 37.3864 -7.91182
0.22 37.3785 -7.87702
0.221 37.3706 -7.84224
0.222 37.3628 -7.80749
0.223 37.355 -7.77276
0.224 37.3473 -7.73806
0.225 37.3395 -7.70338
0.226 37.3318 -7.66872
0.227 37.3242 -7.63409
0.228 37.3166 -7.59949
0.229 37.309 -7.56491
0.23 37.3015 -7.53035
0.231 37.2939 -7.49582
0.232 37.2865 -7.46131
0.233 37.279 -7.42683
0.234 37.2716 -7.39237
0.235 37.2642 -7.35793
0.236 37.2569 -7.32352
0.237 37.2496 -7.28913
0.238 37.2423 -7.25477
0.239 37.2351 -7.22043
0.24 37.2279 -7.18612
0.241 37.2207 -7.15182
0.242 37.2136 -7.11756
0.243 37.2065 -7.08331
0.244 37.1994 -7.0491
0.245 37.1924 -7.0149
0.246 37.1854 -6.98073
0.247 37.1784 -6.94658
0.248 37.1715 -6.91246
0.249 37.1646 -6.87836
0.25 37.1577 -6.84428
0.251 37.1509 -6.81023
0.252 37.1441 -6.7762
0.253 37.1373 -6.7422
0.254 37.1306 -6.70822
0.255 37.1239 -6.67426
0.256 37.1173 -6.64033
0.257 37.1106 -6.60642
0.258 37.1041 -6.57253
0.259 37.0975 -6.53867
0.26 37.091 -6.50483
0.261 37.0845 -6.47102
0.262 37.078 -6.43723
0.263 37.0716 -6.40346
0.264 37.0652 -6.36971
0.265 37.0589 -6.33599
0.266 37.0526 -6.30229
0.267 37.0463 -6.26862
0.268 37.04 -6.23497
0.269 37.0338 -6.20134
0.27 37.0276 -6.16774
0.271 37.0215 -6.13416
0.272 37.0153 -6.1006
0.273 37.0093 -6.06706
0.274 37.0032 -6.03355
0.275 36.9972 -6.00006
0.276 36.9912 -5.9666
0.277 36.9853 -5.93316
0.278 36.9793 -5.89974
0.279 36.9735 -5.86634
0.28 36.9676 -5.83297
0.281 36.9618 -5.79962
0.282 36.956 -5.7663
0.283 36.9503 -5.73299
0.284 36.9445 -5.69971
0.285 36.9389 -5.66646
0.286 36.9332 -5.63322
0.287 36.9276 -5.60001
0.288 36.922 -5.56682
0.289 36.9165 -5.53366
0.29 36.9109 -5.50051
0.291 36.9055 -5.4674
0.292 36.9 -5.4343
0.293 36.8946 -5.40122
0.294 36.8892 -5.36817
0.295 36.8839 -5.33515
0.296 36.8785 -5.30214
0.297 36.8733 -5.26916
0.298 36.868 -5.2362
0.299 36.8628 -5.20326
0.3 36.8576 -5.17035
0.301 36.8524 -5.13745
0.302 36.8473 -5.10458
0.303 36.8422 -5.07174
0.304 36.8372 -5.03891
0.305 36.8322 -5.00611
0.306 36.8272 -4.97333
0.307 36.8222 -4.94058
0.308 36.8173 -4.90784
0.309 36.8124 -4.87513
0.31 36.8075 -4.84244
0.311 36.8027 -4.80978
0.312 36.7979 -4.77713
0.313 36.7932 -4.74451
0.314 36.7884 -4.71191
0.315 36.7837 -4.67934
0.316 36.7791 -4.64678
0.317 36.7744 -4.61425
0.318 36.7698 -4.58174
0.319 36.7653 -4.54925
0.32 36.7607 -4.51679
0.321 36.7562 -4.48435
0.322 36.7518 -4.45193
0.323 36.7473 -4.41953
0.324 36.7429 -4.38715
0.325 36.7386 -4.3548
0.326 36.7342 -4.32247
0.327 36.7299 -4.29016
0.328 36.7256 -4.25787
0.329 36.7214 -4.22561
0.33 36.7172 -4.19336
0.331 36.713 -4.16114
0.332 36.7089 -4.12894
0.333 36.7048 -4.09677
0.334 36.7007 -4.06461
0.335 36.6966 -4.03248
0.336 36.6926 -4.00037
0.337 36.6886 -3.96828
0.338 36.6847 -3.93622
0.339 36.6808 -3.90417
0.34 36.6769 -3.87215
0.341 36.673 -3.84015
0.342 36.6692 -3.80817
0.343 36.6654 -3.77621
0.344 36.6616 -3.74428
0.345 36.6579 -3.71237
0.346 36.6542 -3.68048
0.347 36.6505 -3.64861
0.348 36.6469 -3.61676
0.349 36.6433 -3.58493
0.35 36.6397 -3.55313
0.351 36.6362 -3.52135
0.352 36.6327 -3.48959
0.353 36.6292 -3.45785
0.354 36.6258 -3.42614
0.355 36.6224 -3.39444
0.356 36.619 -3.36277
0.357 36.6156 -3.33112
0.358 36.6123 -3.29949
0.359 36.609 -3.26788
0.36 36.6058 -3.23629
0.361 36.6026 -3.20473
0.362 36.5994 -3.17319
0.363 36.5962 -3.14167
0.364 36.5931 -3.11017
0.365 36.59 -3.07869
0.366 36.5869 -3.04723
0.367 36.5839 -3.0158
0.368 36.5809 -2.98439
0.369 36.5779 -2.953
0.37 36.575 -2.92163
0.371 36.5721 -2.89028
0.372 36.5692 -2.85895
0.373 36.5664 -2.82765
0.374 36.5636 -2.79636
0.375 36.5608 -2.7651
0.376 36.558 -2.73386
0.377 36.5553 -2.70264
0.378 36.5526 -2.67144
0.379 36.55 -2.64027
0.38 36.5474 -2.60911
0.381 36.5448 -2.57798
0.382 36.5422 -2.54687
0.383 36.5397 -2.51578
0.384 36.5372 -2.48471
0.385 36.5347 -2.45366
0.386 36.5323 -2.42263
0.387 36.5299 -2.39163
0.388 36.5275 -2.36065
0.389 36.5251 -2.32968
0.39 36.5228 -2.29874
0.391 36.5205 -2.26782
0.392 36.5183 -2.23692
0.393 36.5161 -2.20605
0.394 36.5139 -2.17519
0.395 36.5117 -2.14436
0.396 36.5096 -2.11355
0.397 36.5075 -2.08275
0.398 36.5054 -2.05198
0.399 36.5034 -2.02123
0.4 36.5014 -1.99051
0.401 36.4994 -1.9598
0.402 36.4975 -1.92912
0.403 36.4955 -1.89845
0.404 36.4937 -1.86781
0.405 36.4918 -1.83719
0.406 36.49 -1.80659
0.407 36.4882 -1.77601
0.408 36.4864 -1.74545
0.409 36.4847 -1.71491
0.41 36.483 -1.6844
0.411 36.4813 -1.6539
0.412 36.4797 -1.62343
0.413 36.4781 -1.59298
0.414 36.4765 -1.56255
0.415 36.475 -1.53214
0.416 36.4734 -1.50175
0.417 36.472 -1.47138
0.418 36.4705 -1.44104
0.419 36.4691 -1.41071
0.42 36.4677 -1.38041
0.421 36.4663 -1.35012
0.422 36.465 -1.31986
0.423 36.4637 -1.28962
0.424 36.4624 -1.2594
0.425 36.4612 -1.2292
0.426 36.4599 -1.19903
0.427 36.4588 -1.16887
0.428 36.4576 -1.13874
0.429 36.4565 -1.10862
0.43 36.4554 -1.07853
0.431 36.4543 -1.04846
0.432 36.4533 -1.01841
0.433 36.4523 -0.988378
0.434 36.4513 -0.95837
0.435 36.4504 -0.928383
0.436 36.4495 -0.898416
0.437 36.4486 -0.868471
0.438 36.4477 -0.838547
0.439 36.4469 -0.808644
0.44 36.4461 -0.778762
0.441 36.4453 -0.748901
0.442 36.4446 -0.719061
0.443 36.4439 -0.689242
0.444 36.4432 -0.659445
0.445 36.4426 -0.629668
0.446 36.442 -0.599912
0.447 36.4414 -0.570178
0.448 36.4408 -0.540464
0.449 36.4403 -0.510772
0.45 36.4398 -0.4811
0.451 36.4393 -0.45145
0.452 36.4389 -0.42182
0.453 36.4385 -0.392212
0.454 36.4381 -0.362625
0.455 36.4378 -0.333059
0.456 36.4374 -0.303513
0.457 36.4372 -0.273989
0.458 36.4369 -0.244486
0.459 36.4367 -0.215004
0.46 36.4365 -0.185543
0.461 36.4363 -0.156103
0.462 36.4362 -0.126684
0.463 36.436 -0.0972866
0.464 36.436 -0.0679098
0.465 36.4359 -0.0385541
0.466 36.4359 -0.00921943
0.467 36.4359 0.0200942
0.468 36.4359 0.0493867
0.469 36.436 0.0786582
0.47 36.4361 0.107909
0.471 36.4362 0.137138
0.472 36.4364 0.166346
0.473 36.4365 0.195533
0.474 36.4368 0.224699
0.475 36.437 0.253844
0.476 36.4373 0.282968
0.477 36.4376 0.312071
0.478 36.4379 0.341153
0.479 36.4382 0.370214
0.48 36.4386 0.399253
0.481 36.439 0.428272
0.482 36.4395 0.457269
0.483 36.44 0.486245
0.484 36.4405 0.515201
0.485 36.441 0.544135
0.486 36.4415 0.573047
0.487 36.4421 0.601939
0.488 36.4427 0.63081
0.489 36.4434 0.659659
0.49 36.4441 0.688488
0.491 36.4448 0.717295
0.492 36.4455 0.746081
0.493 36.4463 0.774846
0.494 36.447 0.803589
0.495 36.4479 0.832312
0.496 36.4487 0.861013
0.497 36.4496 0.889693
0.498 36.4505 0.918352
0.499 36.4514 0.94699
0.5 36.4524 0.975606
0.501 36.4534 1.0042
0.502 36.4544 1.03278
0.503 36.4554 1.06133
0.504 36.4565 1.08986
0.505 36.4576 1.11837
0.506 36.4588 1.14686
0.507 36.4599 1.17533
0.508 36.4611 1.20377
0.509 36.4623 1.2322
0.51 36.4636 1.2606
0.511 36.4648 1.28899
0.512 36.4661 1.31735
0.513 36.4675 1.34569
0.514 36.4688 1.37401
0.515 36.4702 1.4023
0.516 36.4716 1.43058
0.517 36.4731 1.45883
0.518 36.4746 1.48707
0.519 36.4761 1.51528
0.52 36.4776 1.54347
0.521 36.4791 1.57164
0.522 36.4807 1.59979
0.523 36.4823 1.62791
0.524 36.484 1.65602
0.525 36.4857 1.6841
0.526 36.4874 1.71216
0.527 36.4891 1.7402
0.528 36.4908 1.76822
0.529 36.4926 1.79622
0.53 36.4944 1.82419
0.531 36.4963 1.85215
0.532 36.4981 1.88008
0.533 36.5 1.90799
0.534 36.502 1.93588
0.535 36.5039 1.96375
0.536 36.5059 1.9916
0.537 36.5079 2.01942
0.538 36.5099 2.04722
0.539 36.512 2.07501
0.54 36.5141 2.10277
0.541 36.5162 2.1305
0.542 36.5183 2.15822
0.543 36.5205 2.18592
0.544 36.5227 2.21359
0.545 36.5249 2.24124
0.546 36.5272 2.26887
0.547 36.5295 2.29648
0.548 36.5318 2.32406
0.549 36.5341 2.35163
0.55 36.5365 2.37917
0.551 36.5389 2.40669
0.552 36.5413 2.43419
0.553 36.5437 2.46167
0.554 36.5462 2.48912
0.555 36.5487 2.51656
0.556 36.5512 2.54397
0.557 36.5538 2.57136
0.558 36.5564 2.59873
0.559 36.559 2.62607
0.56 36.5616 2.65339
0.561 36.5643 2.6807
0.562 36.567 2.70798
0.563 36.5697 2.73523
0.564 36.5725 2.76247
0.565 36.5753 2.78968
0.566 36.5781 2.81687
0.567 36.5809 2.84404
0.568 36.5837 2.87119
0.569 36.5866 2.89831
0.57 36.5895 2.92542
0.571 36.5925 2.9525
0.572 36.5954 2.97956
0.573 36.5984 3.00659
0.574 36.6015 3.03361
0.575 36.6045 3.0606
0.576 36.6076 3.08757
0.577 36.6107 3.11451
0.578 36.6138 3.14144
0.579 36.617 3.16834
0.58 36.6201 3.19522
0.581 36.6234 3.22208
0.582 36.6266 3.24891
0.583 36.6299 3.27573
0.584 36.6331 3.30252
0.585 36.6365 3.32928
0.586 36.6398 3.35603
0.587 36.6432 3.38275
0.588 36.6466 3.40945
0.589 36.65 3.43613
0.59 36.6534 3.46278
0.591 36.6569 3.48942
0.592 36.6604 3.51603
0.593 36.6639 3.54261
0.594 36.6675 3.56918
0.595 36.6711 3.59572
0.596 36.6747 3.62224
0.597 36.6783 3.64873
0.598 36.682 3.6752
0.599 36.6857 3.70165
0.6 36.6894 3.72808
0.601 36.6931 3.75449
0.602 36.6969 3.78087
0.603 36.7007 3.80723
0.604 36.7045 3.83356
0.605 36.7084 3.85987
0.606 36.7122 3.88616
0.607 36.7161 3.91243
0.608 36.7201 3.93867
0.609 36.724 3.96489
0.61 36.728 3.99109
0.611 36.732 4.01726
0.612 36.736 4.04341
0.613 36.7401 4.06954
0.614 36.7442 4.09565
0.615 36.7483 4.12173
0.616 36.7524 4.14778
0.617 36.7566 4.17382
0.618 36.7608 4.19983
0.619 36.765 4.22582
0.62 36.7692 4.25178
0.621 36.7735 4.27772
0.622 36.7778 4.30364
0.623 36.7821 4.32953
0.624 36.7864 4.3554
0.625 36.7908 4.38125
0.626 36.7952 4.40707
0.627 36.7996 4.43287
0.628 36.804 4.45864
0.629 36.8085 4.48439
0.63 36.813 4.51012
0.631 36.8175 4.53583
0.632 36.8221 4.5615
0.633 36.8267 4.58716
0.634 36.8313 4.61279
0.635 36.8359 4.6384
0.636 36.8405 4.66399
0.637 36.8452 4.68955
0.638 36.8499 4.71508
0.639 36.8546 4.74059
0.64 36.8594 4.76608
0.641 36.8642 4.79155
0.642 36.869 4.81699
0.643 36.8738 4.8424
0.644 36.8787 4.86779
0.645 36.8835 4.89316
0.646 36.8885 4.9185
0.647 36.8934 4.94382
0.648 36.8983 4.96911
0.649 36.9033 4.99438
0.65 36.9083 5.01963
0.651 36.9134 5.04485
0.652 36.9184 5.07005
0.653 36.9235 5.09522
0.654 36.9286 5.12036
0.655 36.9337 5.14549
0.656 36.9389 5.17058
0.657 36.9441 5.19566
0.658 36.9493 5.2207
0.659 36.9545 5.24573
0.66 36.9598 5.27072
0.661 36.9651 5.2957
0.662 36.9704 5.32065
0.663 36.9757 5.34557
0.664 36.9811 5.37047
0.665 36.9865 5.39534
0.666 36.9919 5.42019
0.667 36.9973 5.44501
0.668 37.0027 5.46981
0.669 37.0082 5.49458
0.67 37.0137 5.51933
0.671 37.0193 5.54405
0.672 37.0248 5.56875
0.673 37.0304 5.59342
0.674 37.036 5.61806
0.675 37.0416 5.64268
0.676 37.0473 5.66728
0.677 37.053 5.69185
0.678 37.0587 5.71639
0.679 37.0644 5.74091
0.68 37.0702 5.7654
0.681 37.0759 5.78987
0.682 37.0817 5.81431
0.683 37.0876 5.83872
0.684 37.0934 5.86311
0.685 37.0993 5.88747
0.686 37.1052 5.91181
0.687 37.1111 5.93612
0.688 37.1171 5.96041
0.689 37.123 5.98466
0.69 37.129 6.0089
0.691 37.1351 6.0331
0.692 37.1411 6.05728
0.693 37.1472 6.08144
0.694 37.1533 6.10556
0.695 37.1594 6.12966
0.696 37.1655 6.15374
0.697 37.1717 6.17779
0.698 37.1779 6.20181
0.699 37.1841 6.2258
0.7 37.1903 6.24977
0.701 37.1966 6.27371
0.702 37.2029 6.29763
0.703 37.2092 6.32151
0.704 37.2155 6.34537
0.705 37.2219 6.36921
0.706 37.2283 6.39301
0.707 37.2347 6.41679
0.708 37.2411 6.44055
0.709 37.2475 6.46427
0.71 37.254 6.48797
0.711 37.2605 6.51164
0.712 37.267 6.53529
0.713 37.2736 6.5589
0.714 37.2802 6.58249
0.715 37.2868 6.60605
0.716 37.2934 6.62959
0.717 37.3 6.65309
0.718 37.3067 6.67657
0.719 37.3134 6.70002
0.72 37.3201 6.72345
0.721 37.3268 6.74684
0.722 37.3336 6.77021
0.723 37.3404 6.79355
0.724 37.3472 6.81686
0.725 37.354 6.84015
0.726 37.3608 6.8634
0.727 37.3677 6.88663
0.728 37.3746 6.90983
0.729 37.3815 6.933
0.73 37.3885 6.95615
0.731 37.3955 6.97926
0.732 37.4024 7.00235
0.733 37.4095 7.02541
0.734 37.4165 7.04844
0.735 37.4236 7.07144
0.736 37.4306 7.09441
0.737 37.4377 7.11735
0.738 37.4449 7.14027
0.739 37.452 7.16315
0.74 37.4592 7.18601
0.741 37.4664 7.20884
0.742 37.4736 7.23164
0.743 37.4809 7.25441
0.744 37.4881 7.27715
0.745 37.4954 7.29986
0.746 37.5027 7.32254
0.747 37.5101 7.34519
0.748 37.5174 7.36782
0.749 37.5248 7.39041
0.75 37.5322 7.41298
0.751 37.5396 7.43551
0.752 37.5471 7.45802
0.753 37.5545 7.48049
0.754 37.562 7.50294
0.755 37.5695 7.52535
0.756 37.5771 7.54774
0.757 37.5846 7.5701
0.758 37.5922 7.59242
0.759 37.5998 7.61472
0.76 37.6074 7.63698
0.761 37.6151 7.65922
0.762 37.6228 7.68143
0.763 37.6305 7.7036
0.764 37.6382 7.72575
0.765 37.6459 7.74786
0.766 37.6537 7.76994
0.767 37.6614 7.792
0.768 37.6693 7.81402
0.769 37.6771 7.83601
0.77 37.6849 7.85797
0.771 37.6928 7.8799
0.772 37.7007 7.9018
0.773 37.7086 7.92366
0.774 37.7165 7.9455
0.775 37.7245 7.96731
0.776 37.7325 7.98908
0.777 37.7405 8.01082
0.778 37.7485 8.03253
0.779 37.7565 8.05421
0.78 37.7646 8.07586
0.781 37.7727 8.09748
0.782 37.7808 8.11906
0.783 37.7889 8.14061
0.784 37.7971 8.16213
0.785 37.8052 8.18362
0.786 37.8134 8.20508
0.787 37.8217 8.2265
0.788 37.8299 8.2479
0.789 37.8382 8.26926
0.79 37.8464 8.29058
0.791 37.8547 8.31188
0.792 37.8631 8.33314
0.793 37.8714 8.35437
0.794 37.8798 8.37557
0.795 37.8881 8.39674
0.796 37.8966 8.41787
0.797 37.905 8.43897
0.798 37.9134 8.46004
0.799 37.9219 8.48107
0.8 37.9304 8.50207
0.801 37.9389 8.52304
0.802 37.9474 8.54397
0.803 37.956 8.56487
0.804 37.9646 8.58574
0.805 37.9732 8.60657
0.806 37.9818 8.62737
0.807 37.9904 8.64814
0.808 37.9991 8.66887
0.809 38.0078 8.68957
0.81 38.0165 8.71024
0.811 38.0252 8.73087
0.812 38.0339 8.75146
0.813 38.0427 8.77203
0.814 38.0515 8.79255
0.815 38.0603 8.81305
0.816 38.0691 8.83351
0.817 38.0779 8.85393
0.818 38.0868 8.87432
0.819 38.0957 8.89468
0.82 38.1046 8.915
0.821 38.1135 8.93529
0.822 38.1225 8.95554
0.823 38.1314 8.97576
0.824 38.1404 8.99594
0.825 38.1494 9.01608
0.826 38.1584 9.03619
0.827 38.1675 9.05627
0.828 38.1766 9.07631
0.829 38.1856 9.09631
0.83 38.1947 9.11628
0.831 38.2039 9.13622
0.832 38.213 9.15611
0.833 38.2222 9.17598
0.834 38.2314 9.1958
0.835 38.2406 9.21559
0.836 38.2498 9.23534
0.837 38.259 9.25506
0.838 38.2683 9.27474
0.839 38.2776 9.29439
0.84 38.2869 9.31399
0.841 38.2962 9.33356
0.842 38.3056 9.3531
0.843 38.3149 9.3726
0.844 38.3243 9.39206
0.845 38.3337 9.41148
0.846 38.3431 9.43087
0.847 38.3526 9.45021
0.848 38.362 9.46953
0.849 38.3715 9.4888
0.85 38.381 9.50804
0.851 38.3905 9.52724
0.852 38.4001 9.5464
0.853 38.4096 9.56552
0.854 38.4192 9.58461
0.855 38.4288 9.60366
0.856 38.4384 9.62267
0.857 38.448 9.64164
0.858 38.4577 9.66057
0.859 38.4674 9.67947
0.86 38.4771 9.69832
0.861 38.4868 9.71714
0.862 38.4965 9.73592
0.863 38.5062 9.75466
0.864 38.516 9.77336
0.865 38.5258 9.79202
0.866 38.5356 9.81065
0.867 38.5454 9.82923
0.868 38.5552 9.84778
0.869 38.5651 9.86628
0.87 38.575 9.88475
0.871 38.5849 9.90318
0.872 38.5948 9.92156
0.873 38.6047 9.93991
0.874 38.6147 9.95822
0.875 38.6246 9.97648
0.876 38.6346 9.99471
0.877 38.6446 10.0129
0.878 38.6546 10.031
0.879 38.6647 10.0492
0.88 38.6747 10.0672
0.881 38.6848 10.0852
0.882 38.6949 10.1032
0.883 38.705 10.1212
0.884 38.7151 10.1391
0.885 38.7253 10.1569
0.886 38.7355 10.1748
0.887 38.7456 10.1925
0.888 38.7558 10.2103
0.889 38.7661 10.228
0.89 38.7763 10.2456
0.891 38.7866 10.2632
0.892 38.7968 10.2808
0.893 38.8071 10.2983
0.894 38.8174 10.3158
0.895 38.8277 10.3333
0.896 38.8381 10.3507
0.897 38.8484 10.368
0.898 38.8588 10.3853
0.899 38.8692 10.4026
0.9 38.8796 10.4198
0.901 38.8901 10.437
0.902 38.9005 10.4542
0.903 38.911 10.4713
0.904 38.9214 10.4883
0.905 38.9319 10.5054
0.906 38.9425 10.5223
0.907 38.953 10.5393
0.908 38.9635 10.5561
0.909 38.9741 10.573
0.91 38.9847 10.5898
0.911 38.9953 10.6065
0.912 39.0059 10.6232
0.913 39.0165 10.6399
0.914 39.0272 10.6565
0.915 39.0378 10.6731
0.916 39.0485 10.6896
0.917 39.0592 10.7061
0.918 39.0699 10.7226
0.919 39.0807 10.739
0.92 39.0914 10.7553
0.921 39.1022 10.7716
0.922 39.113 10.7879
0.923 39.1238 10.8041
0.924 39.1346 10.8203
0.925 39.1454 10.8364
0.926 39.1562 10.8525
0.927 39.1671 10.8685
0.928 39.178 10.8845
0.929 39.1889 10.9004
0.93 39.1998 10.9163
0.931 39.2107 10.9321
0.932 39.2216 10.9479
0.933 39.2326 10.9637
0.934 39.2436 10.9794
0.935 39.2546 10.9951
0.936 39.2656 11.0107
0.937 39.2766 11.0262
0.938 39.2876 11.0418
0.939 39.2987 11.0572
0.94 39.3097 11.0726
0.941 39.3208 11.088
0.942 39.3319 11.1033
0.943 39.343 11.1186
0.944 39.3541 11.1338
0.945 39.3653 11.149
0.946 39.3764 11.1642
0.947 39.3876 11.1792
0.948 39.3988 11.1943
0.949 39.41 11.2093
0.95 39.4212 11.2242
0.951 39.4324 11.2391
0.952 39.4437 11.2539
0.953 39.455 11.2687
0.954 39.4662 11.2835
0.955 39.4775 11.2981
0.956 39.4888 11.3128
0.957 39.5001 11.3274
0.958 39.5115 11.3419
0.959 39.5228 11.3564
0.96 39.5342 11.3708
0.961 39.5456 11.3852
0.962 39.557 11.3996
0.963 39.5684 11.4139
0.964 39.5798 11.4281
0.965 39.5912 11.4423
0.966 39.6027 11.4564
0.967 39.6141 11.4705
0.968 39.6256 11.4845
0.969 39.6371 11.4985
0.97 39.6486 11.5124
0.971 39.6601 11.5263
0.972 39.6717 11.5401
0.973 39.6832 11.5539
0.974 39.6948 11.5676
0.975 39.7063 11.5813
0.976 39.7179 11.5949
0.977 39.7295 11.6084
0.978 39.7412 11.6219
0.979 39.7528 11.6354
0.98 39.7644 11.6488
0.981 39.7761 11.6621
0.982 39.7877 11.6754
0.983 39.7994 11.6887
0.984 39.8111 11.7019
0.985 39.8228 11.715
0.986 39.8346 11.7281
0.987 39.8463 11.7411
0.988 39.858 11.7541
0.989 39.8698 11.767
0.99 39.8816 11.7798
0.991 39.8934 11.7926
0.992 39.9052 11.8054
0.993 39.917 11.8181
0.994 39.9288 11.8307
0.995 39.9406 11.8433
0.996 39.9525 11.8558
0.997 39.9643 11.8683
0.998 39.9762 11.8807
0.999 39.9881 11.8931
1 40 11.9054
0 40 -71.4535
0.001 39.9287 -71.1998
0.002 39.8576 -70.947
0.003 39.7868 -70.6949
0.004 39.7162 -70.4435
0.005 39.6459 -70.1928
0.006 39.5758 -69.9429
0.007 39.506 -69.6938
0.008 39.4364 -69.4453
0.009 39.3671 -69.1976
0.01 39.298 -68.9506
0.011 39.2292 -68.7043
0.012 39.1606 -68.4588
0.013 39.0923 -68.2139
0.014 39.0242 -67.9698
0.015 38.9564 -67.7263
0.016 38.8888 -67.4836
0.017 38.8214 -67.2416
0.018 38.7543 -67.0003
0.019 38.6874 -66.7597
0.02 38.6207 -66.5197
0.021 38.5543 -66.2805
0.022 38.4882 -66.0419
0.023 38.4223 -65.8041
0.024 38.3566 -65.5669
0.025 38.2911 -65.3304
0.026 38.2259 -65.0946
0.027 38.1609 -64.8594
0.028 38.0962 -64.6249
0.029 38.0317 -64.3911
0.03 37.9674 -64.158
0.031 37.9034 -63.9255
0.032 37.8396 -63.6937
0.033 37.776 -63.4625
0.034 37.7126 -63.232
0.035 37.6495 -63.0022
0.036 37.5866 -62.773
0.037 37.524 -62.5444
0.038 37.4615 -62.3165
0.039 37.3993 -62.0892
0.04 37.3374 -61.8626
0.041 37.2756 -61.6366
0.042 37.2141 -61.4113
0.043 37.1528 -61.1866
0.044 37.0917 -60.9625
0.045 37.0309 -60.739
0.046 36.9702 -60.5162
0.047 36.9098 -60.2939
0.048 36.8497 -60.0723
0.049 36.7897 -59.8514
0.05 36.73 -59.631
0.051 36.6704 -59.4112
0.052 36.6111 -59.1921
0.053 36.552 -58.9735
0.054 36.4932 -58.7556
0.055 36.4345 -58.5383
0.056 36.3761 -58.3215
0.057 36.3179 -58.1054
0.058 36.2599 -57.8899
0.059 36.2021 -57.6749
0.06 36.1445 -57.4605
0.061 36.0872 -57.2468
0.062 36.03 -57.0336
0.063 35.9731 -56.821
0.064 35.9164 -56.6089
0.065 35.8599 -56.3975
0.066 35.8036 -56.1866
0.067 35.7475 -55.9763
0.068 35.6917 -55.7666
0.069 35.636 -55.5574
0.07 35.5805 -55.3488
0.071 35.5253 -55.1408
0.072 35.4703 -54.9333
0.073 35.4154 -54.7264
0.074 35.3608 -54.52
0.075 35.3064 -54.3142
0.076 35.2522 -54.109
0.077 35.1982 -53.9043
0.078 35.1444 -53.7001
0.079 35.0908 -53.4965
0.08 35.0374 -53.2934
0.081 34.9842 -53.0909
0.082 34.9312 -52.8889
0.083 34.8784 -52.6875
0.084 34.8258 -52.4865
0.085 34.7734 -52.2862
0.086 34.7212 -52.0863
0.087 34.6693 -51.887
0.088 34.6175 -51.6882
0.089 34.5659 -51.4899
0.09 34.5145 -51.2921
0.091 34.4633 -51.0949
0.092 34.4123 -50.8981
0.093 34.3615 -50.7019
0.094 34.3109 -50.5062
0.095 34.2605 -50.311
0.096 34.2103 -50.1164
0.097 34.1603 -49.9222
0.098 34.1104 -49.7285
0.099 34.0608 -49.5353
0.1 34.0114 -49.3427
0.101 33.9621 -49.1505
0.102 33.9131 -48.9588
0.103 33.8642 -48.7676
0.104 33.8155 -48.5769
0.105 33.767 -48.3867
0.106 33.7188 -48.197
0.107 33.6707 -48.0078
0.108 33.6227 -47.819
0.109 33.575 -47.6307
0.11 33.5275 -47.4429
0.111 33.4801 -47.2556
0.112 33.433 -47.0688
0.113 33.386 -46.8824
0.114 33.3392 -46.6965
0.115 33.2926 -46.5111
0.116 33.2462 -46.3261
0.117 33.1999 -46.1416
0.118 33.1539 -45.9576
0.119 33.108 -45.774
0.12 33.0623 -45.5909
0.121 33.0168 -45.4083
0.122 32.9715 -45.226
0.123 32.9264 -45.0443
0.124 32.8814 -44.863
0.125 32.8367 -44.6822
0.126 32.7921 -44.5018
0.127 32.7477 -44.3218
0.128 32.7034 -44.1423
0.129 32.6594 -43.9632
0.13 32.6155 -43.7846
0.131 32.5718 -43.6064
0.132 32.5283 -43.4286
0.133 32.485 -43.2513
0.134 32.4418 -43.0744
0.135 32.3988 -42.898
0.136 32.356 -42.7219
0.137 32.3134 -42.5463
0.138 32.2709 -42.3712
0.139 32.2286 -42.1964
0.14 32.1865 -42.0221
0.141 32.1446 -41.8482
0.142 32.1028 -41.6747
0.143 32.0612 -41.5016
0.144 32.0198 -41.3289
0.145 31.9786 -41.1567
0.146 31.9375 -40.9848
0.147 31.8966 -40.8134
0.148 31.8559 -40.6424
0.149 31.8153 -40.4718
0.15 31.7749 -40.3015
0.151 31.7347 -40.1317
0.152 31.6947 -39.9623
0.153 31.6548 -39.7933
0.154 31.6151 -39.6247
0.155 31.5755 -39.4564
0.156 31.5362 -39.2886
0.157 31.497 -39.1212
0.158 31.4579 -38.9541
0.159 31.419 -38.7875
0.16 31.3803 -38.6212
0.161 31.3418 -38.4553
0.162 31.3034 -38.2898
0.163 31.2652 -38.1247
0.164 31.2272 -37.9599
0.165 31.1893 -37.7956
0.166 31.1516 -37.6316
0.167 31.114 -37.4679
0.168 31.0767 -37.3047
0.169 31.0394 -37.1418
0.17 31.0024 -36.9793
0.171 30.9655 -36.8172
0.172 30.9287 -36.6554
0.173 30.8922 -36.494
0.174 30.8557 -36.333
0.175 30.8195 -36.1723
0.176 30.7834 -36.012
0.177 30.7475 -35.852
0.178 30.7117 -35.6924
0.179 30.6761 -35.5332
0.18 30.6406 -35.3743
0.181 30.6053 -35.2158
0.182 30.5702 -35.0576
0.183 30.5352 -34.8998
0.184 30.5004 -34.7423
0.185 30.4657 -34.5851
0.186 30.4312 -34.4283
0.187 30.3969 -34.2719
0.188 30.3627 -34.1157
0.189 30.3287 -33.96
0.19 30.2948 -33.8045
0.191 30.261 -33.6494
0.192 30.2275 -33.4947
0.193 30.1941 -33.3402
0.194 30.1608 -33.1862
0.195 30.1277 -33.0324
0.196 30.0947 -32.879
0.197 30.0619 -32.7258
0.198 30.0293 -32.5731
0.199 29.9968 -32.4206
0.2 29.9644 -32.2685
0.201 29.9322 -32.1167
0.202 29.9002 -31.9652
0.203 29.8683 -31.814
0.204 29.8366 -31.6632
0.205 29.805 -31.5126
0.206 29.7735 -31.3624
0.207 29.7423 -31.2125
0.208 29.7111 -31.0629
0.209 29.6801 -30.9136
0.21 29.6493 -30.7646
0.211 29.6186 -30.616
0.212 29.5881 -30.4676
0.213 29.5577 -30.3196
0.214 29.5274 -30.1718
0.215 29.4973 -30.0244
0.216 29.4674 -29.8772
0.217 29.4376 -29.7304
0.218 29.4079 -29.5838
0.219 29.3784 -29.4376
0.22 29.349 -29.2916
0.221 29.3198 -29.1459
0.222 29.2907 -29.0006
0.223 29.2618 -28.8555
0.224 29.233 -28.7107
0.225 29.2044 -28.5662
0.226 29.1759 -28.422
0.227 29.1476 -28.2781
0.228 29.1193 -28.1344
0.229 29.0913 -27.991
0.23 29.0634 -27.848
0.231 29.0356 -27.7052
0.232 29.008 -27.5627
0.233 28.9805 -27.4204
0.234 28.9531 -27.2785
0.235 28.9259 -27.1368
0.236 28.8988 -26.9954
0.237 28.8719 -26.8542
0.238 28.8451 -26.7133
0.239 28.8185 -26.5728
0.24 28.792 -26.4324
0.241 28.7656 -26.2924
0.242 28.7394 -26.1526
0.243 28.7133 -26.013
0.244 28.6874 -25.8738
0.245 28.6616 -25.7348
0.246 28.6359 -25.596
0.247 28.6104 -25.4576
0.248 28.585 -25.3193
0.249 28.5597 -25.1814
0.25 28.5346 -25.0437
0.251 28.5096 -24.9062
0.252 28.4848 -24.769
0.253 28.4601 -24.6321
0.254 28.4355 -24.4954
0.255 28.4111 -24.3589
0.256 28.3868 -24.2228
0.257 28.3627 -24.0868
0.258 28.3387 -23.9511
0.259 28.3148 -23.8157
0.26 28.291 -23.6805
0.261 28.2674 -23.5455
0.262 28.2439 -23.4108
0.263 28.2206 -23.2763
0.264 28.1974 -23.1421
0.265 28.1743 -23.0081
0.266 28.1514 -22.8743
0.267 28.1286 -22.7408
0.268 28.1059 -22.6075
0.269 28.0833 -22.4744
0.27 28.0609 -22.3416
0.271 28.0387 -22.209
0.272 28.0165 -22.0767
0.273 27.9945 -21.9445
0.274 27.9726 -21.8126
0.275 27.9509 -21.6809
0.276 27.9293 -21.5495
0.277 27.9078 -21.4183
0.278 27.8864 -21.2873
0.279 27.8652 -21.1565
0.28 27.8441 -21.0259
0.281 27.8232 -20.8956
0.282 27.8023 -20.7655
0.283 27.7816 -20.6356
0.284 27.7611 -20.5059
0.285 27.7406 -20.3765
0.286 27.7203 -20.2472
0.287 27.7001 -20.1182
0.288 27.6801 -19.9894
0.289 27.6601 -19.8607
0.29 27.6403 -19.7323
0.291 27.6207 -19.6042
0.292 27.6011 -19.4762
0.293 27.5817 -19.3484
0.294 27.5624 -19.2208
0.295 27.5433 -19.0935
0.296 27.5242 -18.9663
0.297 27.5053 -18.8394
0.298 27.4866 -18.7126
0.299 27.4679 -18.5861
0.3 27.4494 -18.4597
0.301 27.431 -18.3336
0.302 27.4127 -18.2076
0.303 27.3946 -18.0819
0.304 27.3766 -17.9563
0.305 27.3587 -17.831
0.306 27.3409 -17.7058
0.307 27.3233 -17.5808
0.308 27.3057 -17.4561
0.309 27.2883 -17.3315
0.31 27.2711 -17.2071
0.311 27.2539 -17.0829
0.312 27.2369 -16.9589
0.313 27.22 -16.835
0.314 27.2032 -16.7114
0.315 27.1866 -16.5879
0.316 27.1701 -16.4646
0.317 27.1537 -16.3415
0.318 27.1374 -16.2186
0.319 27.1212 -16.0959
0.32 27.1052 -15.9734
0.321 27.0893 -15.851
0.322 27.0735 -15.7288
0.323 27.0578 -15.6068
0.324 27.0423 -15.485
0.325 27.0269 -15.3633
0.326 27.0116 -15.2418
0.327 26.9964 -15.1205
0.328 26.9813 -14.9994
0.329 26.9664 -14.8784
0.33 26.9516 -14.7576
0.331 26.9369 -14.637
0.332 26.9223 -14.5165
0.333 26.9078 -14.3962
0.334 26.8935 -14.2761
0.335 26.8793 -14.1562
0.336 26.8652 -14.0364
0.337 26.8512 -13.9168
0.338 26.8373 -13.7973
0.339 26.8236 -13.678
0.34 26.81 -13.5589
0.341 26.7965 -13.4399
0.342 26.7831 -13.3211
0.343 26.7698 -13.2025
0.344 26.7567 -13.084
0.345 26.7437 -12.9656
0.346 26.7308 -12.8475
0.347 26.718 -12.7294
0.348 26.7053 -12.6116
0.349 26.6928 -12.4938
0.35 26.6803 -12.3763
0.351 26.668 -12.2589
0.352 26.6558 -12.1416
0.353 26.6437 -12.0245
0.354 26.6318 -11.9076
0.355 26.6199 -11.7908
0.356 26.6082 -11.6741
0.357 26.5966 -11.5576
0.358 26.5851 -11.4412
0.359 26.5737 -11.325
0.36 26.5624 -11.2089
0.361 26.5513 -11.093
0.362 26.5402 -10.9772
0.363 26.5293 -10.8616
0.364 26.5185 -10.7461
0.365 26.5078 -10.6307
0.366 26.4972 -10.5155
0.367 26.4868 -10.4004
0.368 26.4764 -10.2855
0.369 26.4662 -10.1707
0.37 26.4561 -10.056
0.371 26.4461 -9.94148
0.372 26.4362 -9.82708
0.373 26.4264 -9.71281
0.374 26.4168 -9.59869
0.375 26.4072 -9.48469
0.376 26.3978 -9.37082
0.377 26.3885 -9.25709
0.378 26.3793 -9.14349
0.379 26.3702 -9.03001
0.38 26.3612 -8.91667
0.381 26.3524 -8.80345
0.382 26.3436 -8.69036
0.383 26.335 -8.5774
0.384 26.3265 -8.46457
0.385 26.3181 -8.35186
0.386 26.3098 -8.23927
0.387 26.3016 -8.1268
0.388 26.2935 -8.01446
0.389 26.2856 -7.90225
0.39 26.2777 -7.79015
0.391 26.27 -7.67817
0.392 26.2624 -7.56632
0.393 26.2549 -7.45458
0.394 26.2475 -7.34296
0.395 26.2402 -7.23146
0.396 26.233 -7.12007
0.397 26.2259 -7.00881
0.398 26.219 -6.89765
0.399 26.2121 -6.78662
0.4 26.2054 -6.67569
0.401 26.1988 -6.56488
0.402 26.1923 -6.45419
0.403 26.1859 -6.3436
0.404 26.1796 -6.23313
0.405 26.1734 -6.12276
0.406 26.1673 -6.01251
0.407 26.1614 -5.90236
0.408 26.1555 -5.79233
0.409 26.1498 -5.6824
0.41 26.1442 -5.57258
0.411 26.1386 -5.46286
0.412 26.1332 -5.35326
0.413 26.1279 -5.24375
0.414 26.1228 -5.13435
0.415 26.1177 -5.02506
0.416 26.1127 -4.91586
0.417 26.1078 -4.80677
0.418 26.1031 -4.69778
0.419 26.0984 -4.5889
0.42 26.0939 -4.48011
0.421 26.0895 -4.37142
0.422 26.0852 -4.26283
0.423 26.081 -4.15434
0.424 26.0769 -4.04595
0.425 26.0729 -3.93766
0.426 26.069 -3.82946
0.427 26.0652 -3.72136
0.428 26.0615 -3.61335
0.429 26.058 -3.50544
0.43 26.0545 -3.39762
0.431 26.0512 -3.28989
0.432 26.048 -3.18226
0.433 26.0448 -3.07472
0.434 26.0418 -2.96727
0.435 26.0389 -2.85991
0.436 26.0361 -2.75265
0.437 26.0334 -2.64547
0.438 26.0308 -2.53838
0.439 26.0283 -2.43138
0.44 26.0259 -2.32446
0.441 26.0237 -2.21764
0.442 26.0215 -2.1109
0.443 26.0194 -2.00425
0.444 26.0175 -1.89768
0.445 26.0156 -1.7912
0.446 26.0139 -1.6848
0.447 26.0123 -1.57848
0.448 26.0107 -1.47225
0.449 26.0093 -1.3661
0.45 26.008 -1.26003
0.451 26.0068 -1.15405
0.452 26.0057 -1.04814
0.453 26.0047 -0.942316
0.454 26.0038 -0.836571
0.455 26.003 -0.730904
0.456 26.0024 -0.625316
0.457 26.0018 -0.519806
0.458 26.0013 -0.414374
0.459 26.001 -0.309018
0.46 26.0007 -0.203738
0.461 26.0005 -0.0985346
0.462 26.0005 0.00659398
0.463 26.0006 0.111648
0.464 26.0007 0.216628
0.465 26.001 0.321534
0.466 26.0014 0.426367
0.467 26.0018 0.531128
0.468 26.0024 0.635817
0.469 26.0031 0.740434
0.47 26.0039 0.84498
0.471 26.0048 0.949456
0.472 26.0058 1.05386
0.473 26.0069 1.1582
0.474 26.0081 1.26247
0.475 26.0094 1.36667
0.476 26.0109 1.4708
0.477 26.0124 1.57486
0.478 26.014 1.67886
0.479 26.0157 1.78279
0.48 26.0176 1.88666
0.481 26.0195 1.99046
0.482 26.0216 2.09419
0.483 26.0237 2.19786
0.484 26.026 2.30147
0.485 26.0283 2.40501
0.486 26.0308 2.50849
0.487 26.0333 2.61191
0.488 26.036 2.71527
0.489 26.0388 2.81856
0.49 26.0416 2.9218
0.491 26.0446 3.02497
0.492 26.0477 3.12808
0.493 26.0509 3.23114
0.494 26.0541 3.33413
0.495 26.0575 3.43707
0.496 26.061 3.53995
0.497 26.0646 3.64277
0.498 26.0683 3.74553
0.499 26.0721 3.84824
0.5 26.076 3.95088
0.501 26.08 4.05348
0.502 26.0841 4.15602
0.503 26.0883 4.2585
0.504 26.0926 4.36093
0.505 26.097 4.4633
0.506 26.1015 4.56562
0.507 26.1062 4.66789
0.508 26.1109 4.7701
0.509 26.1157 4.87226
0.51 26.1206 4.97437
0.511 26.1256 5.07643
0.512 26.1308 5.17844
0.513 26.136 5.28039
0.514 26.1413 5.3823
0.515 26.1468 5.48415
0.516 26.1523 5.58596
0.517 26.1579 5.68771
0.518 26.1637 5.78942
0.519 26.1695 5.89108
0.52 26.1755 5.99269
0.521 26.1815 6.09425
0.522 26.1877 6.19576
0.523 26.1939 6.29723
0.524 26.2002 6.39865
0.525 26.2067 6.50003
0.526 26.2132 6.60136
0.527 26.2199 6.70264
0.528 26.2267 6.80388
0.529 26.2335 6.90508
0.53 26.2405 7.00623
0.531 26.2475 7.10734
0.532 26.2547 7.2084
0.533 26.2619 7.30942
0.534 26.2693 7.41039
0.535 26.2768 7.51133
0.536 26.2843 7.61222
0.537 26.292 7.71307
0.538 26.2997 7.81388
0.539 26.3076 7.91465
0.54 26.3156 8.01537
0.541 26.3236 8.11606
0.542 26.3318 8.2167
0.543 26.3401 8.31731
0.544 26.3484 8.41788
0.545 26.3569 8.5184
0.546 26.3655 8.61889
0.547 26.3741 8.71934
0.548 26.3829 8.81975
0.549 26.3918 8.92013
0.55 26.4008 9.02046
0.551 26.4098 9.12076
0.552 26.419 9.22102
0.553 26.4283 9.32125
0.554 26.4376 9.42144
0.555 26.4471 9.52159
0.556 26.4567 9.6217
0.557 26.4664 9.72179
0.558 26.4761 9.82183
0.559 26.486 9.92184
0.56 26.496 10.0218
0.561 26.506 10.1218
0.562 26.5162 10.2217
0.563 26.5265 10.3215
0.564 26.5369 10.4214
0.565 26.5473 10.5212
0.566 26.5579 10.621
0.567 26.5686 10.7207
0.568 26.5793 10.8204
0.569 26.5902 10.9201
0.57 26.6012 11.0197
0.571 26.6122 11.1193
0.572 26.6234 11.2189
0.573 26.6347 11.3185
0.574 26.6461 11.418
0.575 26.6575 11.5175
0.576 26.6691 11.6169
0.577 26.6808 11.7163
0.578 26.6925 11.8157
0.579 26.7044 11.9151
0.58 26.7164 12.0144
0.581 26.7284 12.1137
0.582 26.7406 12.213
0.583 26.7528 12.3123
0.584 26.7652 12.4115
0.585 26.7777 12.5107
0.586 26.7902 12.6098
0.587 26.8029 12.709
0.588 26.8156 12.8081
0.589 26.8285 12.9071
0.59 26.8415 13.0062
0.591 26.8545 13.1052
0.592 26.8677 13.2042
0.593 26.8809 13.3032
0.594 26.8943 13.4021
0.595 26.9077 13.501
0.596 26.9213 13.5999
0.597 26.9349 13.6988
0.598 26.9487 13.7976
0.599 26.9625 13.8964
0.6 26.9765 13.9952
0.601 26.9905 14.0939
0.602 27.0047 14.1927
0.603 27.0189 14.2914
0.604 27.0332 14.39
0.605 27.0477 14.4887
0.606 27.0622 14.5873
0.607 27.0769 14.6859
0.608 27.0916 14.7845
0.609 27.1064 14.8831
0.61 27.1214 14.9816
0.611 27.1364 15.0801
0.612 27.1515 15.1786
0.613 27.1667 15.277
0.614 27.1821 15.3754
0.615 27.1975 15.4738
0.616 27.213 15.5722
0.617 27.2286 15.6706
0.618 27.2444 15.7689
0.619 27.2602 15.8672
0.62 27.2761 15.9655
0.621 27.2921 16.0638
0.622 27.3082 16.162
0.623 27.3244 16.2602
0.624 27.3407 16.3584
0.625 27.3571 16.4566
0.626 27.3737 16.5547
0.627 27.3903 16.6529
0.628 27.407 16.751
0.629 27.4238 16.849
0.63 27.4407 16.9471
0.631 27.4577 17.0451
0.632 27.4747 17.1431
0.633 27.4919 17.2411
0.634 27.5092 17.3391
0.635 27.5266 17.437
0.636 27.5441 17.5349
0.637 27.5617 17.6328
0.638 27.5794 17.7307
0.639 27.5971 17.8285
0.64 27.615 17.9264
0.641 27.633 18.0242
0.642 27.6511 18.1219
0.643 27.6692 18.2197
0.644 27.6875 18.3174
0.645 27.7059 18.4151
0.646 27.7243 18.5128
0.647 27.7429 18.6105
0.648 27.7616 18.7081
0.649 27.7803 18.8058
0.65 27.7992 18.9034
0.651 27.8181 19.0009
0.652 27.8372 19.0985
0.653 27.8563 19.196
0.654 27.8756 19.2935
0.655 27.8949 19.391
0.656 27.9144 19.4885
0.657 27.9339 19.5859
0.658 27.9535 19.6833
0.659 27.9733 19.7807
0.66 27.9931 19.8781
0.661 28.013 19.9754
0.662 28.033 20.0728
0.663 28.0532 20.1701
0.664 28.0734 20.2673
0.665 28.0937 20.3646
0.666 28.1141 20.4618
0.667 28.1346 20.559
0.668 28.1552 20.6562
0.669 28.1759 20.7534
0.67 28.1967 20.8505
0.671 28.2176 20.9476
0.672 28.2386 21.0447
0.673 28.2597 21.1418
0.674 28.2809 21.2388
0.675 28.3022 21.3358
0.676 28.3236 21.4328
0.677 28.3451 21.5298
0.678 28.3666 21.6267
0.679 28.3883 21.7236
0.68 28.4101 21.8205
0.681 28.432 21.9174
0.682 28.4539 22.0142
0.683 28.476 22.111
0.684 28.4981 22.2078
0.685 28.5204 22.3046
0.686 28.5428 22.4013
0.687 28.5652 22.498
0.688 28.5877 22.5947
0.689 28.6104 22.6913
0.69 28.6331 22.788
0.691 28.656 22.8846
0.692 28.6789 22.9812
0.693 28.7019 23.0777
0.694 28.7251 23.1742
0.695 28.7483 23.2707
0.696 28.7716 23.3672
0.697 28.795 23.4636
0.698 28.8185 23.56
0.699 28.8421 23.6564
0.7 28.8658 23.7527
0.701 28.8896 23.8491
0.702 28.9135 23.9453
0.703 28.9375 24.0416
0.704 28.9616 24.1378
0.705 28.9858 24.234
0.706 29.0101 24.3302
0.707 29.0345 24.4263
0.708 29.0589 24.5225
0.709 29.0835 24.6185
0.71 29.1082 24.7146
0.711 29.1329 24.8106
0.712 29.1578 24.9066
0.713 29.1828 25.0025
0.714 29.2078 25.0984
0.715 29.2329 25.1943
0.716 29.2582 25.2902
0.717 29.2835 25.386
0.718 29.309 25.4818
0.719 29.3345 25.5775
0.72 29.3601 25.6732
0.721 29.3858 25.7689
0.722 29.4117 25.8646
0.723 29.4376 25.9602
0.724 29.4636 26.0557
0.725 29.4897 26.1513
0.726 29.5159 26.2468
0.727 29.5422 26.3422
0.728 29.5686 26.4377
0.729 29.595 26.5331
0.73 29.6216 26.6284
0.731 29.6483 26.7237
0.732 29.6751 26.819
0.733 29.7019 26.9142
0.734 29.7289 27.0094
0.735 29.756 27.1046
0.736 29.7831 27.1997
0.737 29.8104 27.2948
0.738 29.8377 27.3898
0.739 29.8651 27.4848
0.74 29.8927 27.5797
0.741 29.9203 27.6746
0.742 29.948 27.7695
0.743 29.9758 27.8643
0.744 30.0038 27.9591
0.745 30.0318 28.0538
0.746 30.0599 28.1485
0.747 30.0881 28.2431
0.748 30.1163 28.3377
0.749 30.1447 28.4323
0.75 30.1732 28.5268
0.751 30.2018 28.6212
0.752 30.2305 28.7156
0.753 30.2592 28.81
0.754 30.2881 28.9043
0.755 30.317 28.9986
0.756 30.3461 29.0928
0.757 30.3752 29.1869
0.758 30.4044 29.281
0.759 30.4338 29.3751
0.76 30.4632 29.4691
0.761 30.4927 29.563
0.762 30.5223 29.6569
0.763 30.552 29.7508
0.764 30.5818 29.8446
0.765 30.6117 29.9383
0.766 30.6417 30.032
0.767 30.6718 30.1256
0.768 30.7019 30.2192
0.769 30.7322 30.3127
0.77 30.7626 30.4062
0.771 30.793 30.4996
0.772 30.8236 30.5929
0.773 30.8542 30.6862
0.774 30.8849 30.7794
0.775 30.9158 30.8725
0.776 30.9467 30.9656
0.777 30.9777 31.0587
0.778 31.0088 31.1516
0.779 31.04 31.2446
0.78 31.0713 31.3374
0.781 31.1027 31.4302
0.782 31.1342 31.5229
0.783 31.1657 31.6155
0.784 31.1974 31.7081
0.785 31.2291 31.8006
0.786 31.261 31.8931
0.787 31.2929 31.9855
0.788 31.325 32.0778
0.789 31.3571 32.17
0.79 31.3893 32.2622
0.791 31.4216 32.3543
0.792 31.454 32.4463
0.793 31.4865 32.5382
0.794 31.5191 32.6301
0.795 31.5518 32.7219
0.796 31.5845 32.8136
0.797 31.6174 32.9053
0.798 31.6503 32.9968
0.799 31.6834 33.0883
0.8 31.7165 33.1797
0.801 31.7497 33.2711
0.802 31.7831 33.3623
0.803 31.8165 33.4535
0.804 31.85 33.5446
0.805 31.8836 33.6356
0.806 31.9172 33.7265
0.807 31.951 33.8174
0.808 31.9849 33.9081
0.809 32.0188 33.9988
0.81 32.0529 34.0894
0.811 32.087 34.1799
0.812 32.1212 34.2703
0.813 32.1555 34.3606
0.814 32.19 34.4508
0.815 32.2244 34.5409
0.816 32.259 34.631
0.817 32.2937 34.7209
0.818 32.3285 34.8108
0.819 32.3633 34.9006
0.82 32.3983 34.9902
0.821 32.4333 35.0798
0.822 32.4684 35.1692
0.823 32.5036 35.2586
0.824 32.539 35.3479
0.825 32.5743 35.4371
0.826 32.6098 35.5261
0.827 32.6454 35.6151
0.828 32.6811 35.704
0.829 32.7168 35.7927
0.83 32.7526 35.8814
0.831 32.7886 35.9699
0.832 32.8246 36.0583
0.833 32.8607 36.1467
0.834 32.8969 36.2349
0.835 32.9332 36.323
0.836 32.9695 36.411
0.837 33.006 36.4989
0.838 33.0425 36.5866
0.839 33.0791 36.6743
0.84 33.1159 36.7618
0.841 33.1527 36.8492
0.842 33.1896 36.9365
0.843 33.2265 37.0237
0.844 33.2636 37.1108
0.845 33.3008 37.1977
0.846 33.338 37.2845
0.847 33.3753 37.3712
0.848 33.4128 37.4578
0.849 33.4503 37.5442
0.85 33.4878 37.6305
0.851 33.5255 37.7167
0.852 33.5633 37.8028
0.853 33.6011 37.8887
0.854 33.639 37.9745
0.855 33.6771 38.0601
0.856 33.7152 38.1457
0.857 33.7534 38.2311
0.858 33.7916 38.3163
0.859 33.83 38.4014
0.86 33.8684 38.4864
0.861 33.907 38.5712
0.862 33.9456 38.6559
0.863 33.9843 38.7405
0.864 34.0231 38.8249
0.865 34.0619 38.9091
0.866 34.1009 38.9932
0.867 34.1399 39.0772
0.868 34.179 39.161
0.869 34.2182 39.2446
0.87 34.2575 39.3281
0.871 34.2969 39.4115
0.872 34.3363 39.4947
0.873 34.3759 39.5777
0.874 34.4155 39.6606
0.875 34.4552 39.7433
0.876 34.495 39.8259
0.877 34.5349 39.9083
0.878 34.5748 39.9905
0.879 34.6148 40.0726
0.88 34.6549 40.1545
0.881 34.6951 40.2362
0.882 34.7354 40.3178
0.883 34.7758 40.3992
0.884 34.8162 40.4804
0.885 34.8567 40.5615
0.886 34.8973 40.6424
0.887 34.938 40.7231
0.888 34.9788 40.8036
0.889 35.0196 40.8839
0.89 35.0606 40.9641
0.891 35.1016 41.0441
0.892 35.1426 41.1239
0.893 35.1838 41.2035
0.894 35.225 41.2829
0.895 35.2664 41.3621
0.896 35.3078 41.4412
0.897 35.3493 41.52
0.898 35.3908 41.5987
0.899 35.4325 41.6772
0.9 35.4742 41.7554
0.901 35.516 41.8335
0.902 35.5578 41.9114
0.903 35.5998 41.989
0.904 35.6418 42.0665
0.905 35.6839 42.1438
0.906 35.7261 42.2208
0.907 35.7684 42.2977
0.908 35.8107 42.3743
0.909 35.8531 42.4507
0.91 35.8956 42.5269
0.911 35.9382 42.6029
0.912 35.9808 42.6787
0.913 36.0235 42.7543
0.914 36.0663 42.8296
0.915 36.1092 42.9047
0.916 36.1521 42.9796
0.917 36.1951 43.0543
0.918 36.2382 43.1288
0.919 36.2814 43.203
0.92 36.3246 43.277
0.921 36.3679 43.3507
0.922 36.4113 43.4242
0.923 36.4548 43.4975
0.924 36.4983 43.5706
0.925 36.5419 43.6434
0.926 36.5856 43.7159
0.927 36.6294 43.7883
0.928 36.6732 43.8603
0.929 36.7171 43.9322
0.93 36.7611 44.0038
0.931 36.8051 44.0751
0.932 36.8492 44.1462
0.933 36.8934 44.217
0.934 36.9376 44.2876
0.935 36.982 44.3579
0.936 37.0264 44.4279
0.937 37.0708 44.4977
0.938 37.1154 44.5672
0.939 37.16 44.6365
0.94 37.2046 44.7055
0.941 37.2494 44.7742
0.942 37.2942 44.8426
0.943 37.3391 44.9108
0.944 37.384 44.9787
0.945 37.429 45.0463
0.946 37.4741 45.1136
0.947 37.5192 45.1807
0.948 37.5644 45.2474
0.949 37.6097 45.3139
0.95 37.6551 45.3801
0.951 37.7005 45.446
0.952 37.746 45.5116
0.953 37.7915 45.5769
0.954 37.8371 45.6419
0.955 37.8828 45.7067
0.956 37.9285 45.7711
0.957 37.9743 45.8352
0.958 38.0202 45.899
0.959 38.0661 45.9625
0.96 38.1121 46.0257
0.961 38.1582 46.0885
0.962 38.2043 46.1511
0.963 38.2505 46.2133
0.964 38.2967 46.2753
0.965 38.343 46.3369
0.966 38.3894 46.3981
0.967 38.4358 46.4591
0.968 38.4823 46.5197
0.969 38.5289 46.58
0.97 38.5755 46.64
0.971 38.6222 46.6996
0.972 38.6689 46.7589
0.973 38.7157 46.8178
0.974 38.7625 46.8764
0.975 38.8094 46.9347
0.976 38.8564 46.9926
0.977 38.9034 47.0501
0.978 38.9505 47.1073
0.979 38.9976 47.1642
0.98 39.0448 47.2207
0.981 39.0921 47.2768
0.982 39.1394 47.3326
0.983 39.1867 47.388
0.984 39.2341 47.4431
0.985 39.2816 47.4978
0.986 39.3291 47.5521
0.987 39.3767 47.606
0.988 39.4244 47.6596
0.989 39.472 47.7128
0.99 39.5198 47.7655
0.991 39.5676 47.818
0.992 39.6154 47.87
0.993 39.6633 47.9216
0.994 39.7113 47.9729
0.995 39.7593 48.0237
0.996 39.8073 48.0742
0.997 39.8554 48.1242
0.998 39.9036 48.1739
0.999 39.9518 48.2232
1 40 48.272
