0 40 -71.4535
0.001 39.9287 -71.1998
0.002 39.8576 -70.947
0.003 39.7868 -70.6949
0.004 39.7162 -70.4435
0.005 39.6459 -70.1928
0.006 39.5758 -69.9429
0.007 39.506 -69.6938
0.008 39.4364 -69.4453
0.009 39.3671 -69.1976
0.01 39.298 -68.9506
0.011 39.2292 -68.7043
0.012 39.1606 -68.4588
0.013 39.0923 -68.2139
0.014 39.0242 -67.9698
0.015 38.9564 -67.7263
0.016 38.8888 -67.4836
0.017 38.8214 -67.2416
0.018 38.7543 -67.0003
0.019 38.6874 -66.7597
0.02 38.6207 -66.5197
0.021 38.5543 -66.2805
0.022 38.4882 -66.0419
0.023 38.4223 -65.8041
0.024 38.3566 -65.5669
0.025 38.2911 -65.3304
0.026 38.2259 -65.0946
0.027 38.1609 -64.8594
0.028 38.0962 -64.6249
0.029 38.0317 -64.3911
0.03 37.9674 -64.158
0.031 37.9034 -63.9255
0.032 37.8396 -63.6937
0.033 37.776 -63.4625
0.034 37.7126 -63.232
0.035 37.6495 -63.0022
0.036 37.5866 -62.773
0.037 37.524 -62.5444
0.038 37.4615 -62.3165
0.039 37.3993 -62.0892
0.04 37.3374 -61.8626
0.041 37.2756 -61.6366
0.042 37.2141 -61.4113
0.043 37.1528 -61.1866
0.044 37.0917 -60.9625
0.045 37.0309 -60.739
0.046 36.9702 -60.5162
0.047 36.9098 -60.2939
0.048 36.8497 -60.0723
0.049 36.7897 -59.8514
0.05 36.73 -59.631
0.051 36.6704 -59.4112
0.052 36.6111 -59.1921
0.053 36.552 -58.9735
0.054 36.4932 -58.7556
0.055 36.4345 -58.5383
0.056 36.3761 -58.3215
0.057 36.3179 -58.1054
0.058 36.2599 -57.8899
0.059 36.2021 -57.6749
0.06 36.1445 -57.4605
0.061 36.0872 -57.2468
0.062 36.03 -57.0336
0.063 35.9731 -56.821
0.064 35.9164 -56.6089
0.065 35.8599 -56.3975
0.066 35.8036 -56.1866
0.067 35.7475 -55.9763
0.068 35.6917 -55.7666
0.069 35.636 -55.5574
0.07 35.5805 -55.3488
0.071 35.5253 -55.1408
0.072 35.4703 -54.9333
0.073 35.4154 -54.7264
0.074 35.3608 -54.52
0.075 35.3064 -54.3142
0.076 35.2522 -54.109
0.077 35.1982 -53.9043
0.078 35.1444 -53.7001
0.079 35.0908 -53.4965
0.08 35.0374 -53.2934
0.081 34.9842 -53.0909
0.082 34.9312 -52.8889
0.083 34.8784 -52.6875
0.084 34.8258 -52.4865
0.085 34.7734 -52.2862
0.086 34.7212 -52.0863
0.087 34.6693 -51.887
0.088 34.6175 -51.6882
0.089 34.5659 -51.4899
0.09 34.5145 -51.2921
0.091 34.4633 -51.0949
0.092 34.4123 -50.8981
0.093 34.3615 -50.7019
0.094 34.3109 -50.5062
0.095 34.2605 -50.311
0.096 34.2103 -50.1164
0.097 34.1603 -49.9222
0.098 34.1104 -49.7285
0.099 34.0608 -49.5353
0.1 34.0114 -49.3427
0.101 33.9621 -49.1505
0.102 33.9131 -48.9588
0.103 33.8642 -48.7676
0.104 33.8155 -48.5769
0.105 33.767 -48.3867
0.106 33.7188 -48.197
0.107 33.6707 -48.0078
0.108 33.6227 -47.819
0.109 33.575 -47.6307
0.11 33.5275 -47.4429
0.111 33.4801 -47.2556
0.112 33.433 -47.0688
0.113 33.386 -46.8824
0.114 33.3392 -46.6965
0.115 33.2926 -46.5111
0.116 33.2462 -46.3261
0.117 33.1999 -46.1416
0.118 33.1539 -45.9576
0.119 33.108 -45.774
0.12 33.0623 -45.5909
0.121 33.0168 -45.4083
0.122 32.9715 -45.226
0.123 32.9264 -45.0443
0.124 32.8814 -44.863
0.125 32.8367 -44.6822
0.126 32.7921 -44.5018
0.127 32.7477 -44.3218
0.128 32.7034 -44.1423
0.129 32.6594 -43.9632
0.13 32.6155 -43.7846
0.131 32.5718 -43.6064
0.132 32.5283 -43.4286
0.133 32.485 -43.2513
0.134 32.4418 -43.0744
0.135 32.3988 -42.898
0.136 32.356 -42.7219
0.137 32.3134 -42.5463
0.138 32.2709 -42.3712
0.139 32.2286 -42.1964
0.14 32.1865 -42.0221
0.141 32.1446 -41.8482
0.142 32.1028 -41.6747
0.143 32.0612 -41.5016
0.144 32.0198 -41.3289
0.145 31.9786 -41.1567
0.146 31.9375 -40.9848
0.147 31.8966 -40.8134
0.148 31.8559 -40.6424
0.149 31.8153 -40.4718
0.15 31.7749 -40.3015
0.151 31.7347 -40.1317
0.152 31.6947 -39.9623
0.153 31.6548 -39.7933
0.154 31.6151 -39.6247
0.155 31.5755 -39.4564
0.156 31.5362 -39.2886
0.157 31.497 -39.1212
0.158 31.4579 -38.9541
0.159 31.419 -38.7875
0.16 31.3803 -38.6212
0.161 31.3418 -38.4553
0.162 31.3034 -38.2898
0.163 31.2652 -38.1247
0.164 31.2272 -37.9599
0.165 31.1893 -37.7956
0.166 31.1516 -37.6316
0.167 31.114 -37.4679
0.168 31.0767 -37.3047
0.169 31.0394 -37.1418
0.17 31.0024 -36.9793
0.171 30.9655 -36.8172
0.172 30.9287 -36.6554
0.173 30.8922 -36.494
0.174 30.8557 -36.333
0.175 30.8195 -36.1723
0.176 30.7834 -36.012
0.177 30.7475 -35.852
0.178 30.7117 -35.6924
0.179 30.6761 -35.5332
0.18 30.6406 -35.3743
0.181 30.6053 -35.2158
0.182 30.5702 -35.0576
0.183 30.5352 -34.8998
0.184 30.5004 -34.7423
0.185 30.4657 -34.5851
0.186 30.4312 -34.4283
0.187 30.3969 -34.2719
0.188 30.3627 -34.1157
0.189 30.3287 -33.96
0.19 30.2948 -33.8045
0.191 30.261 -33.6494
0.192 30.2275 -33.4947
0.193 30.1941 -33.3402
0.194 30.1608 -33.1862
0.195 30.1277 -33.0324
0.196 30.0947 -32.879
0.197 30.0619 -32.7258
0.198 30.0293 -32.5731
0.199 29.9968 -32.4206
0.2 29.9644 -32.2685
0.201 29.9322 -32.1167
0.202 29.9002 -31.9652
0.203 29.8683 -31.814
0.204 29.8366 -31.6632
0.205 29.805 -31.5126
0.206 29.7735 -31.3624
0.207 29.7423 -31.2125
0.208 29.7111 -31.0629
0.209 29.6801 -30.9136
0.21 29.6493 -30.7646
0.211 29.6186 -30.616
0.212 29.5881 -30.4676
0.213 29.5577 -30.3196
0.214 29.5274 -30.1718
0.215 29.4973 -30.0244
0.216 29.4674 -29.8772
0.217 29.4376 -29.7304
0.218 29.4079 -29.5838
0.219 29.3784 -29.4376
0.22 29.349 -29.2916
0.221 29.3198 -29.1459
0.222 29.2907 -29.0006
0.223 29.2618 -28.8555
0.224 29.233 -28.7107
0.225 29.2044 -28.5662
0.226 29.1759 -28.422
0.227 29.1476 -28.2781
0.228 29.1193 -28.1344
0.229 29.0913 -27.991
0.23 29.0634 -27.848
0.231 29.0356 -27.7052
0.232 29.008 -27.5627
0.233 28.9805 -27.4204
0.234 28.9531 -27.2785
0.235 28.9259 -27.1368
0.236 28.8988 -26.9954
0.237 28.8719 -26.8542
0.238 28.8451 -26.7133
0.239 28.8185 -26.5728
0.24 28.792 -26.4324
0.241 28.7656 -26.2924
0.242 28.7394 -26.1526
0.243 28.7133 -26.013
0.244 28.6874 -25.8738
0.245 28.6616 -25.7348
0.246 28.6359 -25.596
0.247 28.6104 -25.4576
0.248 28.585 -25.3193
0.249 28.5597 -25.1814
0.25 28.5346 -25.0437
0.251 28.5096 -24.9062
0.252 28.4848 -24.769
0.253 28.4601 -24.6321
0.254 28.4355 -24.4954
0.255 28.4111 -24.3589
0.256 28.3868 -24.2228
0.257 28.3627 -24.0868
0.258 28.3387 -23.9511
0.259 28.3148 -23.8157
0.26 28.291 -23.6805
0.261 28.2674 -23.5455
0.262 28.2439 -23.4108
0.263 28.2206 -23.2763
0.264 28.1974 -23.1421
0.265 28.1743 -23.0081
0.266 28.1514 -22.8743
0.267 28.1286 -22.7408
0.268 28.1059 -22.6075
0.269 28.0833 -22.4744
0.27 28.0609 -22.3416
0.271 28.0387 -22.209
0.272 28.0165 -22.0767
0.273 27.9945 -21.9445
0.274 27.9726 -21.8126
0.275 27.9509 -21.6809
0.276 27.9293 -21.5495
0.277 27.9078 -21.4183
0.278 27.8864 -21.2873
0.279 27.8652 -21.1565
0.28 27.8441 -21.0259
0.281 27.8232 -20.8956
0.282 27.8023 -20.7655
0.283 27.7816 -20.6356
0.284 27.7611 -20.5059
0.285 27.7406 -20.3765
0.286 27.7203 -20.2472
0.287 27.7001 -20.1182
0.288 27.6801 -19.9894
0.289 27.6601 -19.8607
0.29 27.6403 -19.7323
0.291 27.6207 -19.6042
0.292 27.6011 -19.4762
0.293 27.5817 -19.3484
0.294 27.5624 -19.2208
0.295 27.5433 -19.0935
0.296 27.5242 -18.9663
0.297 27.5053 -18.8394
0.298 27.4866 -18.7126
0.299 27.4679 -18.5861
0.3 27.4494 -18.4597
0.301 27.431 -18.3336
0.302 27.4127 -18.2076
0.303 27.3946 -18.0819
0.304 27.3766 -17.9563
0.305 27.3587 -17.831
0.306 27.3409 -17.7058
0.307 27.3233 -17.5808
0.308 27.3057 -17.4561
0.309 27.2883 -17.3315
0.31 27.2711 -17.2071
0.311 27.2539 -17.0829
0.312 27.2369 -16.9589
0.313 27.22 -16.835
0.314 27.2032 -16.7114
0.315 27.1866 -16.5879
0.316 27.1701 -16.4646
0.317 27.1537 -16.3415
0.318 27.1374 -16.2186
0.319 27.1212 -16.0959
0.32 27.1052 -15.9734
0.321 27.0893 -15.851
0.322 27.0735 -15.7288
0.323 27.0578 -15.6068
0.324 27.0423 -15.485
0.325 27.0269 -15.3633
0.326 27.0116 -15.2418
0.327 26.9964 -15.1205
0.328 26.9813 -14.9994
0.329 26.9664 -14.8784
0.33 26.9516 -14.7576
0.331 26.9369 -14.637
0.332 26.9223 -14.5165
0.333 26.9078 -14.3962
0.334 26.8935 -14.2761
0.335 26.8793 -14.1562
0.336 26.8652 -14.0364
0.337 26.8512 -13.9168
0.338 26.8373 -13.7973
0.339 26.8236 -13.678
0.34 26.81 -13.5589
0.341 26.7965 -13.4399
0.342 26.7831 -13.3211
0.343 26.7698 -13.2025
0.344 26.7567 -13.084
0.345 26.7437 -12.9656
0.346 26.7308 -12.8475
0.347 26.718 -12.7294
0.348 26.7053 -12.6116
0.349 26.6928 -12.4938
0.35 26.6803 -12.3763
0.351 26.668 -12.2589
0.352 26.6558 -12.1416
0.353 26.6437 -12.0245
0.354 26.6318 -11.9076
0.355 26.6199 -11.7908
0.356 26.6082 -11.6741
0.357 26.5966 -11.5576
0.358 26.5851 -11.4412
0.359 26.5737 -11.325
0.36 26.5624 -11.2089
0.361 26.5513 -11.093
0.362 26.5402 -10.9772
0.363 26.5293 -10.8616
0.364 26.5185 -10.7461
0.365 26.5078 -10.6307
0.366 26.4972 -10.5155
0.367 26.4868 -10.4004
0.368 26.4764 -10.2855
0.369 26.4662 -10.1707
0.37 26.4561 -10.056
0.371 26.4461 -9.94148
0.372 26.4362 -9.82708
0.373 26.4264 -9.71281
0.374 26.4168 -9.59869
0.375 26.4072 -9.48469
0.376 26.3978 -9.37082
0.377 26.3885 -9.25709
0.378 26.3793 -9.14349
0.379 26.3702 -9.03001
0.38 26.3612 -8.91667
0.381 26.3524 -8.80345
0.382 26.3436 -8.69036
0.383 26.335 -8.5774
0.384 26.3265 -8.46457
0.385 26.3181 -8.35186
0.386 26.3098 -8.23927
0.387 26.3016 -8.1268
0.388 26.2935 -8.01446
0.389 26.2856 -7.90225
0.39 26.2777 -7.79015
0.391 26.27 -7.67817
0.392 26.2624 -7.56632
0.393 26.2549 -7.45458
0.394 26.2475 -7.34296
0.395 26.2402 -7.23146
0.396 26.233 -7.12007
0.397 26.2259 -7.00881
0.398 26.219 -6.89765
0.399 26.2121 -6.78662
0.4 26.2054 -6.67569
0.401 26.1988 -6.56488
0.402 26.1923 -6.45419
0.403 26.1859 -6.3436
0.404 26.1796 -6.23313
0.405 26.1734 -6.12276
0.406 26.1673 -6.01251
0.407 26.1614 -5.90236
0.408 26.1555 -5.79233
0.409 26.1498 -5.6824
0.41 26.1442 -5.57258
0.411 26.1386 -5.46286
0.412 26.1332 -5.35326
0.413 26.1279 -5.24375
0.414 26.1228 -5.13435
0.415 26.1177 -5.02506
0.416 26.1127 -4.91586
0.417 26.1078 -4.80677
0.418 26.1031 -4.69778
0.419 26.0984 -4.5889
0.42 26.0939 -4.48011
0.421 26.0895 -4.37142
0.422 26.0852 -4.26283
0.423 26.081 -4.15434
0.424 26.0769 -4.04595
0.425 26.0729 -3.93766
0.426 26.069 -3.82946
0.427 26.0652 -3.72136
0.428 26.0615 -3.61335
0.429 26.058 -3.50544
0.43 26.0545 -3.39762
0.431 26.0512 -3.28989
0.432 26.048 -3.18226
0.433 26.0448 -3.07472
0.434 26.0418 -2.96727
0.435 26.0389 -2.85991
0.436 26.0361 -2.75265
0.437 26.0334 -2.64547
0.438 26.0308 -2.53838
0.439 26.0283 -2.43138
0.44 26.0259 -2.32446
0.441 26.0237 -2.21764
0.442 26.0215 -2.1109
0.443 26.0194 -2.00425
0.444 26.0175 -1.89768
0.445 26.0156 -1.7912
0.446 26.0139 -1.6848
0.447 26.0123 -1.57848
0.448 26.0107 -1.47225
0.449 26.0093 -1.3661
0.45 26.008 -1.26003
0.451 26.0068 -1.15405
0.452 26.0057 -1.04814
0.453 26.0047 -0.942316
0.454 26.0038 -0.836571
0.455 26.003 -0.730904
0.456 26.0024 -0.625316
0.457 26.0018 -0.519806
0.458 26.0013 -0.414374
0.459 26.001 -0.309018
0.46 26.0007 -0.203738
0.461 26.0005 -0.0985346
0.462 26.0005 0.00659398
0.463 26.0006 0.111648
0.464 26.0007 0.216628
0.465 26.001 0.321534
0.466 26.0014 0.426367
0.467 26.0018 0.531128
0.468 26.0024 0.635817
0.469 26.0031 0.740434
0.47 26.0039 0.84498
0.471 26.0048 0.949456
0.472 26.0058 1.05386
0.473 26.0069 1.1582
0.474 26.0081 1.26247
0.475 26.0094 1.36667
0.476 26.0109 1.4708
0.477 26.0124 1.57486
0.478 26.014 1.67886
0.479 26.0157 1.78279
0.48 26.0176 1.88666
0.481 26.0195 1.99046
0.482 26.0216 2.09419
0.483 26.0237 2.19786
0.484 26.026 2.30147
0.485 26.0283 2.40501
0.486 26.0308 2.50849
0.487 26.0333 2.61191
0.488 26.036 2.71527
0.489 26.0388 2.81856
0.49 26.0416 2.9218
0.491 26.0446 3.02497
0.492 26.0477 3.12808
0.493 26.0509 3.23114
0.494 26.0541 3.33413
0.495 26.0575 3.43707
0.496 26.061 3.53995
0.497 26.0646 3.64277
0.498 26.0683 3.74553
0.499 26.0721 3.84824
0.5 26.076 3.95088
0.501 26.08 4.05348
0.502 26.0841 4.15602
0.503 26.0883 4.2585
0.504 26.0926 4.36093
0.505 26.097 4.4633
0.506 26.1015 4.56562
0.507 26.1062 4.66789
0.508 26.1109 4.7701
0.509 26.1157 4.87226
0.51 26.1206 4.97437
0.511 26.1256 5.07643
0.512 26.1308 5.17844
0.513 26.136 5.28039
0.514 26.1413 5.3823
0.515 26.1468 5.48415
0.516 26.1523 5.58596
0.517 26.1579 5.68771
0.518 26.1637 5.78942
0.519 26.1695 5.89108
0.52 26.1755 5.99269
0.521 26.1815 6.09425
0.522 26.1877 6.19576
0.523 26.1939 6.29723
0.524 26.2002 6.39865
0.525 26.2067 6.50003
0.526 26.2132 6.60136
0.527 26.2199 6.70264
0.528 26.2267 6.80388
0.529 26.2335 6.90508
0.53 26.2405 7.00623
0.531 26.2475 7.10734
0.532 26.2547 7.2084
0.533 26.2619 7.30942
0.534 26.2693 7.41039
0.535 26.2768 7.51133
0.536 26.2843 7.61222
0.537 26.292 7.71307
0.538 26.2997 7.81388
0.539 26.3076 7.91465
0.54 26.3156 8.01537
0.541 26.3236 8.11606
0.542 26.3318 8.2167
0.543 26.3401 8.31731
0.544 26.3484 8.41788
0.545 26.3569 8.5184
0.546 26.3655 8.61889
0.547 26.3741 8.71934
0.548 26.3829 8.81975
0.549 26.3918 8.92013
0.55 26.4008 9.02046
0.551 26.4098 9.12076
0.552 26.419 9.22102
0.553 26.4283 9.32125
0.554 26.4376 9.42144
0.555 26.4471 9.52159
0.556 26.4567 9.6217
0.557 26.4664 9.72179
0.558 26.4761 9.82183
0.559 26.486 9.92184
0.56 26.496 10.0218
0.561 26.506 10.1218
0.562 26.5162 10.2217
0.563 26.5265 10.3215
0.564 26.5369 10.4214
0.565 26.5473 10.5212
0.566 26.5579 10.621
0.567 26.5686 10.7207
0.568 26.5793 10.8204
0.569 26.5902 10.9201
0.57 26.6012 11.0197
0.571 26.6122 11.1193
0.572 26.6234 11.2189
0.573 26.6347 11.3185
0.574 26.6461 11.418
0.575 26.6575 11.5175
0.576 26.6691 11.6169
0.577 26.6808 11.7163
0.578 26.6925 11.8157
0.579 26.7044 11.9151
0.58 26.7164 12.0144
0.581 26.7284 12.1137
0.582 26.7406 12.213
0.583 26.7528 12.3123
0.584 26.7652 12.4115
0.585 26.7777 12.5107
0.586 26.7902 12.6098
0.587 26.8029 12.709
0.588 26.8156 12.8081
0.589 26.8285 12.9071
0.59 26.8415 13.0062
0.591 26.8545 13.1052
0.592 26.8677 13.2042
0.593 26.8809 13.3032
0.594 26.8943 13.4021
0.595 26.9077 13.501
0.596 26.9213 13.5999
0.597 26.9349 13.6988
0.598 26.9487 13.7976
0.599 26.9625 13.8964
0.6 26.9765 13.9952
0.601 26.9905 14.0939
0.602 27.0047 14.1927
0.603 27.0189 14.2914
0.604 27.0332 14.39
0.605 27.0477 14.4887
0.606 27.0622 14.5873
0.607 27.0769 14.6859
0.608 27.0916 14.7845
0.609 27.1064 14.8831
0.61 27.1214 14.9816
0.611 27.1364 15.0801
0.612 27.1515 15.1786
0.613 27.1667 15.277
0.614 27.1821 15.3754
0.615 27.1975 15.4738
0.616 27.213 15.5722
0.617 27.2286 15.6706
0.618 27.2444 15.7689
0.619 27.2602 15.8672
0.62 27.2761 15.9655
0.621 27.2921 16.0638
0.622 27.3082 16.162
0.623 27.3244 16.2602
0.624 27.3407 16.3584
0.625 27.3571 16.4566
0.626 27.3737 16.5547
0.627 27.3903 16.6529
0.628 27.407 16.751
0.629 27.4238 16.849
0.63 27.4407 16.9471
0.631 27.4577 17.0451
0.632 27.4747 17.1431
0.633 27.4919 17.2411
0.634 27.5092 17.3391
0.635 27.5266 17.437
0.636 27.5441 17.5349
0.637 27.5617 17.6328
0.638 27.5794 17.7307
0.639 27.5971 17.8285
0.64 27.615 17.9264
0.641 27.633 18.0242
0.642 27.6511 18.1219
0.643 27.6692 18.2197
0.644 27.6875 18.3174
0.645 27.7059 18.4151
0.646 27.7243 18.5128
0.647 27.7429 18.6105
0.648 27.7616 18.7081
0.649 27.7803 18.8058
0.65 27.7992 18.9034
0.651 27.8181 19.0009
0.652 27.8372 19.0985
0.653 27.8563 19.196
0.654 27.8756 19.2935
0.655 27.8949 19.391
0.656 27.9144 19.4885
0.657 27.9339 19.5859
0.658 27.9535 19.6833
0.659 27.9733 19.7807
0.66 27.9931 19.8781
0.661 28.013 19.9754
0.662 28.033 20.0728
0.663 28.0532 20.1701
0.664 28.0734 20.2673
0.665 28.0937 20.3646
0.666 28.1141 20.4618
0.667 28.1346 20.559
0.668 28.1552 20.6562
0.669 28.1759 20.7534
0.67 28.1967 20.8505
0.671 28.2176 20.9476
0.672 28.2386 21.0447
0.673 28.2597 21.1418
0.674 28.2809 21.2388
0.675 28.3022 21.3358
0.676 28.3236 21.4328
0.677 28.3451 21.5298
0.678 28.3666 21.6267
0.679 28.3883 21.7236
0.68 28.4101 21.8205
0.681 28.432 21.9174
0.682 28.4539 22.0142
0.683 28.476 22.111
0.684 28.4981 22.2078
0.685 28.5204 22.3046
0.686 28.5428 22.4013
0.687 28.5652 22.498
0.688 28.5877 22.5947
0.689 28.6104 22.6913
0.69 28.6331 22.788
0.691 28.656 22.8846
0.692 28.6789 22.9812
0.693 28.7019 23.0777
0.694 28.7251 23.1742
0.695 28.7483 23.2707
0.696 28.7716 23.3672
0.697 28.795 23.4636
0.698 28.8185 23.56
0.699 28.8421 23.6564
0.7 28.8658 23.7527
0.701 28.8896 23.8491
0.702 28.9135 23.9453
0.703 28.9375 24.0416
0.704 28.9616 24.1378
0.705 28.9858 24.234
0.706 29.0101 24.3302
0.707 29.0345 24.4263
0.708 29.0589 24.5225
0.709 29.0835 24.6185
0.71 29.1082 24.7146
0.711 29.1329 24.8106
0.712 29.1578 24.9066
0.713 29.1828 25.0025
0.714 29.2078 25.0984
0.715 29.2329 25.1943
0.716 29.2582 25.2902
0.717 29.2835 25.386
0.718 29.309 25.4818
0.719 29.3345 25.5775
0.72 29.3601 25.6732
0.721 29.3858 25.7689
0.722 29.4117 25.8646
0.723 29.4376 25.9602
0.724 29.4636 26.0557
0.725 29.4897 26.1513
0.726 29.5159 26.2468
0.727 29.5422 26.3422
0.728 29.5686 26.4377
0.729 29.595 26.5331
0.73 29.6216 26.6284
0.731 29.6483 26.7237
0.732 29.6751 26.819
0.733 29.7019 26.9142
0.734 29.7289 27.0094
0.735 29.756 27.1046
0.736 29.7831 27.1997
0.737 29.8104 27.2948
0.738 29.8377 27.3898
0.739 29.8651 27.4848
0.74 29.8927 27.5797
0.741 29.9203 27.6746
0.742 29.948 27.7695
0.743 29.9758 27.8643
0.744 30.0038 27.9591
0.745 30.0318 28.0538
0.746 30.0599 28.1485
0.747 30.0881 28.2431
0.748 30.1163 28.3377
0.749 30.1447 28.4323
0.75 30.1732 28.5268
0.751 30.2018 28.6212
0.752 30.2305 28.7156
0.753 30.2592 28.81
0.754 30.2881 28.9043
0.755 30.317 28.9986
0.756 30.3461 29.0928
0.757 30.3752 29.1869
0.758 30.4044 29.281
0.759 30.4338 29.3751
0.76 30.4632 29.4691
0.761 30.4927 29.563
0.762 30.5223 29.6569
0.763 30.552 29.7508
0.764 30.5818 29.8446
0.765 30.6117 29.9383
0.766 30.6417 30.032
0.767 30.6718 30.1256
0.768 30.7019 30.2192
0.769 30.7322 30.3127
0.77 30.7626 30.4062
0.771 30.793 30.4996
0.772 30.8236 30.5929
0.773 30.8542 30.6862
0.774 30.8849 30.7794
0.775 30.9158 30.8725
0.776 30.9467 30.9656
0.777 30.9777 31.0587
0.778 31.0088 31.1516
0.779 31.04 31.2446
0.78 31.0713 31.3374
0.781 31.1027 31.4302
0.782 31.1342 31.5229
0.783 31.1657 31.6155
0.784 31.1974 31.7081
0.785 31.2291 31.8006
0.786 31.261 31.8931
0.787 31.2929 31.9855
0.788 31.325 32.0778
0.789 31.3571 32.17
0.79 31.3893 32.2622
0.791 31.4216 32.3543
0.792 31.454 32.4463
0.793 31.4865 32.5382
0.794 31.5191 32.6301
0.795 31.5518 32.7219
0.796 31.5845 32.8136
0.797 31.6174 32.9053
0.798 31.6503 32.9968
0.799 31.6834 33.0883
0.8 31.7165 33.1797
0.801 31.7497 33.2711
0.802 31.7831 33.3623
0.803 31.8165 33.4535
0.804 31.85 33.5446
0.805 31.8836 33.6356
0.806 31.9172 33.7265
0.807 31.951 33.8174
0.808 31.9849 33.9081
0.809 32.0188 33.9988
0.81 32.0529 34.0894
0.811 32.087 34.1799
0.812 32.1212 34.2703
0.813 32.1555 34.3606
0.814 32.19 34.4508
0.815 32.2244 34.5409
0.816 32.259 34.631
0.817 32.2937 34.7209
0.818 32.3285 34.8108
0.819 32.3633 34.9006
0.82 32.3983 34.9902
0.821 32.4333 35.0798
0.822 32.4684 35.1692
0.823 32.5036 35.2586
0.824 32.539 35.3479
0.825 32.5743 35.4371
0.826 32.6098 35.5261
0.827 32.6454 35.6151
0.828 32.6811 35.704
0.829 32.7168 35.7927
0.83 32.7526 35.8814
0.831 32.7886 35.9699
0.832 32.8246 36.0583
0.833 32.8607 36.1467
0.834 32.8969 36.2349
0.835 32.9332 36.323
0.836 32.9695 36.411
0.837 33.006 36.4989
0.838 33.0425 36.5866
0.839 33.0791 36.6743
0.84 33.1159 36.7618
0.841 33.1527 36.8492
0.842 33.1896 36.9365
0.843 33.2265 37.0237
0.844 33.2636 37.1108
0.845 33.3008 37.1977
0.846 33.338 37.2845
0.847 33.3753 37.3712
0.848 33.4128 37.4578
0.849 33.4503 37.5442
0.85 33.4878 37.6305
0.851 33.5255 37.7167
0.852 33.5633 37.8028
0.853 33.6011 37.8887
0.854 33.639 37.9745
0.855 33.6771 38.0601
0.856 33.7152 38.1457
0.857 33.7534 38.2311
0.858 33.7916 38.3163
0.859 33.83 38.4014
0.86 33.8684 38.4864
0.861 33.907 38.5712
0.862 33.9456 38.6559
0.863 33.9843 38.7405
0.864 34.0231 38.8249
0.865 34.0619 38.9091
0.866 34.1009 38.9932
0.867 34.1399 39.0772
0.868 34.179 39.161
0.869 34.2182 39.2446
0.87 34.2575 39.3281
0.871 34.2969 39.4115
0.872 34.3363 39.4947
0.873 34.3759 39.5777
0.874 34.4155 39.6606
0.875 34.4552 39.7433
0.876 34.495 39.8259
0.877 34.5349 39.9083
0.878 34.5748 39.9905
0.879 34.6148 40.0726
0.88 34.6549 40.1545
0.881 34.6951 40.2362
0.882 34.7354 40.3178
0.883 34.7758 40.3992
0.884 34.8162 40.4804
0.885 34.8567 40.5615
0.886 34.8973 40.6424
0.887 34.938 40.7231
0.888 34.9788 40.8036
0.889 35.0196 40.8839
0.89 35.0606 40.9641
0.891 35.1016 41.0441
0.892 35.1426 41.1239
0.893 35.1838 41.2035
0.894 35.225 41.2829
0.895 35.2664 41.3621
0.896 35.3078 41.4412
0.897 35.3493 41.52
0.898 35.3908 41.5987
0.899 35.4325 41.6772
0.9 35.4742 41.7554
0.901 35.516 41.8335
0.902 35.5578 41.9114
0.903 35.5998 41.989
0.904 35.6418 42.0665
0.905 35.6839 42.1438
0.906 35.7261 42.2208
0.907 35.7684 42.2977
0.908 35.8107 42.3743
0.909 35.8531 42.4507
0.91 35.8956 42.5269
0.911 35.9382 42.6029
0.912 35.9808 42.6787
0.913 36.0235 42.7543
0.914 36.0663 42.8296
0.915 36.1092 42.9047
0.916 36.1521 42.9796
0.917 36.1951 43.0543
0.918 36.2382 43.1288
0.919 36.2814 43.203
0.92 36.3246 43.277
0.921 36.3679 43.3507
0.922 36.4113 43.4242
0.923 36.4548 43.4975
0.924 36.4983 43.5706
0.925 36.5419 43.6434
0.926 36.5856 43.7159
0.927 36.6294 43.7883
0.928 36.6732 43.8603
0.929 36.7171 43.9322
0.93 36.7611 44.0038
0.931 36.8051 44.0751
0.932 36.8492 44.1462
0.933 36.8934 44.217
0.934 36.9376 44.2876
0.935 36.982 44.3579
0.936 37.0264 44.4279
0.937 37.0708 44.4977
0.938 37.1154 44.5672
0.939 37.16 44.6365
0.94 37.2046 44.7055
0.941 37.2494 44.7742
0.942 37.2942 44.8426
0.943 37.3391 44.9108
0.944 37.384 44.9787
0.945 37.429 45.0463
0.946 37.4741 45.1136
0.947 37.5192 45.1807
0.948 37.5644 45.2474
0.949 37.6097 45.3139
0.95 37.6551 45.3801
0.951 37.7005 45.446
0.952 37.746 45.5116
0.953 37.7915 45.5769
0.954 37.8371 45.6419
0.955 37.8828 45.7067
0.956 37.9285 45.7711
0.957 37.9743 45.8352
0.958 38.0202 45.899
0.959 38.0661 45.9625
0.96 38.1121 46.0257
0.961 38.1582 46.0885
0.962 38.2043 46.1511
0.963 38.2505 46.2133
0.964 38.2967 46.2753
0.965 38.343 46.3369
0.966 38.3894 46.3981
0.967 38.4358 46.4591
0.968 38.4823 46.5197
0.969 38.5289 46.58
0.97 38.5755 46.64
0.971 38.6222 46.6996
0.972 38.6689 46.7589
0.973 38.7157 46.8178
0.974 38.7625 46.8764
0.975 38.8094 46.9347
0.976 38.8564 46.9926
0.977 38.9034 47.0501
0.978 38.9505 47.1073
0.979 38.9976 47.1642
0.98 39.0448 47.2207
0.981 39.0921 47.2768
0.982 39.1394 47.3326
0.983 39.1867 47.388
0.984 39.2341 47.4431
0.985 39.2816 47.4978
0.986 39.3291 47.5521
0.987 39.3767 47.606
0.988 39.4244 47.6596
0.989 39.472 47.7128
0.99 39.5198 47.7655
0.991 39.5676 47.818
0.992 39.6154 47.87
0.993 39.6633 47.9216
0.994 39.7113 47.9729
0.995 39.7593 48.0237
0.996 39.8073 48.0742
0.997 39.8554 48.1242
0.998 39.9036 48.1739
0.999 39.9518 48.2232
1 40 48.272
