0 0
0.01 9.70768e-07
0.02 1.90766e-06
0.03 2.81063e-06
0.04 3.67969e-06
0.05 4.51484e-06
0.06 5.31614e-06
0.07 6.08365e-06
0.08 6.81745e-06
0.09 7.51766e-06
0.1 8.1844e-06
0.11 8.81784e-06
0.12 9.41814e-06
0.13 9.9855e-06
0.14 1.05201e-05
0.15 1.10223e-05
0.16 1.14922e-05
0.17 1.19302e-05
0.18 1.23365e-05
0.19 1.27115e-05
0.2 1.30554e-05
0.21 1.33687e-05
0.22 1.36517e-05
0.23 1.39047e-05
0.24 1.41283e-05
0.25 1.43228e-05
0.26 1.44886e-05
0.27 1.46262e-05
0.28 1.47361e-05
0.29 1.48189e-05
0.3 1.48749e-05
0.31 1.49047e-05
0.32 1.49088e-05
0.33 1.48879e-05
0.34 1.48425e-05
0.35 1.47731e-05
0.36 1.46805e-05
0.37 1.45652e-05
0.38 1.44278e-05
0.39 1.42691e-05
0.4 1.40896e-05
0.41 1.38902e-05
0.42 1.36715e-05
0.43 1.34342e-05
0.44 1.31791e-05
0.45 1.29069e-05
0.46 1.26184e-05
0.47 1.23145e-05
0.48 1.19958e-05
0.49 1.16633e-05
0.5 1.13178e-05
0.51 1.09601e-05
0.52 1.05911e-05
0.53 1.02117e-05
0.54 9.82281e-06
0.55 9.42535e-06
0.56 9.02026e-06
0.57 8.60849e-06
0.58 8.191e-06
0.59 7.76877e-06
0.6 7.34282e-06
0.61 6.91414e-06
0.62 6.48376e-06
0.63 6.05274e-06
0.64 5.62211e-06
0.65 5.19296e-06
0.66 4.76635e-06
0.67 4.34339e-06
0.68 3.92519e-06
0.69 3.51285e-06
0.7 3.10751e-06
0.71 2.7103e-06
0.72 2.32239e-06
0.73 1.94491e-06
0.74 1.57905e-06
0.75 1.22597e-06
0.76 8.86849e-07
0.77 5.62881e-07
0.78 2.55254e-07
0.79 3.48397e-08
0.8 3.06202e-07
0.81 5.57636e-07
0.82 7.87944e-07
0.83 9.95929e-07
0.84 1.1804e-06
0.85 1.34017e-06
0.86 1.47405e-06
0.87 1.58087e-06
0.88 1.65946e-06
0.89 1.70868e-06
0.9 1.72738e-06
0.91 1.71444e-06
0.92 1.66875e-06
0.93 1.58924e-06
0.94 1.47484e-06
0.95 1.32451e-06
0.96 1.13726e-06
0.97 9.12101e-07
0.98 6.48098e-07
0.99 3.44351e-07
1 0
