0 0.0161618
0.001 0.0161208
0.002 0.0160799
0.003 0.016039
0.004 0.0159981
0.005 0.0159573
0.006 0.0159165
0.007 0.0158757
0.008 0.0158349
0.009 0.0157942
0.01 0.0157536
0.011 0.0157129
0.012 0.0156723
0.013 0.0156317
0.014 0.0155912
0.015 0.0155507
0.016 0.0155102
0.017 0.0154697
0.018 0.0154293
0.019 0.0153889
0.02 0.0153485
0.021 0.0153082
0.022 0.0152679
0.023 0.0152276
0.024 0.0151874
0.025 0.0151472
0.026 0.015107
0.027 0.0150669
0.028 0.0150268
0.029 0.0149867
0.03 0.0149467
0.031 0.0149066
0.032 0.0148667
0.033 0.0148267
0.034 0.0147868
0.035 0.0147469
0.036 0.014707
0.037 0.0146672
0.038 0.0146274
0.039 0.0145876
0.04 0.0145479
0.041 0.0145082
0.042 0.0144685
0.043 0.0144289
0.044 0.0143893
0.045 0.0143497
0.046 0.0143101
0.047 0.0142706
0.048 0.0142311
0.049 0.0141916
0.05 0.0141522
0.051 0.0141128
0.052 0.0140734
0.053 0.0140341
0.054 0.0139948
0.055 0.0139555
0.056 0.0139163
0.057 0.013877
0.058 0.0138379
0.059 0.0137987
0.06 0.0137596
0.061 0.0137205
0.062 0.0136814
0.063 0.0136424
0.064 0.0136033
0.065 0.0135644
0.066 0.0135254
0.067 0.0134865
0.068 0.0134476
0.069 0.0134087
0.07 0.0133699
0.071 0.0133311
0.072 0.0132923
0.073 0.0132536
0.074 0.0132149
0.075 0.0131762
0.076 0.0131375
0.077 0.0130989
0.078 0.0130603
0.079 0.0130217
0.08 0.0129832
0.081 0.0129447
0.082 0.0129062
0.083 0.0128678
0.084 0.0128293
0.085 0.012791
0.086 0.0127526
0.087 0.0127143
0.088 0.012676
0.089 0.0126377
0.09 0.0125994
0.091 0.0125612
0.092 0.012523
0.093 0.0124849
0.094 0.0124467
0.095 0.0124086
0.096 0.0123705
0.097 0.0123325
0.098 0.0122945
0.099 0.0122565
0.1 0.0122185
0.101 0.0121806
0.102 0.0121427
0.103 0.0121048
0.104 0.012067
0.105 0.0120291
0.106 0.0119914
0.107 0.0119536
0.108 0.0119159
0.109 0.0118781
0.11 0.0118405
0.111 0.0118028
0.112 0.0117652
0.113 0.0117276
0.114 0.01169
0.115 0.0116525
0.116 0.011615
0.117 0.0115775
0.118 0.0115401
0.119 0.0115026
0.12 0.0114652
0.121 0.0114279
0.122 0.0113905
0.123 0.0113532
0.124 0.0113159
0.125 0.0112786
0.126 0.0112414
0.127 0.0112042
0.128 0.011167
0.129 0.0111299
0.13 0.0110928
0.131 0.0110557
0.132 0.0110186
0.133 0.0109815
0.134 0.0109445
0.135 0.0109075
0.136 0.0108706
0.137 0.0108337
0.138 0.0107967
0.139 0.0107599
0.14 0.010723
0.141 0.0106862
0.142 0.0106494
0.143 0.0106126
0.144 0.0105759
0.145 0.0105392
0.146 0.0105025
0.147 0.0104658
0.148 0.0104292
0.149 0.0103926
0.15 0.010356
0.151 0.0103194
0.152 0.0102829
0.153 0.0102464
0.154 0.0102099
0.155 0.0101735
0.156 0.0101371
0.157 0.0101007
0.158 0.0100643
0.159 0.0100279
0.16 0.00999163
0.161 0.00995534
0.162 0.00991907
0.163 0.00988284
0.164 0.00984662
0.165 0.00981044
0.166 0.00977428
0.167 0.00973815
0.168 0.00970204
0.169 0.00966596
0.17 0.00962991
0.171 0.00959388
0.172 0.00955787
0.173 0.0095219
0.174 0.00948595
0.175 0.00945002
0.176 0.00941413
0.177 0.00937825
0.178 0.00934241
0.179 0.00930658
0.18 0.00927079
0.181 0.00923502
0.182 0.00919928
0.183 0.00916356
0.184 0.00912787
0.185 0.0090922
0.186 0.00905656
0.187 0.00902094
0.188 0.00898535
0.189 0.00894979
0.19 0.00891425
0.191 0.00887873
0.192 0.00884325
0.193 0.00880778
0.194 0.00877234
0.195 0.00873693
0.196 0.00870155
0.197 0.00866618
0.198 0.00863085
0.199 0.00859554
0.2 0.00856025
0.201 0.00852499
0.202 0.00848975
0.203 0.00845454
0.204 0.00841936
0.205 0.00838419
0.206 0.00834906
0.207 0.00831395
0.208 0.00827886
0.209 0.0082438
0.21 0.00820876
0.211 0.00817375
0.212 0.00813877
0.213 0.00810381
0.214 0.00806887
0.215 0.00803396
0.216 0.00799907
0.217 0.00796421
0.218 0.00792937
0.219 0.00789455
0.22 0.00785977
0.221 0.007825
0.222 0.00779026
0.223 0.00775555
0.224 0.00772086
0.225 0.00768619
0.226 0.00765155
0.227 0.00761693
0.228 0.00758234
0.229 0.00754777
0.23 0.00751322
0.231 0.0074787
0.232 0.00744421
0.233 0.00740974
0.234 0.00737529
0.235 0.00734087
0.236 0.00730647
0.237 0.00727209
0.238 0.00723774
0.239 0.00720341
0.24 0.00716911
0.241 0.00713483
0.242 0.00710058
0.243 0.00706635
0.244 0.00703214
0.245 0.00699796
0.246 0.0069638
0.247 0.00692966
0.248 0.00689555
0.249 0.00686146
0.25 0.0068274
0.251 0.00679336
0.252 0.00675935
0.253 0.00672535
0.254 0.00669138
0.255 0.00665744
0.256 0.00662352
0.257 0.00658962
0.258 0.00655575
0.259 0.0065219
0.26 0.00648807
0.261 0.00645427
0.262 0.00642049
0.263 0.00638673
0.264 0.006353
0.265 0.00631929
0.266 0.0062856
0.267 0.00625194
0.268 0.0062183
0.269 0.00618468
0.27 0.00615109
0.271 0.00611752
0.272 0.00608398
0.273 0.00605045
0.274 0.00601695
0.275 0.00598348
0.276 0.00595002
0.277 0.00591659
0.278 0.00588319
0.279 0.0058498
0.28 0.00581644
0.281 0.00578311
0.282 0.00574979
0.283 0.0057165
0.284 0.00568323
0.285 0.00564999
0.286 0.00561676
0.287 0.00558356
0.288 0.00555039
0.289 0.00551723
0.29 0.0054841
0.291 0.00545099
0.292 0.00541791
0.293 0.00538485
0.294 0.00535181
0.295 0.00531879
0.296 0.0052858
0.297 0.00525283
0.298 0.00521988
0.299 0.00518695
0.3 0.00515405
0.301 0.00512117
0.302 0.00508831
0.303 0.00505547
0.304 0.00502266
0.305 0.00498987
0.306 0.0049571
0.307 0.00492436
0.308 0.00489164
0.309 0.00485894
0.31 0.00482626
0.311 0.0047936
0.312 0.00476097
0.313 0.00472836
0.314 0.00469577
0.315 0.00466321
0.316 0.00463066
0.317 0.00459814
0.318 0.00456565
0.319 0.00453317
0.32 0.00450072
0.321 0.00446828
0.322 0.00443588
0.323 0.00440349
0.324 0.00437112
0.325 0.00433878
0.326 0.00430646
0.327 0.00427416
0.328 0.00424189
0.329 0.00420963
0.33 0.0041774
0.331 0.00414519
0.332 0.004113
0.333 0.00408084
0.334 0.00404869
0.335 0.00401657
0.336 0.00398447
0.337 0.0039524
0.338 0.00392034
0.339 0.00388831
0.34 0.0038563
0.341 0.00382431
0.342 0.00379234
0.343 0.00376039
0.344 0.00372847
0.345 0.00369657
0.346 0.00366469
0.347 0.00363283
0.348 0.00360099
0.349 0.00356918
0.35 0.00353739
0.351 0.00350562
0.352 0.00347387
0.353 0.00344214
0.354 0.00341044
0.355 0.00337875
0.356 0.00334709
0.357 0.00331545
0.358 0.00328383
0.359 0.00325223
0.36 0.00322066
0.361 0.00318911
0.362 0.00315757
0.363 0.00312606
0.364 0.00309457
0.365 0.00306311
0.366 0.00303166
0.367 0.00300024
0.368 0.00296884
0.369 0.00293746
0.37 0.0029061
0.371 0.00287476
0.372 0.00284344
0.373 0.00281215
0.374 0.00278088
0.375 0.00274962
0.376 0.00271839
0.377 0.00268719
0.378 0.002656
0.379 0.00262483
0.38 0.00259369
0.381 0.00256257
0.382 0.00253147
0.383 0.00250039
0.384 0.00246933
0.385 0.00243829
0.386 0.00240727
0.387 0.00237628
0.388 0.00234531
0.389 0.00231436
0.39 0.00228342
0.391 0.00225252
0.392 0.00222163
0.393 0.00219076
0.394 0.00215992
0.395 0.00212909
0.396 0.00209829
0.397 0.00206751
0.398 0.00203675
0.399 0.00200601
0.4 0.00197529
0.401 0.0019446
0.402 0.00191392
0.403 0.00188327
0.404 0.00185264
0.405 0.00182203
0.406 0.00179144
0.407 0.00176087
0.408 0.00173032
0.409 0.00169979
0.41 0.00166929
0.411 0.00163881
0.412 0.00160834
0.413 0.0015779
0.414 0.00154748
0.415 0.00151708
0.416 0.0014867
0.417 0.00145635
0.418 0.00142601
0.419 0.0013957
0.42 0.0013654
0.421 0.00133513
0.422 0.00130488
0.423 0.00127465
0.424 0.00124444
0.425 0.00121425
0.426 0.00118408
0.427 0.00115394
0.428 0.00112381
0.429 0.00109371
0.43 0.00106363
0.431 0.00103357
0.432 0.00100353
0.433 0.000973507
0.434 0.000943509
0.435 0.000913532
0.436 0.000883576
0.437 0.000853641
0.438 0.000823728
0.439 0.000793835
0.44 0.000763963
0.441 0.000734112
0.442 0.000704283
0.443 0.000674474
0.444 0.000644687
0.445 0.00061492
0.446 0.000585175
0.447 0.00055545
0.448 0.000525747
0.449 0.000496065
0.45 0.000466404
0.451 0.000436763
0.452 0.000407144
0.453 0.000377546
0.454 0.000347969
0.455 0.000318413
0.456 0.000288878
0.457 0.000259364
0.458 0.000229872
0.459 0.0002004
0.46 0.000170949
0.461 0.000141519
0.462 0.000112111
0.463 8.2723e-05
0.464 5.33565e-05
0.465 2.4011e-05
0.466 5.31344e-06
0.467 3.46168e-05
0.468 6.38991e-05
0.469 9.31604e-05
0.47 0.000122401
0.471 0.00015162
0.472 0.000180818
0.473 0.000209995
0.474 0.000239151
0.475 0.000268285
0.476 0.000297399
0.477 0.000326492
0.478 0.000355563
0.479 0.000384614
0.48 0.000413643
0.481 0.000442651
0.482 0.000471638
0.483 0.000500604
0.484 0.000529549
0.485 0.000558473
0.486 0.000587376
0.487 0.000616257
0.488 0.000645118
0.489 0.000673957
0.49 0.000702775
0.491 0.000731572
0.492 0.000760348
0.493 0.000789102
0.494 0.000817836
0.495 0.000846548
0.496 0.000875239
0.497 0.000903909
0.498 0.000932558
0.499 0.000961185
0.5 0.000989791
0.501 0.00101838
0.502 0.00104694
0.503 0.00107548
0.504 0.001104
0.505 0.0011325
0.506 0.00116098
0.507 0.00118944
0.508 0.00121788
0.509 0.00124629
0.51 0.00127469
0.511 0.00130306
0.512 0.00133141
0.513 0.00135974
0.514 0.00138805
0.515 0.00141633
0.516 0.0014446
0.517 0.00147284
0.518 0.00150107
0.519 0.00152927
0.52 0.00155745
0.521 0.00158561
0.522 0.00161374
0.523 0.00164186
0.524 0.00166995
0.525 0.00169803
0.526 0.00172608
0.527 0.00175411
0.528 0.00178212
0.529 0.0018101
0.53 0.00183807
0.531 0.00186601
0.532 0.00189394
0.533 0.00192184
0.534 0.00194972
0.535 0.00197757
0.536 0.00200541
0.537 0.00203322
0.538 0.00206102
0.539 0.00208879
0.54 0.00211654
0.541 0.00214427
0.542 0.00217197
0.543 0.00219966
0.544 0.00222732
0.545 0.00225496
0.546 0.00228258
0.547 0.00231018
0.548 0.00233775
0.549 0.00236531
0.55 0.00239284
0.551 0.00242035
0.552 0.00244784
0.553 0.0024753
0.554 0.00250275
0.555 0.00253017
0.556 0.00255757
0.557 0.00258495
0.558 0.00261231
0.559 0.00263964
0.56 0.00266696
0.561 0.00269425
0.562 0.00272152
0.563 0.00274876
0.564 0.00277599
0.565 0.00280319
0.566 0.00283037
0.567 0.00285753
0.568 0.00288467
0.569 0.00291178
0.57 0.00293887
0.571 0.00296594
0.572 0.00299299
0.573 0.00302002
0.574 0.00304702
0.575 0.003074
0.576 0.00310096
0.577 0.00312789
0.578 0.00315481
0.579 0.0031817
0.58 0.00320857
0.581 0.00323542
0.582 0.00326224
0.583 0.00328904
0.584 0.00331582
0.585 0.00334258
0.586 0.00336931
0.587 0.00339602
0.588 0.00342271
0.589 0.00344938
0.59 0.00347602
0.591 0.00350264
0.592 0.00352924
0.593 0.00355582
0.594 0.00358237
0.595 0.0036089
0.596 0.00363541
0.597 0.00366189
0.598 0.00368836
0.599 0.0037148
0.6 0.00374121
0.601 0.00376761
0.602 0.00379398
0.603 0.00382032
0.604 0.00384665
0.605 0.00387295
0.606 0.00389923
0.607 0.00392548
0.608 0.00395171
0.609 0.00397792
0.61 0.00400411
0.611 0.00403027
0.612 0.00405641
0.613 0.00408253
0.614 0.00410862
0.615 0.00413469
0.616 0.00416074
0.617 0.00418676
0.618 0.00421276
0.619 0.00423873
0.62 0.00426469
0.621 0.00429062
0.622 0.00431652
0.623 0.0043424
0.624 0.00436826
0.625 0.0043941
0.626 0.00441991
0.627 0.00444569
0.628 0.00447146
0.629 0.0044972
0.63 0.00452291
0.631 0.00454861
0.632 0.00457427
0.633 0.00459992
0.634 0.00462554
0.635 0.00465114
0.636 0.00467671
0.637 0.00470226
0.638 0.00472778
0.639 0.00475328
0.64 0.00477876
0.641 0.00480421
0.642 0.00482964
0.643 0.00485504
0.644 0.00488042
0.645 0.00490578
0.646 0.00493111
0.647 0.00495642
0.648 0.0049817
0.649 0.00500696
0.65 0.00503219
0.651 0.0050574
0.652 0.00508258
0.653 0.00510774
0.654 0.00513288
0.655 0.00515799
0.656 0.00518307
0.657 0.00520813
0.658 0.00523317
0.659 0.00525818
0.66 0.00528316
0.661 0.00530813
0.662 0.00533306
0.663 0.00535797
0.664 0.00538286
0.665 0.00540772
0.666 0.00543256
0.667 0.00545737
0.668 0.00548215
0.669 0.00550691
0.67 0.00553165
0.671 0.00555636
0.672 0.00558104
0.673 0.0056057
0.674 0.00563033
0.675 0.00565494
0.676 0.00567952
0.677 0.00570408
0.678 0.00572861
0.679 0.00575312
0.68 0.0057776
0.681 0.00580205
0.682 0.00582648
0.683 0.00585088
0.684 0.00587526
0.685 0.00589961
0.686 0.00592393
0.687 0.00594823
0.688 0.0059725
0.689 0.00599675
0.69 0.00602097
0.691 0.00604516
0.692 0.00606933
0.693 0.00609347
0.694 0.00611758
0.695 0.00614167
0.696 0.00616573
0.697 0.00618977
0.698 0.00621377
0.699 0.00623776
0.7 0.00626171
0.701 0.00628564
0.702 0.00630954
0.703 0.00633342
0.704 0.00635726
0.705 0.00638108
0.706 0.00640488
0.707 0.00642864
0.708 0.00645238
0.709 0.0064761
0.71 0.00649978
0.711 0.00652344
0.712 0.00654707
0.713 0.00657067
0.714 0.00659425
0.715 0.0066178
0.716 0.00664132
0.717 0.00666481
0.718 0.00668828
0.719 0.00671171
0.72 0.00673512
0.721 0.00675851
0.722 0.00678186
0.723 0.00680519
0.724 0.00682849
0.725 0.00685176
0.726 0.006875
0.727 0.00689821
0.728 0.0069214
0.729 0.00694456
0.73 0.00696769
0.731 0.00699079
0.732 0.00701386
0.733 0.0070369
0.734 0.00705992
0.735 0.00708291
0.736 0.00710587
0.737 0.00712879
0.738 0.0071517
0.739 0.00717457
0.74 0.00719741
0.741 0.00722022
0.742 0.00724301
0.743 0.00726576
0.744 0.00728849
0.745 0.00731119
0.746 0.00733386
0.747 0.00735649
0.748 0.0073791
0.749 0.00740168
0.75 0.00742423
0.751 0.00744675
0.752 0.00746925
0.753 0.00749171
0.754 0.00751414
0.755 0.00753654
0.756 0.00755891
0.757 0.00758125
0.758 0.00760356
0.759 0.00762585
0.76 0.0076481
0.761 0.00767032
0.762 0.00769251
0.763 0.00771467
0.764 0.0077368
0.765 0.0077589
0.766 0.00778096
0.767 0.007803
0.768 0.00782501
0.769 0.00784699
0.77 0.00786893
0.771 0.00789084
0.772 0.00791273
0.773 0.00793458
0.774 0.0079564
0.775 0.00797819
0.776 0.00799995
0.777 0.00802168
0.778 0.00804337
0.779 0.00806504
0.78 0.00808667
0.781 0.00810827
0.782 0.00812984
0.783 0.00815137
0.784 0.00817288
0.785 0.00819435
0.786 0.00821579
0.787 0.0082372
0.788 0.00825858
0.789 0.00827992
0.79 0.00830124
0.791 0.00832251
0.792 0.00834376
0.793 0.00836498
0.794 0.00838616
0.795 0.00840731
0.796 0.00842842
0.797 0.00844951
0.798 0.00847056
0.799 0.00849157
0.8 0.00851256
0.801 0.00853351
0.802 0.00855443
0.803 0.00857531
0.804 0.00859616
0.805 0.00861698
0.806 0.00863776
0.807 0.00865851
0.808 0.00867923
0.809 0.00869991
0.81 0.00872056
0.811 0.00874117
0.812 0.00876175
0.813 0.0087823
0.814 0.00880281
0.815 0.00882329
0.816 0.00884373
0.817 0.00886414
0.818 0.00888451
0.819 0.00890485
0.82 0.00892516
0.821 0.00894543
0.822 0.00896566
0.823 0.00898586
0.824 0.00900602
0.825 0.00902615
0.826 0.00904624
0.827 0.0090663
0.828 0.00908633
0.829 0.00910631
0.83 0.00912626
0.831 0.00914618
0.832 0.00916606
0.833 0.0091859
0.834 0.00920571
0.835 0.00922548
0.836 0.00924522
0.837 0.00926492
0.838 0.00928458
0.839 0.0093042
0.84 0.00932379
0.841 0.00934335
0.842 0.00936286
0.843 0.00938234
0.844 0.00940178
0.845 0.00942119
0.846 0.00944056
0.847 0.00945989
0.848 0.00947918
0.849 0.00949844
0.85 0.00951765
0.851 0.00953683
0.852 0.00955598
0.853 0.00957508
0.854 0.00959415
0.855 0.00961318
0.856 0.00963217
0.857 0.00965112
0.858 0.00967004
0.859 0.00968891
0.86 0.00970775
0.861 0.00972655
0.862 0.00974531
0.863 0.00976403
0.864 0.00978271
0.865 0.00980136
0.866 0.00981996
0.867 0.00983852
0.868 0.00985705
0.869 0.00987554
0.87 0.00989398
0.871 0.00991239
0.872 0.00993076
0.873 0.00994908
0.874 0.00996737
0.875 0.00998562
0.876 0.0100038
0.877 0.010022
0.878 0.0100401
0.879 0.0100582
0.88 0.0100762
0.881 0.0100943
0.882 0.0101122
0.883 0.0101301
0.884 0.010148
0.885 0.0101659
0.886 0.0101837
0.887 0.0102014
0.888 0.0102191
0.889 0.0102368
0.89 0.0102544
0.891 0.010272
0.892 0.0102896
0.893 0.0103071
0.894 0.0103246
0.895 0.010342
0.896 0.0103594
0.897 0.0103767
0.898 0.010394
0.899 0.0104112
0.9 0.0104285
0.901 0.0104456
0.902 0.0104627
0.903 0.0104798
0.904 0.0104969
0.905 0.0105139
0.906 0.0105308
0.907 0.0105477
0.908 0.0105646
0.909 0.0105814
0.91 0.0105982
0.911 0.0106149
0.912 0.0106316
0.913 0.0106482
0.914 0.0106648
0.915 0.0106814
0.916 0.0106979
0.917 0.0107144
0.918 0.0107308
0.919 0.0107471
0.92 0.0107635
0.921 0.0107798
0.922 0.010796
0.923 0.0108122
0.924 0.0108283
0.925 0.0108444
0.926 0.0108605
0.927 0.0108765
0.928 0.0108925
0.929 0.0109084
0.93 0.0109242
0.931 0.0109401
0.932 0.0109558
0.933 0.0109716
0.934 0.0109873
0.935 0.0110029
0.936 0.0110185
0.937 0.011034
0.938 0.0110495
0.939 0.011065
0.94 0.0110803
0.941 0.0110957
0.942 0.011111
0.943 0.0111263
0.944 0.0111415
0.945 0.0111566
0.946 0.0111717
0.947 0.0111868
0.948 0.0112018
0.949 0.0112167
0.95 0.0112317
0.951 0.0112465
0.952 0.0112613
0.953 0.0112761
0.954 0.0112908
0.955 0.0113055
0.956 0.0113201
0.957 0.0113347
0.958 0.0113492
0.959 0.0113636
0.96 0.011378
0.961 0.0113924
0.962 0.0114067
0.963 0.011421
0.964 0.0114352
0.965 0.0114494
0.966 0.0114635
0.967 0.0114775
0.968 0.0114915
0.969 0.0115055
0.97 0.0115194
0.971 0.0115332
0.972 0.011547
0.973 0.0115608
0.974 0.0115745
0.975 0.0115881
0.976 0.0116017
0.977 0.0116152
0.978 0.0116287
0.979 0.0116421
0.98 0.0116555
0.981 0.0116688
0.982 0.0116821
0.983 0.0116953
0.984 0.0117084
0.985 0.0117215
0.986 0.0117346
0.987 0.0117476
0.988 0.0117605
0.989 0.0117734
0.99 0.0117862
0.991 0.011799
0.992 0.0118117
0.993 0.0118244
0.994 0.011837
0.995 0.0118496
0.996 0.0118621
0.997 0.0118745
0.998 0.0118869
0.999 0.0118992
1 40
