0.00000000000000000 40.00000000000000000
0.01000000000000000 39.84022286996516726
0.02000000000000000 39.68451357949457758
0.03000000000000000 39.53284037475986423
0.04000000000000000 39.38517190489627495
0.05000000000000000 39.24147721809226397
0.06000000000000000 39.10172575741611922
0.07000000000000001 38.96588735638317047
0.08000000000000000 38.83393223426649143
0.09000000000000000 38.70583099115415848
0.10000000000000001 38.58155460275530402
0.11000000000000000 38.46107441495740176
0.12000000000000000 38.34436213813647498
0.13000000000000000 38.23138984122205386
0.14000000000000001 38.12212994551811107
0.14999999999999999 38.01655521828109130
0.16000000000000000 37.91463876605578065
0.17000000000000001 37.81635402776957733
0.17999999999999999 37.72167476758541937
0.19000000000000000 37.63057506751322734
0.20000000000000001 37.54302931977980506
0.20999999999999999 37.45901221895643829
0.22000000000000000 37.37849875384353737
0.23000000000000001 37.30146419911119438
0.23999999999999999 37.22788410669445369
0.25000000000000000 37.15773429694160512
0.26000000000000001 37.09099084951390779
0.27000000000000002 37.02763009403449246
0.28000000000000003 36.96762860048438881
0.28999999999999998 36.91096316934300603
0.29999999999999999 36.85761082147046608
0.31000000000000000 36.80754878772878413
0.32000000000000001 36.76075449833859921
0.33000000000000002 36.71720557196815804
0.34000000000000002 36.67687980455099250
0.35000000000000003 36.63975515782815506
0.35999999999999999 36.60580974761127493
0.37000000000000000 36.57502183176183763
0.38000000000000000 36.54736979788246032
0.39000000000000001 36.52283215071521738
0.40000000000000002 36.50138749924231263
0.41000000000000003 36.48301454348379025
0.41999999999999998 36.46769206098705496
0.42999999999999999 36.45539889300277281
0.44000000000000000 36.44611393034119828
0.45000000000000001 36.43981609890328599
0.46000000000000002 36.43648434488022758
0.47000000000000003 36.43609761961538140
0.47999999999999998 36.43863486412187314
0.48999999999999999 36.44407499324948674
0.50000000000000000 36.45239687949371898
0.51000000000000001 36.46357933644019056
0.52000000000000002 36.47760110183720172
0.53000000000000003 36.49444082028895764
0.54000000000000004 36.51407702556218027
0.55000000000000004 36.53648812249817013
0.56000000000000005 36.56165236852267952
0.57000000000000006 36.58954785474548288
0.57999999999999996 36.62015248664159373
0.58999999999999997 36.65344396430582208
0.59999999999999998 36.68939976227217414
0.60999999999999999 36.72799710888967439
0.62000000000000000 36.76921296524575666
0.63000000000000000 36.81302400362856986
0.64000000000000001 36.85940658551913174
0.65000000000000002 36.90833673910436374
0.66000000000000003 36.95979013630175558
0.67000000000000004 37.01374206928650068
0.68000000000000005 37.07016742651173047
0.69000000000000006 37.12904066821229776
0.70000000000000007 37.19033580138268036
0.70999999999999996 37.25402635421937703
0.71999999999999997 37.32008535001813243
0.72999999999999998 37.38848528051623532
0.73999999999999999 37.45919807867016260
0.75000000000000000 37.53219509085872119
0.76000000000000001 37.60744704850186082
0.77000000000000002 37.68492403908523158
0.78000000000000003 37.76459547658077298
0.79000000000000004 37.84643007125327330
0.80000000000000004 37.93039579884315060
0.81000000000000005 38.01645986911563568
0.82000000000000006 38.10458869376650881
0.83000000000000007 38.19474785367463454
0.83999999999999997 38.28690206549178043
0.84999999999999998 38.38101514755985733
0.85999999999999999 38.47704998514632280
0.87000000000000000 38.57496849498826208
0.88000000000000000 38.67473158913591647
0.89000000000000001 38.77629913808647899
0.90000000000000002 38.87962993319932536
0.91000000000000003 38.98468164838386230
0.92000000000000004 39.09141080105140276
0.93000000000000005 39.19977271232283300
0.94000000000000006 39.30972146648386456
0.95000000000000007 39.42120986968012630
0.95999999999999996 39.53418940784457902
0.96999999999999997 39.64861020385004053
0.97999999999999998 39.76442097387992192
0.98999999999999999 39.88156898301070186
1.00000000000000000 40.00000000000000000
