0.000000000000000 0.554370772543287 0.508033936539760
-0.301029995663981 -0.090080500311542 -0.954281493994701
-0.602059991327962 -0.702147418140991 -2.209679212216358
-0.903089986991944 -1.306674985566016 -3.426015633432510
-1.204119982655925 -1.909349776238006 -4.633154518573527
-1.505149978319906 -2.511563337103935 -5.838027065539952
-1.806179973983887 -3.113661712653139 -7.042335089109075
-2.107209969647868 -3.715731299295633 -8.246504877067631
-2.408239965311850 -4.317793691754511 -9.450779483060495
-2.709269960975831 -4.919854279382213 -10.652033742194716
-3.010299956639812 -5.521914439029011 -11.883591973197580
-3.311329952303793 -6.123974695151372 -13.148409796207115
-3.612359947967774 -6.726035778501346 -12.893137291103811
-3.913389943631755 -7.328077870867474 -12.432406452572318
-4.214419939295737 -7.930136417173818 -12.893137291103811
-4.515449934959718 -8.532102361071324 -12.091504944870644
-4.816479930623699 -9.134141338997473 -12.091504944870644
-5.117509926287680 -9.739017765587963 -12.449439791871097
-5.418539921951662 -10.327289472430293 -12.525160505809216
-5.719569917615643 -11.016791131857991 -12.328865860665248
