0.3346994800 0.0032996421 0.0069063570 0.0042248668 0.0020626514 0.0025012845 0.0063655852 0.0086362238 0.0030165563 0.0002492394
0.0036499271 7.6538098220 0.0031786026 0.0013572839 0.0010674526 0.0076067157 0.0008167228 0.0055095621 0.0056465189 0.0074327051
0.0098176015 0.0021884979 4.5439592072 0.0051865402 0.0057384173 0.0055523104 0.0072854626 0.0062887394 0.0079612813 0.0058371582
0.0027476644 0.0082959808 0.0091368003 9.6540214259 0.0025208476 0.0011994516 0.0021553059 0.0088864328 0.0098356755 0.0051718622
0.0091356722 0.0034856025 0.0028256721 0.0023142748 4.8428864753 0.0038931246 0.0099209906 0.0056596093 0.0094026867 0.0055675094
0.0030923144 0.0092202882 0.0077560074 0.0076362736 0.0044068285 3.4944246493 0.0031885840 0.0016922910 0.0097831641 0.0011498653
0.0075294492 0.0025308284 0.0094458461 0.0066662495 0.0021848499 0.0019666937 7.8657011072 0.0043401558 0.0008531265 0.0077013766
0.0095120180 0.0099887987 0.0011869791 0.0023376901 0.0023030735 0.0060298656 0.0062308147 2.2240640652 0.0016894749 0.0056335015
0.0077915735 0.0047817893 0.0048537897 0.0055475809 0.0024180628 0.0092606182 0.0090420055 0.0056066468 0.9529091515 0.0088251696
0.0067565121 0.0084823583 0.0013559980 0.0062023581 0.0051486078 0.0035408479 0.0081690518 0.0030143089 0.0078810037 9.0221783002
