0.3346994800 0.0032996421 0.0069063570 0.0042248668 0.0020626514 0.0025012845 0.0063655852 0.0086362238 0.0030165563 0.0002492394
0.0000000000 7.6537738391 0.0031032882 0.0013112114 0.0010449592 0.0075794390 0.0007473056 0.0054153833 0.0056136231 0.0074299871
0.0000000000 0.0000000000 4.5437557777 0.0050622556 0.0056776288 0.0054768699 0.0070985392 0.0060339366 0.0078712637 0.0058278168
0.0000000000 0.0000000000 0.0000000000 9.6539752134 0.0024914438 0.0011597884 0.0020880610 0.0087976309 0.0097891228 0.0051501472
0.0000000000 0.0000000000 0.0000000000 0.0000000000 4.8428258512 0.0038180483 0.0097423168 0.0054159789 0.0093110667 0.0055528583
0.0000000000 0.0000000000 0.0000000000 0.0000000000 0.0000000000 3.4943788111 0.0031064210 0.0015839812 0.0097191299 0.0011197163
0.0000000000 0.0000000000 0.0000000000 0.0000000000 0.0000000000 0.0000000000 7.8655357762 0.0041225863 0.0007513650 0.0076749270
0.0000000000 0.0000000000 0.0000000000 0.0000000000 0.0000000000 0.0000000000 0.0000000000 2.2237999316 0.0015711098 0.0056039995
0.0000000000 0.0000000000 0.0000000000 0.0000000000 0.0000000000 0.0000000000 0.0000000000 0.0000000000 0.9527870822 0.0087780127
0.0000000000 0.0000000000 0.0000000000 0.0000000000 0.0000000000 0.0000000000 0.0000000000 0.0000000000 0.0000000000 9.0220666849
