0.1 0 0.1
0.2 0.01 0.205123
0.3 0.0305123 0.314119
0.4 0.0619242 0.425499
0.5 0.104474 0.537537
0.6 0.158228 0.648276
0.7 0.223055 0.75554
0.8 0.29861 0.856952
0.9 0.384305 0.949957
1 0.4793 1.03185
1.1 0.582486 1.09983
1.2 0.692469 1.15101
1.3 0.807571 1.1825
1.4 0.925821 1.19144
1.5 1.04497 1.17508
1.6 1.16247 1.13083
1.7 1.27556 1.05636
1.8 1.38119 0.949622
1.9 1.47615 0.809002
2 1.55706 0.633346
2.1 1.62039 0.422057
2.2 1.6626 0.175179
2.3 1.68011 -0.106535
2.4 1.66946 -0.421548
2.5 1.62731 -0.767475
2.6 1.55056 -1.14103
2.7 1.43645 -1.53799
2.8 1.28265 -1.95316
2.9 1.08734 -2.38035
3 0.849304 -2.81239
