0.1 0.005 0.102561
0.2 0.0204751 0.208814
0.3 0.04672 0.317153
0.4 0.0838575 0.425747
0.5 0.131816 0.532553
0.6 0.19031 0.635339
0.7 0.258822 0.731711
0.8 0.336586 0.819145
0.9 0.422582 0.89503
1 0.515523 0.956711
1.1 0.613855 1.00155
1.2 0.715763 1.02696
1.3 0.81918 1.03049
1.4 0.9218 1.0099
1.5 1.02111 0.963197
1.6 1.11439 0.888715
1.7 1.19881 0.785205
1.8 1.27141 0.651886
1.9 1.32917 0.488518
2 1.36911 0.295466
2.1 1.38828 0.0737528
2.2 1.38389 -0.174889
2.3 1.35335 -0.447981
2.4 1.29437 -0.742269
2.5 1.20499 -1.05371
2.6 1.08373 -1.37748
2.7 0.929623 -1.70797
2.8 0.742286 -2.03886
2.9 0.522016 -2.36314
3 0.269839 -2.6732
