0.005 1.25104e-05 0.00500622
0.01 5.00828e-05 0.0100248
0.015 0.000112779 0.0150555
0.02 0.000200658 0.0200983
0.025 0.000313782 0.025153
0.03 0.000452207 0.0302193
0.035 0.000615994 0.0352972
0.04 0.000805198 0.0403864
0.045 0.00101988 0.0454869
0.05 0.00126008 0.0505983
0.055 0.00152588 0.0557207
0.06 0.00181731 0.0608537
0.065 0.00213443 0.0659973
0.07 0.0024773 0.0711512
0.075 0.00284596 0.0763152
0.08 0.00324047 0.0814893
0.085 0.00366087 0.0866732
0.09 0.00410722 0.0918666
0.095 0.00457955 0.0970696
0.1 0.00507793 0.102282
0.105 0.00560239 0.107503
0.11 0.00615297 0.112733
0.115 0.00672973 0.117972
0.12 0.00733271 0.12322
0.125 0.00796194 0.128475
0.13 0.00861747 0.133739
0.135 0.00929935 0.139011
0.14 0.0100076 0.14429
0.145 0.0107423 0.149578
0.15 0.0115034 0.154872
0.155 0.012291 0.160174
0.16 0.0131051 0.165482
0.165 0.0139458 0.170797
0.17 0.0148131 0.176119
0.175 0.015707 0.181447
0.18 0.0166276 0.186782
0.185 0.0175749 0.192122
0.19 0.0185488 0.197468
0.195 0.0195495 0.202819
0.2 0.020577 0.208176
0.205 0.0216313 0.213538
0.21 0.0227124 0.218904
0.215 0.0238204 0.224276
0.22 0.0249552 0.229651
0.225 0.0261169 0.235031
0.23 0.0273055 0.240415
0.235 0.028521 0.245803
0.24 0.0297635 0.251194
0.245 0.031033 0.256589
0.25 0.0323294 0.261986
0.255 0.0336529 0.267387
0.26 0.0350033 0.27279
0.265 0.0363808 0.278196
0.27 0.0377853 0.283603
0.275 0.0392168 0.289013
0.28 0.0406754 0.294425
0.285 0.0421611 0.299837
0.29 0.0436738 0.305251
0.295 0.0452136 0.310667
0.3 0.0467804 0.316082
0.305 0.0483744 0.321499
0.31 0.0499954 0.326915
0.315 0.0516435 0.332332
0.32 0.0533187 0.337749
0.325 0.055021 0.343165
0.33 0.0567504 0.34858
0.335 0.0585068 0.353994
0.34 0.0602903 0.359407
0.345 0.0621009 0.364819
0.35 0.0639385 0.370229
0.355 0.0658032 0.375637
0.36 0.0676949 0.381043
0.365 0.0696136 0.386446
0.37 0.0715593 0.391847
0.375 0.0735321 0.397244
0.38 0.0755318 0.402639
0.385 0.0775585 0.40803
0.39 0.0796121 0.413417
0.395 0.0816926 0.4188
0.4 0.0838001 0.424179
0.405 0.0859344 0.429553
0.41 0.0880956 0.434922
0.415 0.0902836 0.440287
0.42 0.0924984 0.445645
0.425 0.0947401 0.450999
0.43 0.0970084 0.456346
0.435 0.0993035 0.461687
0.44 0.101625 0.467022
0.445 0.103974 0.47235
0.45 0.106349 0.477671
0.455 0.10875 0.482985
0.46 0.111179 0.488291
0.465 0.113633 0.49359
0.47 0.116114 0.49888
0.475 0.118622 0.504162
0.48 0.121156 0.509435
0.485 0.123716 0.514699
0.49 0.126303 0.519954
0.495 0.128916 0.5252
0.5 0.131555 0.530435
0.505 0.13422 0.535661
0.51 0.136912 0.540876
0.515 0.139629 0.54608
0.52 0.142372 0.551274
0.525 0.145142 0.556456
0.53 0.147937 0.561627
0.535 0.150758 0.566786
0.54 0.153605 0.571932
0.545 0.156477 0.577066
0.55 0.159375 0.582188
0.555 0.162299 0.587296
0.56 0.165248 0.592392
0.565 0.168223 0.597473
0.57 0.171223 0.602541
0.575 0.174248 0.607594
0.58 0.177299 0.612633
0.585 0.180375 0.617657
0.59 0.183476 0.622666
0.595 0.186601 0.627659
0.6 0.189752 0.632637
0.605 0.192928 0.637599
0.61 0.196128 0.642544
0.615 0.199353 0.647473
0.62 0.202603 0.652384
0.625 0.205877 0.657279
0.63 0.209176 0.662156
0.635 0.212498 0.667015
0.64 0.215846 0.671856
0.645 0.219217 0.676678
0.65 0.222612 0.681481
0.655 0.226032 0.686266
0.66 0.229475 0.69103
0.665 0.232942 0.695775
0.67 0.236433 0.7005
0.675 0.239947 0.705205
0.68 0.243485 0.709889
0.685 0.247046 0.714552
0.69 0.25063 0.719193
0.695 0.254238 0.723813
0.7 0.257868 0.728411
0.705 0.261522 0.732987
0.71 0.265198 0.73754
0.715 0.268897 0.74207
0.72 0.272619 0.746577
0.725 0.276363 0.75106
0.73 0.280129 0.755519
0.735 0.283918 0.759954
0.74 0.287729 0.764365
0.745 0.291562 0.768751
0.75 0.295416 0.773111
0.755 0.299293 0.777446
0.76 0.303191 0.781755
0.765 0.30711 0.786039
0.77 0.311051 0.790295
0.775 0.315013 0.794525
0.78 0.318996 0.798727
0.785 0.323 0.802903
0.79 0.327025 0.80705
0.795 0.331071 0.811169
0.8 0.335137 0.81526
0.805 0.339223 0.819322
0.81 0.34333 0.823355
0.815 0.347457 0.827359
0.82 0.351604 0.831333
0.825 0.35577 0.835277
0.83 0.359956 0.83919
0.835 0.364162 0.843073
0.84 0.368387 0.846924
0.845 0.372631 0.850744
0.85 0.376894 0.854533
0.855 0.381177 0.85829
0.86 0.385477 0.862014
0.865 0.389797 0.865705
0.87 0.394134 0.869363
0.875 0.39849 0.872989
0.88 0.402864 0.87658
0.885 0.407256 0.880137
0.89 0.411665 0.88366
0.895 0.416092 0.887149
0.9 0.420537 0.890602
0.905 0.424998 0.89402
0.91 0.429477 0.897403
0.915 0.433972 0.900749
0.92 0.438484 0.904059
0.925 0.443013 0.907333
0.93 0.447558 0.910569
0.935 0.452119 0.913768
0.94 0.456695 0.91693
0.945 0.461288 0.920054
0.95 0.465896 0.923139
0.955 0.470519 0.926186
0.96 0.475158 0.929194
0.965 0.479811 0.932163
0.97 0.484479 0.935092
0.975 0.489162 0.937981
0.98 0.493859 0.94083
0.985 0.49857 0.943638
0.99 0.503295 0.946405
0.995 0.508034 0.949132
1 0.512786 0.951816
1.005 0.517552 0.954459
1.01 0.522331 0.95706
1.015 0.527123 0.959618
1.02 0.531927 0.962134
1.025 0.536744 0.964606
1.03 0.541573 0.967035
1.035 0.546414 0.96942
1.04 0.551267 0.971761
1.045 0.556132 0.974057
1.05 0.561008 0.976309
1.055 0.565895 0.978515
1.06 0.570793 0.980677
1.065 0.575701 0.982792
1.07 0.580621 0.984862
1.075 0.58555 0.986885
1.08 0.590489 0.988862
1.085 0.595439 0.990791
1.09 0.600397 0.992674
1.095 0.605365 0.994508
1.1 0.610342 0.996295
1.105 0.615328 0.998034
1.11 0.620322 0.999724
1.115 0.625325 1.00137
1.12 0.630336 1.00296
1.125 0.635355 1.0045
1.13 0.640381 1.00599
1.135 0.645415 1.00744
1.14 0.650455 1.00883
1.145 0.655503 1.01017
1.15 0.660557 1.01146
1.155 0.665617 1.0127
1.16 0.670684 1.01389
1.165 0.675756 1.01502
1.17 0.680834 1.01611
1.175 0.685917 1.01714
1.18 0.691005 1.01812
1.185 0.696098 1.01904
1.19 0.701196 1.01992
1.195 0.706297 1.02074
1.2 0.711403 1.0215
1.205 0.716512 1.02221
1.21 0.721625 1.02287
1.215 0.726741 1.02347
1.22 0.731859 1.02401
1.225 0.736981 1.0245
1.23 0.742104 1.02494
1.235 0.74723 1.02532
1.24 0.752358 1.02564
1.245 0.757486 1.02591
1.25 0.762616 1.02611
1.255 0.767747 1.02627
1.26 0.772879 1.02636
1.265 0.778011 1.0264
1.27 0.783143 1.02638
1.275 0.788275 1.0263
1.28 0.793406 1.02616
1.285 0.798536 1.02597
1.29 0.803665 1.02571
1.295 0.808793 1.0254
1.3 0.813919 1.02502
1.305 0.819043 1.02459
1.31 0.824165 1.02409
1.315 0.829284 1.02354
1.32 0.8344 1.02293
1.325 0.839513 1.02225
1.33 0.844623 1.02151
1.335 0.849728 1.02071
1.34 0.85483 1.01986
1.345 0.859927 1.01893
1.35 0.865019 1.01795
1.355 0.870106 1.0169
1.36 0.875188 1.0158
1.365 0.880264 1.01462
1.37 0.885334 1.01339
1.375 0.890398 1.01209
1.38 0.895455 1.01073
1.385 0.900505 1.00931
1.39 0.905548 1.00782
1.395 0.910583 1.00626
1.4 0.91561 1.00465
1.405 0.920629 1.00296
1.41 0.92564 1.00122
1.415 0.930642 0.999405
1.42 0.935634 0.997527
1.425 0.940617 0.995584
1.43 0.94559 0.993575
1.435 0.950552 0.9915
1.44 0.955504 0.989358
1.445 0.960446 0.987151
1.45 0.965376 0.984876
1.455 0.970294 0.982535
1.46 0.975201 0.980127
1.465 0.980096 0.977651
1.47 0.984978 0.975108
1.475 0.989847 0.972498
1.48 0.994702 0.969819
1.485 0.999545 0.967073
1.49 1.00437 0.964259
1.495 1.00919 0.961376
1.5 1.01399 0.958424
1.505 1.01877 0.955404
1.51 1.02354 0.952314
1.515 1.02829 0.949156
1.52 1.03303 0.945928
1.525 1.03775 0.942631
1.53 1.04246 0.939265
1.535 1.04715 0.935828
1.54 1.05182 0.932322
1.545 1.05647 0.928745
1.55 1.0611 0.925098
1.555 1.06572 0.921381
1.56 1.07032 0.917593
1.565 1.0749 0.913734
1.57 1.07945 0.909805
1.575 1.08399 0.905805
1.58 1.08851 0.901733
1.585 1.09301 0.89759
1.59 1.09749 0.893376
1.595 1.10194 0.88909
1.6 1.10638 0.884732
1.605 1.11079 0.880303
1.61 1.11518 0.875801
1.615 1.11955 0.871228
1.62 1.12389 0.866582
1.625 1.12822 0.861865
1.63 1.13251 0.857074
1.635 1.13679 0.852211
1.64 1.14103 0.847276
1.645 1.14526 0.842268
1.65 1.14946 0.837187
1.655 1.15363 0.832033
1.66 1.15778 0.826806
1.665 1.1619 0.821506
1.67 1.16599 0.816132
1.675 1.17006 0.810686
1.68 1.1741 0.805166
1.685 1.17811 0.799573
1.69 1.18209 0.793906
1.695 1.18605 0.788165
1.7 1.18998 0.782351
1.705 1.19387 0.776463
1.71 1.19774 0.770502
1.715 1.20158 0.764467
1.72 1.20539 0.758357
1.725 1.20916 0.752174
1.73 1.21291 0.745917
1.735 1.21662 0.739586
1.74 1.2203 0.73318
1.745 1.22395 0.726701
1.75 1.22757 0.720147
1.755 1.23115 0.713519
1.76 1.2347 0.706818
1.765 1.23822 0.700041
1.77 1.2417 0.693191
1.775 1.24515 0.686266
1.78 1.24857 0.679267
1.785 1.25195 0.672194
1.79 1.25529 0.665047
1.795 1.2586 0.657825
1.8 1.26187 0.650529
1.805 1.2651 0.643159
1.81 1.2683 0.635714
1.815 1.27146 0.628195
1.82 1.27458 0.620602
1.825 1.27766 0.612935
1.83 1.28071 0.605193
1.835 1.28372 0.597378
1.84 1.28668 0.589488
1.845 1.28961 0.581524
1.85 1.2925 0.573486
1.855 1.29535 0.565374
1.86 1.29815 0.557189
1.865 1.30092 0.548929
1.87 1.30364 0.540595
1.875 1.30632 0.532188
1.88 1.30896 0.523707
1.885 1.31156 0.515152
1.89 1.31411 0.506524
1.895 1.31663 0.497822
1.9 1.31909 0.489046
1.905 1.32152 0.480198
1.91 1.32389 0.471276
1.915 1.32623 0.462281
1.92 1.32852 0.453213
1.925 1.33076 0.444071
1.93 1.33296 0.434857
1.935 1.33511 0.425571
1.94 1.33721 0.416211
1.945 1.33927 0.406779
1.95 1.34128 0.397275
1.955 1.34324 0.387699
1.96 1.34516 0.37805
1.965 1.34702 0.368329
1.97 1.34884 0.358536
1.975 1.35061 0.348672
1.98 1.35233 0.338736
1.985 1.354 0.328729
1.99 1.35561 0.31865
1.995 1.35718 0.3085
2 1.3587 0.298279
2.005 1.36017 0.287988
2.01 1.36158 0.277626
2.015 1.36294 0.267193
2.02 1.36425 0.25669
2.025 1.36551 0.246117
2.03 1.36671 0.235474
2.035 1.36786 0.224762
2.04 1.36896 0.21398
2.045 1.37 0.203128
2.05 1.37099 0.192208
2.055 1.37192 0.181219
2.06 1.3728 0.170161
2.065 1.37363 0.159034
2.07 1.37439 0.14784
2.075 1.3751 0.136577
2.08 1.37576 0.125247
2.085 1.37636 0.113849
2.09 1.3769 0.102384
2.095 1.37738 0.0908519
2.1 1.37781 0.0792531
2.105 1.37817 0.0675878
2.11 1.37848 0.0558563
2.115 1.37873 0.0440588
2.12 1.37892 0.0321956
2.125 1.37905 0.0202669
2.13 1.37912 0.00827317
2.135 1.37914 -0.00378545
2.14 1.37909 -0.0159086
2.145 1.37898 -0.0280961
2.15 1.37881 -0.0403475
2.155 1.37857 -0.0526626
2.16 1.37828 -0.065041
2.165 1.37792 -0.0774825
2.17 1.3775 -0.0899867
2.175 1.37702 -0.102553
2.18 1.37648 -0.115182
2.185 1.37587 -0.127872
2.19 1.3752 -0.140624
2.195 1.37446 -0.153437
2.2 1.37367 -0.166311
2.205 1.3728 -0.179245
2.21 1.37187 -0.192239
2.215 1.37088 -0.205292
2.22 1.36982 -0.218405
2.225 1.36869 -0.231577
2.23 1.3675 -0.244807
2.235 1.36625 -0.258096
2.24 1.36492 -0.271442
2.245 1.36353 -0.284846
2.25 1.36207 -0.298307
2.255 1.36055 -0.311824
2.26 1.35896 -0.325397
2.265 1.35729 -0.339026
2.27 1.35557 -0.352711
2.275 1.35377 -0.36645
2.28 1.3519 -0.380244
2.285 1.34996 -0.394093
2.29 1.34796 -0.407994
2.295 1.34588 -0.421949
2.3 1.34374 -0.435957
2.305 1.34153 -0.450017
2.31 1.33924 -0.464129
2.315 1.33688 -0.478293
2.32 1.33446 -0.492507
2.325 1.33196 -0.506772
2.33 1.32939 -0.521087
2.335 1.32675 -0.535451
2.34 1.32403 -0.549864
2.345 1.32125 -0.564326
2.35 1.31839 -0.578837
2.355 1.31546 -0.593394
2.36 1.31246 -0.607999
2.365 1.30938 -0.62265
2.37 1.30623 -0.637348
2.375 1.30301 -0.652091
2.38 1.29971 -0.666879
2.385 1.29634 -0.681712
2.39 1.29289 -0.696588
2.395 1.28937 -0.711508
2.4 1.28578 -0.726471
2.405 1.28211 -0.741476
2.41 1.27836 -0.756523
2.415 1.27454 -0.771612
2.42 1.27065 -0.786741
2.425 1.26667 -0.80191
2.43 1.26263 -0.817118
2.435 1.2585 -0.832366
2.44 1.2543 -0.847652
2.445 1.25003 -0.862976
2.45 1.24567 -0.878337
2.455 1.24124 -0.893735
2.46 1.23674 -0.909169
2.465 1.23215 -0.924639
2.47 1.22749 -0.940143
2.475 1.22275 -0.955681
2.48 1.21793 -0.971253
2.485 1.21304 -0.986858
2.49 1.20806 -1.0025
2.495 1.20301 -1.01817
2.5 1.19788 -1.03387
2.505 1.19267 -1.0496
2.51 1.18739 -1.06536
2.515 1.18202 -1.08115
2.52 1.17657 -1.09696
2.525 1.17105 -1.11281
2.53 1.16545 -1.12868
2.535 1.15976 -1.14458
2.54 1.154 -1.16051
2.545 1.14816 -1.17646
2.55 1.14224 -1.19244
2.555 1.13623 -1.20844
2.56 1.13015 -1.22446
2.565 1.12399 -1.2405
2.57 1.11775 -1.25657
2.575 1.11142 -1.27266
2.58 1.10502 -1.28876
2.585 1.09854 -1.30489
2.59 1.09197 -1.32104
2.595 1.08533 -1.3372
2.6 1.0786 -1.35338
2.605 1.07179 -1.36958
2.61 1.0649 -1.3858
2.615 1.05793 -1.40203
2.62 1.05088 -1.41827
2.625 1.04375 -1.43453
2.63 1.03654 -1.4508
2.635 1.02924 -1.46708
2.64 1.02187 -1.48338
2.645 1.01441 -1.49968
2.65 1.00687 -1.516
2.655 0.999249 -1.53232
2.66 0.991547 -1.54865
2.665 0.983763 -1.56499
2.67 0.975897 -1.58134
2.675 0.967949 -1.59769
2.68 0.95992 -1.61405
2.685 0.951809 -1.63041
2.69 0.943616 -1.64678
2.695 0.935341 -1.66315
2.7 0.926984 -1.67952
2.705 0.918546 -1.69589
2.71 0.910025 -1.71226
2.715 0.901423 -1.72863
2.72 0.892739 -1.745
2.725 0.883973 -1.76137
2.73 0.875125 -1.77773
2.735 0.866196 -1.7941
2.74 0.857185 -1.81045
2.745 0.848091 -1.8268
2.75 0.838916 -1.84315
2.755 0.82966 -1.85948
2.76 0.820322 -1.87581
2.765 0.810902 -1.89213
2.77 0.8014 -1.90844
2.775 0.791817 -1.92474
2.78 0.782153 -1.94103
2.785 0.772407 -1.9573
2.79 0.76258 -1.97356
2.795 0.752672 -1.98981
2.8 0.742682 -2.00604
2.805 0.732611 -2.02226
2.81 0.722459 -2.03846
2.815 0.712227 -2.05464
2.82 0.701913 -2.0708
2.825 0.691519 -2.08694
2.83 0.681044 -2.10307
2.835 0.670488 -2.11917
2.84 0.659852 -2.13524
2.845 0.649136 -2.1513
2.85 0.638339 -2.16733
2.855 0.627462 -2.18333
2.86 0.616506 -2.19931
2.865 0.605469 -2.21526
2.87 0.594353 -2.23119
2.875 0.583157 -2.24708
2.88 0.571882 -2.26294
2.885 0.560528 -2.27878
2.89 0.549095 -2.29458
2.895 0.537582 -2.31035
2.9 0.525991 -2.32608
2.905 0.514322 -2.34178
2.91 0.502573 -2.35745
2.915 0.490747 -2.37307
2.92 0.478843 -2.38866
2.925 0.466861 -2.40421
2.93 0.454801 -2.41973
2.935 0.442663 -2.4352
2.94 0.430449 -2.45063
2.945 0.418157 -2.46601
2.95 0.405789 -2.48136
2.955 0.393344 -2.49665
2.96 0.380822 -2.51191
2.965 0.368225 -2.52711
2.97 0.355551 -2.54227
2.975 0.342802 -2.55738
2.98 0.329977 -2.57244
2.985 0.317078 -2.58745
2.99 0.304103 -2.60241
2.995 0.291054 -2.61731
3 0.27793 -2.63217
3.005 0.264732 -2.64696
