0.001 5.00083e-07 0.00100025
0.002 2.00067e-06 0.002001
0.003 4.50225e-06 0.00300224
0.004 8.00532e-06 0.00400399
0.005 1.25104e-05 0.00500622
0.006 1.80179e-05 0.00600895
0.007 2.45285e-05 0.00701218
0.008 3.20425e-05 0.00801589
0.009 4.05604e-05 0.0090201
0.01 5.00828e-05 0.0100248
0.011 6.06102e-05 0.01103
0.012 7.21429e-05 0.0120356
0.013 8.46816e-05 0.0130418
0.014 9.82267e-05 0.0140484
0.015 0.000112779 0.0150555
0.016 0.000128338 0.0160631
0.017 0.000144905 0.0170712
0.018 0.00016248 0.0180798
0.019 0.000181065 0.0190888
0.02 0.000200658 0.0200983
0.021 0.000221262 0.0211083
0.022 0.000242875 0.0221188
0.023 0.000265499 0.0231297
0.024 0.000289135 0.0241411
0.025 0.000313782 0.025153
0.026 0.000339441 0.0261653
0.027 0.000366112 0.0271781
0.028 0.000393797 0.0281914
0.029 0.000422495 0.0292051
0.03 0.000452207 0.0302193
0.031 0.000482934 0.031234
0.032 0.000514675 0.0322491
0.033 0.000547432 0.0332646
0.034 0.000581205 0.0342807
0.035 0.000615994 0.0352972
0.036 0.000651799 0.0363141
0.037 0.000688622 0.0373315
0.038 0.000726462 0.0383494
0.039 0.000765321 0.0393677
0.04 0.000805198 0.0403864
0.041 0.000846094 0.0414056
0.042 0.000888009 0.0424253
0.043 0.000930945 0.0434453
0.044 0.0009749 0.0444659
0.045 0.00101988 0.0454869
0.046 0.00106587 0.0465083
0.047 0.00111289 0.0475301
0.048 0.00116093 0.0485524
0.049 0.00121 0.0495752
0.05 0.00126008 0.0505983
0.051 0.0013112 0.0516219
0.052 0.00136333 0.052646
0.053 0.00141649 0.0536705
0.054 0.00147067 0.0546954
0.055 0.00152588 0.0557207
0.056 0.00158211 0.0567464
0.057 0.00163937 0.0577726
0.058 0.00169766 0.0587992
0.059 0.00175697 0.0598263
0.06 0.00181731 0.0608537
0.061 0.00187868 0.0618816
0.062 0.00194107 0.0629099
0.063 0.0020045 0.0639386
0.064 0.00206895 0.0649677
0.065 0.00213443 0.0659973
0.066 0.00220094 0.0670272
0.067 0.00226849 0.0680576
0.068 0.00233706 0.0690884
0.069 0.00240666 0.0701196
0.07 0.0024773 0.0711512
0.071 0.00254897 0.0721832
0.072 0.00262167 0.0732156
0.073 0.0026954 0.0742484
0.074 0.00277016 0.0752816
0.075 0.00284596 0.0763152
0.076 0.00292279 0.0773493
0.077 0.00300066 0.0783837
0.078 0.00307956 0.0794185
0.079 0.0031595 0.0804537
0.08 0.00324047 0.0814893
0.081 0.00332248 0.0825253
0.082 0.00340552 0.0835617
0.083 0.0034896 0.0845984
0.084 0.00357472 0.0856356
0.085 0.00366087 0.0866732
0.086 0.00374806 0.0877111
0.087 0.00383629 0.0887494
0.088 0.00392556 0.0897881
0.089 0.00401587 0.0908272
0.09 0.00410722 0.0918666
0.091 0.0041996 0.0929065
0.092 0.00429303 0.0939467
0.093 0.0043875 0.0949873
0.094 0.004483 0.0960283
0.095 0.00457955 0.0970696
0.096 0.00467714 0.0981113
0.097 0.00477578 0.0991534
0.098 0.00487545 0.100196
0.099 0.00497617 0.101239
0.1 0.00507793 0.102282
0.101 0.00518073 0.103325
0.102 0.00528458 0.104369
0.103 0.00538947 0.105413
0.104 0.00549541 0.106458
0.105 0.00560239 0.107503
0.106 0.00571041 0.108548
0.107 0.00581948 0.109594
0.108 0.0059296 0.11064
0.109 0.00604076 0.111687
0.11 0.00615297 0.112733
0.111 0.00626623 0.11378
0.112 0.00638053 0.114828
0.113 0.00649589 0.115876
0.114 0.00661229 0.116924
0.115 0.00672973 0.117972
0.116 0.00684823 0.119021
0.117 0.00696777 0.12007
0.118 0.00708837 0.12112
0.119 0.00721001 0.122169
0.12 0.00733271 0.12322
0.121 0.00745645 0.12427
0.122 0.00758125 0.125321
0.123 0.0077071 0.126372
0.124 0.00783399 0.127423
0.125 0.00796194 0.128475
0.126 0.00809094 0.129527
0.127 0.008221 0.13058
0.128 0.0083521 0.131633
0.129 0.00848426 0.132686
0.13 0.00861747 0.133739
0.131 0.00875174 0.134793
0.132 0.00888706 0.135847
0.133 0.00902343 0.136901
0.134 0.00916086 0.137956
0.135 0.00929935 0.139011
0.136 0.00943889 0.140066
0.137 0.00957948 0.141122
0.138 0.00972113 0.142178
0.139 0.00986383 0.143234
0.14 0.0100076 0.14429
0.141 0.0101524 0.145347
0.142 0.0102983 0.146404
0.143 0.0104452 0.147462
0.144 0.0105932 0.14852
0.145 0.0107423 0.149578
0.146 0.0108924 0.150636
0.147 0.0110435 0.151694
0.148 0.0111958 0.152753
0.149 0.011349 0.153813
0.15 0.0115034 0.154872
0.151 0.0116588 0.155932
0.152 0.0118152 0.156992
0.153 0.0119728 0.158052
0.154 0.0121314 0.159113
0.155 0.012291 0.160174
0.156 0.0124517 0.161235
0.157 0.0126135 0.162296
0.158 0.0127763 0.163358
0.159 0.0129402 0.16442
0.16 0.0131051 0.165482
0.161 0.0132711 0.166545
0.162 0.0134382 0.167607
0.163 0.0136064 0.16867
0.164 0.0137756 0.169734
0.165 0.0139458 0.170797
0.166 0.0141172 0.171861
0.167 0.0142896 0.172925
0.168 0.014463 0.17399
0.169 0.0146375 0.175054
0.17 0.0148131 0.176119
0.171 0.0149898 0.177184
0.172 0.0151675 0.17825
0.173 0.0153463 0.179315
0.174 0.0155261 0.180381
0.175 0.015707 0.181447
0.176 0.015889 0.182514
0.177 0.0160721 0.18358
0.178 0.0162562 0.184647
0.179 0.0164414 0.185714
0.18 0.0166276 0.186782
0.181 0.0168149 0.187849
0.182 0.0170033 0.188917
0.183 0.0171927 0.189985
0.184 0.0173833 0.191053
0.185 0.0175749 0.192122
0.186 0.0177675 0.193191
0.187 0.0179612 0.19426
0.188 0.018156 0.195329
0.189 0.0183519 0.196398
0.19 0.0185488 0.197468
0.191 0.0187468 0.198538
0.192 0.0189459 0.199608
0.193 0.019146 0.200678
0.194 0.0193473 0.201749
0.195 0.0195495 0.202819
0.196 0.0197529 0.20389
0.197 0.0199573 0.204961
0.198 0.0201628 0.206033
0.199 0.0203694 0.207104
0.2 0.020577 0.208176
0.201 0.0207857 0.209248
0.202 0.0209955 0.21032
0.203 0.0212064 0.211392
0.204 0.0214183 0.212465
0.205 0.0216313 0.213538
0.206 0.0218454 0.214611
0.207 0.0220605 0.215684
0.208 0.0222768 0.216757
0.209 0.022494 0.217831
0.21 0.0227124 0.218904
0.211 0.0229319 0.219978
0.212 0.0231524 0.221052
0.213 0.023374 0.222127
0.214 0.0235966 0.223201
0.215 0.0238204 0.224276
0.216 0.0240452 0.225351
0.217 0.0242711 0.226425
0.218 0.024498 0.227501
0.219 0.0247261 0.228576
0.22 0.0249552 0.229651
0.221 0.0251854 0.230727
0.222 0.0254166 0.231803
0.223 0.025649 0.232879
0.224 0.0258824 0.233955
0.225 0.0261169 0.235031
0.226 0.0263525 0.236108
0.227 0.0265891 0.237185
0.228 0.0268268 0.238261
0.229 0.0270656 0.239338
0.23 0.0273055 0.240415
0.231 0.0275465 0.241493
0.232 0.0277885 0.24257
0.233 0.0280316 0.243648
0.234 0.0282758 0.244725
0.235 0.028521 0.245803
0.236 0.0287674 0.246881
0.237 0.0290148 0.247959
0.238 0.0292633 0.249037
0.239 0.0295129 0.250116
0.24 0.0297635 0.251194
0.241 0.0300153 0.252273
0.242 0.0302681 0.253352
0.243 0.030522 0.254431
0.244 0.0307769 0.25551
0.245 0.031033 0.256589
0.246 0.0312901 0.257668
0.247 0.0315483 0.258748
0.248 0.0318076 0.259827
0.249 0.032068 0.260907
0.25 0.0323294 0.261986
0.251 0.032592 0.263066
0.252 0.0328556 0.264146
0.253 0.0331202 0.265226
0.254 0.033386 0.266307
0.255 0.0336529 0.267387
0.256 0.0339208 0.268467
0.257 0.0341898 0.269548
0.258 0.0344599 0.270629
0.259 0.0347311 0.271709
0.26 0.0350033 0.27279
0.261 0.0352766 0.273871
0.262 0.035551 0.274952
0.263 0.0358265 0.276033
0.264 0.0361031 0.277114
0.265 0.0363808 0.278196
0.266 0.0366595 0.279277
0.267 0.0369393 0.280359
0.268 0.0372202 0.28144
0.269 0.0375022 0.282522
0.27 0.0377853 0.283603
0.271 0.0380694 0.284685
0.272 0.0383546 0.285767
0.273 0.0386409 0.286849
0.274 0.0389283 0.287931
0.275 0.0392168 0.289013
0.276 0.0395064 0.290095
0.277 0.039797 0.291177
0.278 0.0400887 0.29226
0.279 0.0403815 0.293342
0.28 0.0406754 0.294425
0.281 0.0409704 0.295507
0.282 0.0412664 0.296589
0.283 0.0415635 0.297672
0.284 0.0418618 0.298755
0.285 0.0421611 0.299837
0.286 0.0424614 0.30092
0.287 0.0427629 0.302003
0.288 0.0430654 0.303086
0.289 0.0433691 0.304169
0.29 0.0436738 0.305251
0.291 0.0439796 0.306334
0.292 0.0442864 0.307417
0.293 0.0445944 0.3085
0.294 0.0449034 0.309583
0.295 0.0452136 0.310667
0.296 0.0455248 0.31175
0.297 0.0458371 0.312833
0.298 0.0461504 0.313916
0.299 0.0464649 0.314999
0.3 0.0467804 0.316082
0.301 0.0470971 0.317166
0.302 0.0474148 0.318249
0.303 0.0477336 0.319332
0.304 0.0480534 0.320415
0.305 0.0483744 0.321499
0.306 0.0486964 0.322582
0.307 0.0490196 0.323665
0.308 0.0493438 0.324749
0.309 0.0496691 0.325832
0.31 0.0499954 0.326915
0.311 0.0503229 0.327999
0.312 0.0506514 0.329082
0.313 0.0509811 0.330165
0.314 0.0513118 0.331249
0.315 0.0516435 0.332332
0.316 0.0519764 0.333415
0.317 0.0523104 0.334499
0.318 0.0526454 0.335582
0.319 0.0529815 0.336665
0.32 0.0533187 0.337749
0.321 0.053657 0.338832
0.322 0.0539964 0.339915
0.323 0.0543369 0.340998
0.324 0.0546784 0.342081
0.325 0.055021 0.343165
0.326 0.0553647 0.344248
0.327 0.0557095 0.345331
0.328 0.0560554 0.346414
0.329 0.0564024 0.347497
0.33 0.0567504 0.34858
0.331 0.0570995 0.349663
0.332 0.0574497 0.350746
0.333 0.057801 0.351829
0.334 0.0581534 0.352911
0.335 0.0585068 0.353994
0.336 0.0588614 0.355077
0.337 0.059217 0.35616
0.338 0.0595737 0.357242
0.339 0.0599315 0.358325
0.34 0.0602903 0.359407
0.341 0.0606503 0.36049
0.342 0.0610113 0.361572
0.343 0.0613734 0.362655
0.344 0.0617366 0.363737
0.345 0.0621009 0.364819
0.346 0.0624663 0.365901
0.347 0.0628327 0.366983
0.348 0.0632002 0.368065
0.349 0.0635688 0.369147
0.35 0.0639385 0.370229
0.351 0.0643093 0.371311
0.352 0.0646811 0.372392
0.353 0.0650541 0.373474
0.354 0.0654281 0.374556
0.355 0.0658032 0.375637
0.356 0.0661794 0.376718
0.357 0.0665566 0.3778
0.358 0.066935 0.378881
0.359 0.0673144 0.379962
0.36 0.0676949 0.381043
0.361 0.0680765 0.382124
0.362 0.0684591 0.383204
0.363 0.0688429 0.384285
0.364 0.0692277 0.385366
0.365 0.0696136 0.386446
0.366 0.0700006 0.387527
0.367 0.0703887 0.388607
0.368 0.0707778 0.389687
0.369 0.071168 0.390767
0.37 0.0715593 0.391847
0.371 0.0719517 0.392927
0.372 0.0723452 0.394006
0.373 0.0727397 0.395086
0.374 0.0731354 0.396165
0.375 0.0735321 0.397244
0.376 0.0739299 0.398324
0.377 0.0743287 0.399403
0.378 0.0747287 0.400481
0.379 0.0751297 0.40156
0.38 0.0755318 0.402639
0.381 0.075935 0.403717
0.382 0.0763392 0.404796
0.383 0.0767446 0.405874
0.384 0.077151 0.406952
0.385 0.0775585 0.40803
0.386 0.077967 0.409107
0.387 0.0783767 0.410185
0.388 0.0787874 0.411262
0.389 0.0791992 0.41234
0.39 0.0796121 0.413417
0.391 0.080026 0.414494
0.392 0.0804411 0.41557
0.393 0.0808572 0.416647
0.394 0.0812744 0.417724
0.395 0.0816926 0.4188
0.396 0.082112 0.419876
0.397 0.0825324 0.420952
0.398 0.0829539 0.422028
0.399 0.0833764 0.423103
0.4 0.0838001 0.424179
0.401 0.0842248 0.425254
0.402 0.0846506 0.426329
0.403 0.0850774 0.427404
0.404 0.0855054 0.428478
0.405 0.0859344 0.429553
0.406 0.0863645 0.430627
0.407 0.0867956 0.431701
0.408 0.0872279 0.432775
0.409 0.0876612 0.433849
0.41 0.0880956 0.434922
0.411 0.088531 0.435996
0.412 0.0889676 0.437069
0.413 0.0894052 0.438141
0.414 0.0898439 0.439214
0.415 0.0902836 0.440287
0.416 0.0907244 0.441359
0.417 0.0911663 0.442431
0.418 0.0916093 0.443503
0.419 0.0920533 0.444574
0.42 0.0924984 0.445645
0.421 0.0929446 0.446717
0.422 0.0933919 0.447787
0.423 0.0938402 0.448858
0.424 0.0942896 0.449929
0.425 0.0947401 0.450999
0.426 0.0951916 0.452069
0.427 0.0956442 0.453138
0.428 0.0960979 0.454208
0.429 0.0965526 0.455277
0.43 0.0970084 0.456346
0.431 0.0974653 0.457415
0.432 0.0979232 0.458483
0.433 0.0983823 0.459552
0.434 0.0988424 0.46062
0.435 0.0993035 0.461687
0.436 0.0997657 0.462755
0.437 0.100229 0.463822
0.438 0.100693 0.464889
0.439 0.101159 0.465956
0.44 0.101625 0.467022
0.441 0.102093 0.468088
0.442 0.102561 0.469154
0.443 0.103031 0.47022
0.444 0.103502 0.471285
0.445 0.103974 0.47235
0.446 0.104447 0.473415
0.447 0.104921 0.474479
0.448 0.105396 0.475544
0.449 0.105872 0.476608
0.45 0.106349 0.477671
0.451 0.106827 0.478735
0.452 0.107306 0.479798
0.453 0.107787 0.48086
0.454 0.108268 0.481923
0.455 0.10875 0.482985
0.456 0.109234 0.484047
0.457 0.109719 0.485108
0.458 0.110204 0.48617
0.459 0.110691 0.487231
0.46 0.111179 0.488291
0.461 0.111667 0.489352
0.462 0.112157 0.490412
0.463 0.112648 0.491471
0.464 0.11314 0.492531
0.465 0.113633 0.49359
0.466 0.114127 0.494648
0.467 0.114623 0.495707
0.468 0.115119 0.496765
0.469 0.115616 0.497822
0.47 0.116114 0.49888
0.471 0.116614 0.499937
0.472 0.117114 0.500994
0.473 0.117616 0.50205
0.474 0.118118 0.503106
0.475 0.118622 0.504162
0.476 0.119127 0.505217
0.477 0.119633 0.506272
0.478 0.120139 0.507327
0.479 0.120647 0.508381
0.48 0.121156 0.509435
0.481 0.121666 0.510488
0.482 0.122177 0.511542
0.483 0.122689 0.512595
0.484 0.123202 0.513647
0.485 0.123716 0.514699
0.486 0.124232 0.515751
0.487 0.124748 0.516802
0.488 0.125265 0.517853
0.489 0.125784 0.518904
0.49 0.126303 0.519954
0.491 0.126824 0.521004
0.492 0.127345 0.522053
0.493 0.127868 0.523103
0.494 0.128391 0.524151
0.495 0.128916 0.5252
0.496 0.129442 0.526247
0.497 0.129968 0.527295
0.498 0.130496 0.528342
0.499 0.131025 0.529389
0.5 0.131555 0.530435
0.501 0.132086 0.531481
0.502 0.132618 0.532527
0.503 0.133151 0.533572
0.504 0.133685 0.534616
0.505 0.13422 0.535661
0.506 0.134756 0.536705
0.507 0.135294 0.537748
0.508 0.135832 0.538791
0.509 0.136371 0.539834
0.51 0.136912 0.540876
0.511 0.137453 0.541918
0.512 0.137995 0.542959
0.513 0.138539 0.544
0.514 0.139083 0.54504
0.515 0.139629 0.54608
0.516 0.140176 0.54712
0.517 0.140723 0.548159
0.518 0.141272 0.549198
0.519 0.141822 0.550236
0.52 0.142372 0.551274
0.521 0.142924 0.552311
0.522 0.143477 0.553348
0.523 0.144031 0.554385
0.524 0.144586 0.55542
0.525 0.145142 0.556456
0.526 0.145699 0.557491
0.527 0.146257 0.558526
0.528 0.146816 0.55956
0.529 0.147376 0.560594
0.53 0.147937 0.561627
0.531 0.148499 0.562659
0.532 0.149062 0.563692
0.533 0.149626 0.564723
0.534 0.150192 0.565755
0.535 0.150758 0.566786
0.536 0.151325 0.567816
0.537 0.151894 0.568846
0.538 0.152463 0.569875
0.539 0.153033 0.570904
0.54 0.153605 0.571932
0.541 0.154177 0.57296
0.542 0.154751 0.573987
0.543 0.155325 0.575014
0.544 0.155901 0.576041
0.545 0.156477 0.577066
0.546 0.157055 0.578092
0.547 0.157633 0.579117
0.548 0.158213 0.580141
0.549 0.158794 0.581165
0.55 0.159375 0.582188
0.551 0.159958 0.583211
0.552 0.160542 0.584233
0.553 0.161127 0.585255
0.554 0.161712 0.586276
0.555 0.162299 0.587296
0.556 0.162887 0.588317
0.557 0.163476 0.589336
0.558 0.164066 0.590355
0.559 0.164657 0.591374
0.56 0.165248 0.592392
0.561 0.165841 0.593409
0.562 0.166435 0.594426
0.563 0.16703 0.595442
0.564 0.167626 0.596458
0.565 0.168223 0.597473
0.566 0.168821 0.598488
0.567 0.16942 0.599502
0.568 0.17002 0.600515
0.569 0.170621 0.601528
0.57 0.171223 0.602541
0.571 0.171826 0.603553
0.572 0.17243 0.604564
0.573 0.173035 0.605574
0.574 0.173641 0.606585
0.575 0.174248 0.607594
0.576 0.174857 0.608603
0.577 0.175466 0.609611
0.578 0.176076 0.610619
0.579 0.176687 0.611626
0.58 0.177299 0.612633
0.581 0.177912 0.613639
0.582 0.178526 0.614644
0.583 0.179141 0.615649
0.584 0.179758 0.616653
0.585 0.180375 0.617657
0.586 0.180993 0.61866
0.587 0.181612 0.619662
0.588 0.182232 0.620664
0.589 0.182853 0.621665
0.59 0.183476 0.622666
0.591 0.184099 0.623666
0.592 0.184723 0.624665
0.593 0.185348 0.625664
0.594 0.185974 0.626662
0.595 0.186601 0.627659
0.596 0.18723 0.628656
0.597 0.187859 0.629652
0.598 0.188489 0.630648
0.599 0.18912 0.631643
0.6 0.189752 0.632637
0.601 0.190385 0.633631
0.602 0.191019 0.634624
0.603 0.191655 0.635616
0.604 0.192291 0.636608
0.605 0.192928 0.637599
0.606 0.193566 0.638589
0.607 0.194205 0.639579
0.608 0.194845 0.640568
0.609 0.195486 0.641556
0.61 0.196128 0.642544
0.611 0.196771 0.643531
0.612 0.197415 0.644518
0.613 0.19806 0.645503
0.614 0.198706 0.646488
0.615 0.199353 0.647473
0.616 0.200001 0.648456
0.617 0.20065 0.64944
0.618 0.2013 0.650422
0.619 0.201951 0.651404
0.62 0.202603 0.652384
0.621 0.203256 0.653365
0.622 0.20391 0.654344
0.623 0.204564 0.655323
0.624 0.20522 0.656301
0.625 0.205877 0.657279
0.626 0.206535 0.658256
0.627 0.207193 0.659232
0.628 0.207853 0.660207
0.629 0.208514 0.661182
0.63 0.209176 0.662156
0.631 0.209838 0.663129
0.632 0.210502 0.664102
0.633 0.211166 0.665073
0.634 0.211832 0.666044
0.635 0.212498 0.667015
0.636 0.213166 0.667984
0.637 0.213834 0.668953
0.638 0.214504 0.669921
0.639 0.215174 0.670889
0.64 0.215846 0.671856
0.641 0.216518 0.672821
0.642 0.217191 0.673787
0.643 0.217866 0.674751
0.644 0.218541 0.675715
0.645 0.219217 0.676678
0.646 0.219894 0.67764
0.647 0.220572 0.678601
0.648 0.221251 0.679562
0.649 0.221931 0.680522
0.65 0.222612 0.681481
0.651 0.223294 0.68244
0.652 0.223977 0.683397
0.653 0.224661 0.684354
0.654 0.225346 0.68531
0.655 0.226032 0.686266
0.656 0.226719 0.68722
0.657 0.227406 0.688174
0.658 0.228095 0.689127
0.659 0.228784 0.690079
0.66 0.229475 0.69103
0.661 0.230167 0.691981
0.662 0.230859 0.692931
0.663 0.231552 0.69388
0.664 0.232247 0.694828
0.665 0.232942 0.695775
0.666 0.233638 0.696722
0.667 0.234335 0.697668
0.668 0.235034 0.698613
0.669 0.235733 0.699557
0.67 0.236433 0.7005
0.671 0.237134 0.701443
0.672 0.237836 0.702385
0.673 0.238538 0.703326
0.674 0.239242 0.704266
0.675 0.239947 0.705205
0.676 0.240653 0.706144
0.677 0.241359 0.707081
0.678 0.242067 0.708018
0.679 0.242775 0.708954
0.68 0.243485 0.709889
0.681 0.244195 0.710823
0.682 0.244906 0.711757
0.683 0.245619 0.712689
0.684 0.246332 0.713621
0.685 0.247046 0.714552
0.686 0.247761 0.715482
0.687 0.248477 0.716411
0.688 0.249194 0.717339
0.689 0.249912 0.718267
0.69 0.25063 0.719193
0.691 0.25135 0.720119
0.692 0.25207 0.721044
0.693 0.252792 0.721968
0.694 0.253514 0.722891
0.695 0.254238 0.723813
0.696 0.254962 0.724735
0.697 0.255687 0.725655
0.698 0.256413 0.726575
0.699 0.25714 0.727493
0.7 0.257868 0.728411
0.701 0.258597 0.729328
0.702 0.259327 0.730244
0.703 0.260058 0.731159
0.704 0.260789 0.732074
0.705 0.261522 0.732987
0.706 0.262255 0.733899
0.707 0.26299 0.734811
0.708 0.263725 0.735721
0.709 0.264461 0.736631
0.71 0.265198 0.73754
0.711 0.265936 0.738448
0.712 0.266675 0.739355
0.713 0.267415 0.740261
0.714 0.268156 0.741166
0.715 0.268897 0.74207
0.716 0.26964 0.742973
0.717 0.270383 0.743875
0.718 0.271127 0.744777
0.719 0.271873 0.745677
0.72 0.272619 0.746577
0.721 0.273366 0.747475
0.722 0.274114 0.748373
0.723 0.274863 0.749269
0.724 0.275612 0.750165
0.725 0.276363 0.75106
0.726 0.277114 0.751954
0.727 0.277867 0.752847
0.728 0.27862 0.753738
0.729 0.279374 0.754629
0.73 0.280129 0.755519
0.731 0.280885 0.756408
0.732 0.281642 0.757296
0.733 0.2824 0.758183
0.734 0.283159 0.759069
0.735 0.283918 0.759954
0.736 0.284678 0.760838
0.737 0.28544 0.761722
0.738 0.286202 0.762604
0.739 0.286965 0.763485
0.74 0.287729 0.764365
0.741 0.288494 0.765244
0.742 0.289259 0.766122
0.743 0.290026 0.766999
0.744 0.290793 0.767876
0.745 0.291562 0.768751
0.746 0.292331 0.769625
0.747 0.293101 0.770498
0.748 0.293872 0.77137
0.749 0.294644 0.772241
0.75 0.295416 0.773111
0.751 0.29619 0.77398
0.752 0.296964 0.774848
0.753 0.29774 0.775715
0.754 0.298516 0.776581
0.755 0.299293 0.777446
0.756 0.300071 0.77831
0.757 0.300849 0.779173
0.758 0.301629 0.780035
0.759 0.302409 0.780896
0.76 0.303191 0.781755
0.761 0.303973 0.782614
0.762 0.304756 0.783472
0.763 0.30554 0.784328
0.764 0.306325 0.785184
0.765 0.30711 0.786039
0.766 0.307897 0.786892
0.767 0.308684 0.787744
0.768 0.309472 0.788596
0.769 0.310261 0.789446
0.77 0.311051 0.790295
0.771 0.311842 0.791143
0.772 0.312633 0.79199
0.773 0.313426 0.792836
0.774 0.314219 0.793681
0.775 0.315013 0.794525
0.776 0.315808 0.795368
0.777 0.316604 0.796209
0.778 0.317401 0.79705
0.779 0.318198 0.797889
0.78 0.318996 0.798727
0.781 0.319795 0.799565
0.782 0.320595 0.800401
0.783 0.321396 0.801236
0.784 0.322198 0.80207
0.785 0.323 0.802903
0.786 0.323804 0.803734
0.787 0.324608 0.804565
0.788 0.325413 0.805394
0.789 0.326219 0.806223
0.79 0.327025 0.80705
0.791 0.327833 0.807876
0.792 0.328641 0.808701
0.793 0.32945 0.809525
0.794 0.33026 0.810348
0.795 0.331071 0.811169
0.796 0.331882 0.81199
0.797 0.332695 0.812809
0.798 0.333508 0.813627
0.799 0.334322 0.814444
0.8 0.335137 0.81526
0.801 0.335953 0.816075
0.802 0.336769 0.816889
0.803 0.337586 0.817701
0.804 0.338405 0.818512
0.805 0.339223 0.819322
0.806 0.340043 0.820131
0.807 0.340864 0.820939
0.808 0.341685 0.821746
0.809 0.342507 0.822551
0.81 0.34333 0.823355
0.811 0.344154 0.824158
0.812 0.344978 0.82496
0.813 0.345804 0.825761
0.814 0.34663 0.826561
0.815 0.347457 0.827359
0.816 0.348285 0.828156
0.817 0.349113 0.828952
0.818 0.349943 0.829747
0.819 0.350773 0.83054
0.82 0.351604 0.831333
0.821 0.352435 0.832124
0.822 0.353268 0.832914
0.823 0.354101 0.833703
0.824 0.354935 0.83449
0.825 0.35577 0.835277
0.826 0.356606 0.836062
0.827 0.357442 0.836846
0.828 0.35828 0.837628
0.829 0.359118 0.83841
0.83 0.359956 0.83919
0.831 0.360796 0.839969
0.832 0.361636 0.840747
0.833 0.362477 0.841523
0.834 0.363319 0.842299
0.835 0.364162 0.843073
0.836 0.365006 0.843845
0.837 0.36585 0.844617
0.838 0.366695 0.845387
0.839 0.367541 0.846156
0.84 0.368387 0.846924
0.841 0.369234 0.847691
0.842 0.370082 0.848456
0.843 0.370931 0.84922
0.844 0.371781 0.849983
0.845 0.372631 0.850744
0.846 0.373482 0.851505
0.847 0.374334 0.852264
0.848 0.375187 0.853021
0.849 0.37604 0.853778
0.85 0.376894 0.854533
0.851 0.377749 0.855287
0.852 0.378605 0.856039
0.853 0.379461 0.856791
0.854 0.380319 0.857541
0.855 0.381177 0.85829
0.856 0.382035 0.859037
0.857 0.382895 0.859783
0.858 0.383755 0.860528
0.859 0.384616 0.861271
0.86 0.385477 0.862014
0.861 0.38634 0.862755
0.862 0.387203 0.863494
0.863 0.388067 0.864232
0.864 0.388931 0.864969
0.865 0.389797 0.865705
0.866 0.390663 0.866439
0.867 0.391529 0.867172
0.868 0.392397 0.867904
0.869 0.393265 0.868634
0.87 0.394134 0.869363
0.871 0.395004 0.870091
0.872 0.395874 0.870818
0.873 0.396746 0.871543
0.874 0.397618 0.872266
0.875 0.39849 0.872989
0.876 0.399364 0.87371
0.877 0.400238 0.874429
0.878 0.401112 0.875147
0.879 0.401988 0.875864
0.88 0.402864 0.87658
0.881 0.403741 0.877294
0.882 0.404619 0.878007
0.883 0.405497 0.878718
0.884 0.406376 0.879429
0.885 0.407256 0.880137
0.886 0.408136 0.880845
0.887 0.409018 0.881551
0.888 0.4099 0.882255
0.889 0.410782 0.882959
0.89 0.411665 0.88366
0.891 0.412549 0.884361
0.892 0.413434 0.88506
0.893 0.41432 0.885758
0.894 0.415206 0.886454
0.895 0.416092 0.887149
0.896 0.41698 0.887842
0.897 0.417868 0.888534
0.898 0.418757 0.889225
0.899 0.419647 0.889914
0.9 0.420537 0.890602
0.901 0.421428 0.891289
0.902 0.422319 0.891974
0.903 0.423212 0.892657
0.904 0.424105 0.893339
0.905 0.424998 0.89402
0.906 0.425893 0.8947
0.907 0.426788 0.895377
0.908 0.427684 0.896054
0.909 0.42858 0.896729
0.91 0.429477 0.897403
0.911 0.430375 0.898075
0.912 0.431273 0.898746
0.913 0.432172 0.899415
0.914 0.433072 0.900083
0.915 0.433972 0.900749
0.916 0.434873 0.901414
0.917 0.435775 0.902078
0.918 0.436678 0.90274
0.919 0.437581 0.9034
0.92 0.438484 0.904059
0.921 0.439389 0.904717
0.922 0.440294 0.905373
0.923 0.4412 0.906028
0.924 0.442106 0.906681
0.925 0.443013 0.907333
0.926 0.443921 0.907983
0.927 0.444829 0.908632
0.928 0.445738 0.909279
0.929 0.446647 0.909925
0.93 0.447558 0.910569
0.931 0.448469 0.911212
0.932 0.44938 0.911853
0.933 0.450292 0.912493
0.934 0.451205 0.913132
0.935 0.452119 0.913768
0.936 0.453033 0.914404
0.937 0.453947 0.915038
0.938 0.454863 0.91567
0.939 0.455779 0.916301
0.94 0.456695 0.91693
0.941 0.457613 0.917558
0.942 0.45853 0.918184
0.943 0.459449 0.918809
0.944 0.460368 0.919432
0.945 0.461288 0.920054
0.946 0.462208 0.920674
0.947 0.463129 0.921293
0.948 0.464051 0.92191
0.949 0.464973 0.922525
0.95 0.465896 0.923139
0.951 0.466819 0.923752
0.952 0.467743 0.924363
0.953 0.468668 0.924972
0.954 0.469593 0.92558
0.955 0.470519 0.926186
0.956 0.471446 0.926791
0.957 0.472373 0.927394
0.958 0.4733 0.927995
0.959 0.474229 0.928595
0.96 0.475158 0.929194
0.961 0.476087 0.929791
0.962 0.477017 0.930386
0.963 0.477948 0.93098
0.964 0.478879 0.931572
0.965 0.479811 0.932163
0.966 0.480743 0.932752
0.967 0.481677 0.933339
0.968 0.48261 0.933925
0.969 0.483544 0.934509
0.97 0.484479 0.935092
0.971 0.485415 0.935673
0.972 0.48635 0.936252
0.973 0.487287 0.93683
0.974 0.488224 0.937406
0.975 0.489162 0.937981
0.976 0.4901 0.938554
0.977 0.491039 0.939125
0.978 0.491978 0.939695
0.979 0.492918 0.940263
0.98 0.493859 0.94083
0.981 0.4948 0.941395
0.982 0.495742 0.941958
0.983 0.496684 0.94252
0.984 0.497627 0.94308
0.985 0.49857 0.943638
0.986 0.499514 0.944195
0.987 0.500458 0.94475
0.988 0.501403 0.945303
0.989 0.502349 0.945855
0.99 0.503295 0.946405
0.991 0.504242 0.946954
0.992 0.505189 0.947501
0.993 0.506137 0.948046
0.994 0.507085 0.94859
0.995 0.508034 0.949132
0.996 0.508983 0.949672
0.997 0.509933 0.950211
0.998 0.510884 0.950748
0.999 0.511835 0.951283
1 0.512786 0.951816
1.001 0.513739 0.952348
1.002 0.514691 0.952879
1.003 0.515644 0.953407
1.004 0.516598 0.953934
1.005 0.517552 0.954459
1.006 0.518507 0.954983
1.007 0.519462 0.955505
1.008 0.520418 0.956025
1.009 0.521374 0.956543
1.01 0.522331 0.95706
1.011 0.523288 0.957575
1.012 0.524246 0.958089
1.013 0.525204 0.9586
1.014 0.526163 0.95911
1.015 0.527123 0.959618
1.016 0.528083 0.960125
1.017 0.529043 0.96063
1.018 0.530004 0.961133
1.019 0.530965 0.961634
1.02 0.531927 0.962134
1.021 0.532889 0.962632
1.022 0.533852 0.963128
1.023 0.534816 0.963622
1.024 0.53578 0.964115
1.025 0.536744 0.964606
1.026 0.537709 0.965095
1.027 0.538674 0.965583
1.028 0.53964 0.966068
1.029 0.540606 0.966552
1.03 0.541573 0.967035
1.031 0.54254 0.967515
1.032 0.543508 0.967994
1.033 0.544476 0.968471
1.034 0.545445 0.968946
1.035 0.546414 0.96942
1.036 0.547384 0.969891
1.037 0.548354 0.970361
1.038 0.549325 0.97083
1.039 0.550296 0.971296
1.04 0.551267 0.971761
1.041 0.552239 0.972223
1.042 0.553212 0.972685
1.043 0.554185 0.973144
1.044 0.555158 0.973601
1.045 0.556132 0.974057
1.046 0.557106 0.974511
1.047 0.558081 0.974963
1.048 0.559056 0.975414
1.049 0.560032 0.975862
1.05 0.561008 0.976309
1.051 0.561984 0.976754
1.052 0.562961 0.977197
1.053 0.563939 0.977638
1.054 0.564916 0.978078
1.055 0.565895 0.978515
1.056 0.566874 0.978951
1.057 0.567853 0.979385
1.058 0.568832 0.979818
1.059 0.569812 0.980248
1.06 0.570793 0.980677
1.061 0.571774 0.981104
1.062 0.572755 0.981528
1.063 0.573737 0.981952
1.064 0.574719 0.982373
1.065 0.575701 0.982792
1.066 0.576684 0.98321
1.067 0.577668 0.983626
1.068 0.578652 0.98404
1.069 0.579636 0.984452
1.07 0.580621 0.984862
1.071 0.581606 0.98527
1.072 0.582591 0.985677
1.073 0.583577 0.986081
1.074 0.584563 0.986484
1.075 0.58555 0.986885
1.076 0.586537 0.987284
1.077 0.587525 0.987681
1.078 0.588512 0.988077
1.079 0.589501 0.98847
1.08 0.590489 0.988862
1.081 0.591478 0.989251
1.082 0.592468 0.989639
1.083 0.593458 0.990025
1.084 0.594448 0.990409
1.085 0.595439 0.990791
1.086 0.59643 0.991172
1.087 0.597421 0.99155
1.088 0.598413 0.991926
1.089 0.599405 0.992301
1.09 0.600397 0.992674
1.091 0.60139 0.993044
1.092 0.602383 0.993413
1.093 0.603377 0.99378
1.094 0.604371 0.994145
1.095 0.605365 0.994508
1.096 0.60636 0.99487
1.097 0.607355 0.995229
1.098 0.60835 0.995586
1.099 0.609346 0.995942
1.1 0.610342 0.996295
1.101 0.611339 0.996647
1.102 0.612336 0.996997
1.103 0.613333 0.997344
1.104 0.61433 0.99769
1.105 0.615328 0.998034
1.106 0.616326 0.998376
1.107 0.617325 0.998716
1.108 0.618324 0.999054
1.109 0.619323 0.99939
1.11 0.620322 0.999724
1.111 0.621322 1.00006
1.112 0.622323 1.00039
1.113 0.623323 1.00071
1.114 0.624324 1.00104
1.115 0.625325 1.00137
1.116 0.626327 1.00169
1.117 0.627329 1.00201
1.118 0.628331 1.00233
1.119 0.629333 1.00264
1.12 0.630336 1.00296
1.121 0.631339 1.00327
1.122 0.632343 1.00358
1.123 0.633346 1.00389
1.124 0.63435 1.0042
1.125 0.635355 1.0045
1.126 0.636359 1.0048
1.127 0.637364 1.0051
1.128 0.63837 1.0054
1.129 0.639375 1.0057
1.13 0.640381 1.00599
1.131 0.641387 1.00629
1.132 0.642394 1.00658
1.133 0.6434 1.00686
1.134 0.644407 1.00715
1.135 0.645415 1.00744
1.136 0.646422 1.00772
1.137 0.64743 1.008
1.138 0.648438 1.00828
1.139 0.649447 1.00855
1.14 0.650455 1.00883
1.141 0.651464 1.0091
1.142 0.652473 1.00937
1.143 0.653483 1.00964
1.144 0.654493 1.00991
1.145 0.655503 1.01017
1.146 0.656513 1.01043
1.147 0.657524 1.01069
1.148 0.658534 1.01095
1.149 0.659546 1.01121
1.15 0.660557 1.01146
1.151 0.661568 1.01171
1.152 0.66258 1.01196
1.153 0.663592 1.01221
1.154 0.664605 1.01246
1.155 0.665617 1.0127
1.156 0.66663 1.01294
1.157 0.667643 1.01318
1.158 0.668656 1.01342
1.159 0.66967 1.01366
1.16 0.670684 1.01389
1.161 0.671698 1.01412
1.162 0.672712 1.01435
1.163 0.673727 1.01458
1.164 0.674741 1.0148
1.165 0.675756 1.01502
1.166 0.676771 1.01525
1.167 0.677787 1.01546
1.168 0.678802 1.01568
1.169 0.679818 1.0159
1.17 0.680834 1.01611
1.171 0.68185 1.01632
1.172 0.682867 1.01653
1.173 0.683883 1.01673
1.174 0.6849 1.01694
1.175 0.685917 1.01714
1.176 0.686934 1.01734
1.177 0.687952 1.01754
1.178 0.688969 1.01773
1.179 0.689987 1.01793
1.18 0.691005 1.01812
1.181 0.692023 1.01831
1.182 0.693042 1.0185
1.183 0.69406 1.01868
1.184 0.695079 1.01886
1.185 0.696098 1.01904
1.186 0.697117 1.01922
1.187 0.698137 1.0194
1.188 0.699156 1.01957
1.189 0.700176 1.01975
1.19 0.701196 1.01992
1.191 0.702216 1.02008
1.192 0.703236 1.02025
1.193 0.704256 1.02041
1.194 0.705277 1.02058
1.195 0.706297 1.02074
1.196 0.707318 1.02089
1.197 0.708339 1.02105
1.198 0.70936 1.0212
1.199 0.710381 1.02135
1.2 0.711403 1.0215
1.201 0.712424 1.02165
1.202 0.713446 1.02179
1.203 0.714468 1.02193
1.204 0.71549 1.02207
1.205 0.716512 1.02221
1.206 0.717534 1.02235
1.207 0.718557 1.02248
1.208 0.719579 1.02261
1.209 0.720602 1.02274
1.21 0.721625 1.02287
1.211 0.722648 1.02299
1.212 0.723671 1.02311
1.213 0.724694 1.02323
1.214 0.725717 1.02335
1.215 0.726741 1.02347
1.216 0.727764 1.02358
1.217 0.728788 1.02369
1.218 0.729812 1.0238
1.219 0.730836 1.02391
1.22 0.731859 1.02401
1.221 0.732884 1.02412
1.222 0.733908 1.02422
1.223 0.734932 1.02431
1.224 0.735956 1.02441
1.225 0.736981 1.0245
1.226 0.738005 1.02459
1.227 0.73903 1.02468
1.228 0.740055 1.02477
1.229 0.74108 1.02486
1.23 0.742104 1.02494
1.231 0.743129 1.02502
1.232 0.744154 1.0251
1.233 0.74518 1.02517
1.234 0.746205 1.02525
1.235 0.74723 1.02532
1.236 0.748255 1.02539
1.237 0.749281 1.02545
1.238 0.750306 1.02552
1.239 0.751332 1.02558
1.24 0.752358 1.02564
1.241 0.753383 1.0257
1.242 0.754409 1.02575
1.243 0.755435 1.02581
1.244 0.756461 1.02586
1.245 0.757486 1.02591
1.246 0.758512 1.02595
1.247 0.759538 1.026
1.248 0.760564 1.02604
1.249 0.76159 1.02608
1.25 0.762616 1.02611
1.251 0.763643 1.02615
1.252 0.764669 1.02618
1.253 0.765695 1.02621
1.254 0.766721 1.02624
1.255 0.767747 1.02627
1.256 0.768774 1.02629
1.257 0.7698 1.02631
1.258 0.770826 1.02633
1.259 0.771853 1.02635
1.26 0.772879 1.02636
1.261 0.773905 1.02637
1.262 0.774932 1.02638
1.263 0.775958 1.02639
1.264 0.776985 1.0264
1.265 0.778011 1.0264
1.266 0.779037 1.0264
1.267 0.780064 1.0264
1.268 0.78109 1.02639
1.269 0.782117 1.02639
1.27 0.783143 1.02638
1.271 0.784169 1.02637
1.272 0.785196 1.02635
1.273 0.786222 1.02634
1.274 0.787248 1.02632
1.275 0.788275 1.0263
1.276 0.789301 1.02628
1.277 0.790327 1.02625
1.278 0.791353 1.02622
1.279 0.79238 1.02619
1.28 0.793406 1.02616
1.281 0.794432 1.02613
1.282 0.795458 1.02609
1.283 0.796484 1.02605
1.284 0.79751 1.02601
1.285 0.798536 1.02597
1.286 0.799562 1.02592
1.287 0.800588 1.02587
1.288 0.801614 1.02582
1.289 0.80264 1.02577
1.29 0.803665 1.02571
1.291 0.804691 1.02565
1.292 0.805717 1.02559
1.293 0.806742 1.02553
1.294 0.807768 1.02546
1.295 0.808793 1.0254
1.296 0.809819 1.02533
1.297 0.810844 1.02525
1.298 0.811869 1.02518
1.299 0.812894 1.0251
1.3 0.813919 1.02502
1.301 0.814944 1.02494
1.302 0.815969 1.02486
1.303 0.816994 1.02477
1.304 0.818019 1.02468
1.305 0.819043 1.02459
1.306 0.820068 1.02449
1.307 0.821092 1.0244
1.308 0.822117 1.0243
1.309 0.823141 1.0242
1.31 0.824165 1.02409
1.311 0.825189 1.02399
1.312 0.826213 1.02388
1.313 0.827237 1.02377
1.314 0.828261 1.02366
1.315 0.829284 1.02354
1.316 0.830308 1.02342
1.317 0.831331 1.0233
1.318 0.832354 1.02318
1.319 0.833377 1.02305
1.32 0.8344 1.02293
1.321 0.835423 1.02279
1.322 0.836446 1.02266
1.323 0.837468 1.02253
1.324 0.838491 1.02239
1.325 0.839513 1.02225
1.326 0.840535 1.02211
1.327 0.841557 1.02196
1.328 0.842579 1.02181
1.329 0.843601 1.02167
1.33 0.844623 1.02151
1.331 0.845644 1.02136
1.332 0.846665 1.0212
1.333 0.847687 1.02104
1.334 0.848708 1.02088
1.335 0.849728 1.02071
1.336 0.850749 1.02055
1.337 0.851769 1.02038
1.338 0.85279 1.02021
1.339 0.85381 1.02003
1.34 0.85483 1.01986
1.341 0.85585 1.01968
1.342 0.856869 1.01949
1.343 0.857889 1.01931
1.344 0.858908 1.01912
1.345 0.859927 1.01893
1.346 0.860946 1.01874
1.347 0.861964 1.01855
1.348 0.862983 1.01835
1.349 0.864001 1.01815
1.35 0.865019 1.01795
1.351 0.866037 1.01775
1.352 0.867054 1.01754
1.353 0.868072 1.01733
1.354 0.869089 1.01712
1.355 0.870106 1.0169
1.356 0.871123 1.01669
1.357 0.87214 1.01647
1.358 0.873156 1.01625
1.359 0.874172 1.01602
1.36 0.875188 1.0158
1.361 0.876204 1.01557
1.362 0.877219 1.01533
1.363 0.878234 1.0151
1.364 0.879249 1.01486
1.365 0.880264 1.01462
1.366 0.881279 1.01438
1.367 0.882293 1.01414
1.368 0.883307 1.01389
1.369 0.884321 1.01364
1.37 0.885334 1.01339
1.371 0.886347 1.01314
1.372 0.88736 1.01288
1.373 0.888373 1.01262
1.374 0.889386 1.01236
1.375 0.890398 1.01209
1.376 0.89141 1.01183
1.377 0.892421 1.01156
1.378 0.893433 1.01128
1.379 0.894444 1.01101
1.38 0.895455 1.01073
1.381 0.896465 1.01045
1.382 0.897476 1.01017
1.383 0.898486 1.00988
1.384 0.899496 1.0096
1.385 0.900505 1.00931
1.386 0.901514 1.00901
1.387 0.902523 1.00872
1.388 0.903532 1.00842
1.389 0.90454 1.00812
1.39 0.905548 1.00782
1.391 0.906556 1.00751
1.392 0.907563 1.0072
1.393 0.90857 1.00689
1.394 0.909577 1.00658
1.395 0.910583 1.00626
1.396 0.911589 1.00595
1.397 0.912595 1.00563
1.398 0.9136 1.0053
1.399 0.914606 1.00498
1.4 0.91561 1.00465
1.401 0.916615 1.00432
1.402 0.917619 1.00398
1.403 0.918623 1.00365
1.404 0.919626 1.00331
1.405 0.920629 1.00296
1.406 0.921632 1.00262
1.407 0.922635 1.00227
1.408 0.923637 1.00192
1.409 0.924639 1.00157
1.41 0.92564 1.00122
1.411 0.926641 1.00086
1.412 0.927642 1.0005
1.413 0.928642 1.00014
1.414 0.929642 0.999773
1.415 0.930642 0.999405
1.416 0.931641 0.999035
1.417 0.93264 0.998662
1.418 0.933638 0.998286
1.419 0.934636 0.997908
1.42 0.935634 0.997527
1.421 0.936631 0.997144
1.422 0.937628 0.996758
1.423 0.938625 0.996369
1.424 0.939621 0.995978
1.425 0.940617 0.995584
1.426 0.941612 0.995187
1.427 0.942607 0.994788
1.428 0.943602 0.994386
1.429 0.944596 0.993982
1.43 0.94559 0.993575
1.431 0.946583 0.993165
1.432 0.947576 0.992753
1.433 0.948568 0.992338
1.434 0.949561 0.99192
1.435 0.950552 0.9915
1.436 0.951544 0.991077
1.437 0.952534 0.990651
1.438 0.953525 0.990223
1.439 0.954515 0.989792
1.44 0.955504 0.989358
1.441 0.956494 0.988922
1.442 0.957482 0.988483
1.443 0.958471 0.988042
1.444 0.959458 0.987598
1.445 0.960446 0.987151
1.446 0.961433 0.986701
1.447 0.962419 0.986249
1.448 0.963405 0.985794
1.449 0.964391 0.985337
1.45 0.965376 0.984876
1.451 0.966361 0.984413
1.452 0.967345 0.983948
1.453 0.968328 0.98348
1.454 0.969312 0.983009
1.455 0.970294 0.982535
1.456 0.971277 0.982059
1.457 0.972259 0.98158
1.458 0.97324 0.981098
1.459 0.974221 0.980614
1.46 0.975201 0.980127
1.461 0.976181 0.979637
1.462 0.97716 0.979145
1.463 0.978139 0.97865
1.464 0.979118 0.978152
1.465 0.980096 0.977651
1.466 0.981073 0.977148
1.467 0.98205 0.976642
1.468 0.983026 0.976134
1.469 0.984002 0.975622
1.47 0.984978 0.975108
1.471 0.985952 0.974592
1.472 0.986927 0.974072
1.473 0.987901 0.97355
1.474 0.988874 0.973025
1.475 0.989847 0.972498
1.476 0.990819 0.971968
1.477 0.99179 0.971435
1.478 0.992762 0.970899
1.479 0.993732 0.970361
1.48 0.994702 0.969819
1.481 0.995672 0.969276
1.482 0.996641 0.968729
1.483 0.997609 0.96818
1.484 0.998577 0.967628
1.485 0.999545 0.967073
1.486 1.00051 0.966516
1.487 1.00148 0.965955
1.488 1.00244 0.965393
1.489 1.00341 0.964827
1.49 1.00437 0.964259
1.491 1.00534 0.963687
1.492 1.0063 0.963114
1.493 1.00726 0.962537
1.494 1.00823 0.961958
1.495 1.00919 0.961376
1.496 1.01015 0.960791
1.497 1.01111 0.960203
1.498 1.01207 0.959613
1.499 1.01303 0.95902
1.5 1.01399 0.958424
1.501 1.01494 0.957825
1.502 1.0159 0.957224
1.503 1.01686 0.95662
1.504 1.01782 0.956013
1.505 1.01877 0.955404
1.506 1.01973 0.954791
1.507 1.02068 0.954176
1.508 1.02163 0.953558
1.509 1.02259 0.952938
1.51 1.02354 0.952314
1.511 1.02449 0.951688
1.512 1.02544 0.951059
1.513 1.02639 0.950428
1.514 1.02734 0.949793
1.515 1.02829 0.949156
1.516 1.02924 0.948516
1.517 1.03019 0.947873
1.518 1.03114 0.947228
1.519 1.03209 0.946579
1.52 1.03303 0.945928
1.521 1.03398 0.945274
1.522 1.03492 0.944618
1.523 1.03587 0.943958
1.524 1.03681 0.943296
1.525 1.03775 0.942631
1.526 1.0387 0.941963
1.527 1.03964 0.941293
1.528 1.04058 0.94062
1.529 1.04152 0.939943
1.53 1.04246 0.939265
1.531 1.0434 0.938583
1.532 1.04434 0.937898
1.533 1.04527 0.937211
1.534 1.04621 0.936521
1.535 1.04715 0.935828
1.536 1.04808 0.935132
1.537 1.04902 0.934434
1.538 1.04995 0.933733
1.539 1.05088 0.933028
1.54 1.05182 0.932322
1.541 1.05275 0.931612
1.542 1.05368 0.930899
1.543 1.05461 0.930184
1.544 1.05554 0.929466
1.545 1.05647 0.928745
1.546 1.0574 0.928021
1.547 1.05833 0.927295
1.548 1.05925 0.926565
1.549 1.06018 0.925833
1.55 1.0611 0.925098
1.551 1.06203 0.92436
1.552 1.06295 0.92362
1.553 1.06388 0.922876
1.554 1.0648 0.92213
1.555 1.06572 0.921381
1.556 1.06664 0.920629
1.557 1.06756 0.919874
1.558 1.06848 0.919117
1.559 1.0694 0.918356
1.56 1.07032 0.917593
1.561 1.07123 0.916827
1.562 1.07215 0.916058
1.563 1.07307 0.915286
1.564 1.07398 0.914512
1.565 1.0749 0.913734
1.566 1.07581 0.912954
1.567 1.07672 0.912171
1.568 1.07763 0.911385
1.569 1.07854 0.910597
1.57 1.07945 0.909805
1.571 1.08036 0.909011
1.572 1.08127 0.908213
1.573 1.08218 0.907413
1.574 1.08309 0.90661
1.575 1.08399 0.905805
1.576 1.0849 0.904996
1.577 1.0858 0.904184
1.578 1.08671 0.90337
1.579 1.08761 0.902553
1.58 1.08851 0.901733
1.581 1.08941 0.90091
1.582 1.09031 0.900084
1.583 1.09121 0.899256
1.584 1.09211 0.898424
1.585 1.09301 0.89759
1.586 1.09391 0.896753
1.587 1.0948 0.895913
1.588 1.0957 0.89507
1.589 1.09659 0.894224
1.59 1.09749 0.893376
1.591 1.09838 0.892524
1.592 1.09927 0.89167
1.593 1.10016 0.890813
1.594 1.10105 0.889953
1.595 1.10194 0.88909
1.596 1.10283 0.888224
1.597 1.10372 0.887355
1.598 1.10461 0.886484
1.599 1.10549 0.885609
1.6 1.10638 0.884732
1.601 1.10726 0.883852
1.602 1.10815 0.882969
1.603 1.10903 0.882083
1.604 1.10991 0.881194
1.605 1.11079 0.880303
1.606 1.11167 0.879408
1.607 1.11255 0.878511
1.608 1.11343 0.877611
1.609 1.11431 0.876707
1.61 1.11518 0.875801
1.611 1.11606 0.874893
1.612 1.11693 0.873981
1.613 1.11781 0.873066
1.614 1.11868 0.872148
1.615 1.11955 0.871228
1.616 1.12042 0.870305
1.617 1.12129 0.869378
1.618 1.12216 0.868449
1.619 1.12303 0.867517
1.62 1.12389 0.866582
1.621 1.12476 0.865645
1.622 1.12563 0.864704
1.623 1.12649 0.86376
1.624 1.12735 0.862814
1.625 1.12822 0.861865
1.626 1.12908 0.860912
1.627 1.12994 0.859957
1.628 1.1308 0.858999
1.629 1.13166 0.858038
1.63 1.13251 0.857074
1.631 1.13337 0.856107
1.632 1.13422 0.855138
1.633 1.13508 0.854165
1.634 1.13593 0.85319
1.635 1.13679 0.852211
1.636 1.13764 0.85123
1.637 1.13849 0.850246
1.638 1.13934 0.849259
1.639 1.14019 0.848269
1.64 1.14103 0.847276
1.641 1.14188 0.84628
1.642 1.14273 0.845281
1.643 1.14357 0.84428
1.644 1.14442 0.843275
1.645 1.14526 0.842268
1.646 1.1461 0.841257
1.647 1.14694 0.840244
1.648 1.14778 0.839228
1.649 1.14862 0.838209
1.65 1.14946 0.837187
1.651 1.15029 0.836162
1.652 1.15113 0.835134
1.653 1.15196 0.834103
1.654 1.1528 0.833069
1.655 1.15363 0.832033
1.656 1.15446 0.830993
1.657 1.15529 0.829951
1.658 1.15612 0.828905
1.659 1.15695 0.827857
1.66 1.15778 0.826806
1.661 1.1586 0.825752
1.662 1.15943 0.824695
1.663 1.16025 0.823635
1.664 1.16108 0.822572
1.665 1.1619 0.821506
1.666 1.16272 0.820437
1.667 1.16354 0.819365
1.668 1.16436 0.818291
1.669 1.16518 0.817213
1.67 1.16599 0.816132
1.671 1.16681 0.815049
1.672 1.16762 0.813963
1.673 1.16844 0.812873
1.674 1.16925 0.811781
1.675 1.17006 0.810686
1.676 1.17087 0.809588
1.677 1.17168 0.808487
1.678 1.17249 0.807383
1.679 1.17329 0.806276
1.68 1.1741 0.805166
1.681 1.1749 0.804053
1.682 1.17571 0.802937
1.683 1.17651 0.801819
1.684 1.17731 0.800697
1.685 1.17811 0.799573
1.686 1.17891 0.798445
1.687 1.17971 0.797315
1.688 1.1805 0.796181
1.689 1.1813 0.795045
1.69 1.18209 0.793906
1.691 1.18289 0.792764
1.692 1.18368 0.791618
1.693 1.18447 0.79047
1.694 1.18526 0.789319
1.695 1.18605 0.788165
1.696 1.18684 0.787008
1.697 1.18762 0.785849
1.698 1.18841 0.784686
1.699 1.18919 0.78352
1.7 1.18998 0.782351
1.701 1.19076 0.78118
1.702 1.19154 0.780005
1.703 1.19232 0.778827
1.704 1.1931 0.777647
1.705 1.19387 0.776463
1.706 1.19465 0.775277
1.707 1.19542 0.774088
1.708 1.1962 0.772895
1.709 1.19697 0.7717
1.71 1.19774 0.770502
1.711 1.19851 0.769301
1.712 1.19928 0.768097
1.713 1.20005 0.76689
1.714 1.20081 0.76568
1.715 1.20158 0.764467
1.716 1.20234 0.763251
1.717 1.2031 0.762032
1.718 1.20387 0.76081
1.719 1.20463 0.759585
1.72 1.20539 0.758357
1.721 1.20614 0.757126
1.722 1.2069 0.755893
1.723 1.20765 0.754656
1.724 1.20841 0.753417
1.725 1.20916 0.752174
1.726 1.20991 0.750928
1.727 1.21066 0.74968
1.728 1.21141 0.748429
1.729 1.21216 0.747174
1.73 1.21291 0.745917
1.731 1.21365 0.744656
1.732 1.2144 0.743393
1.733 1.21514 0.742127
1.734 1.21588 0.740858
1.735 1.21662 0.739586
1.736 1.21736 0.73831
1.737 1.2181 0.737032
1.738 1.21883 0.735751
1.739 1.21957 0.734467
1.74 1.2203 0.73318
1.741 1.22104 0.73189
1.742 1.22177 0.730597
1.743 1.2225 0.729301
1.744 1.22323 0.728003
1.745 1.22395 0.726701
1.746 1.22468 0.725396
1.747 1.2254 0.724088
1.748 1.22613 0.722778
1.749 1.22685 0.721464
1.75 1.22757 0.720147
1.751 1.22829 0.718828
1.752 1.22901 0.717505
1.753 1.22972 0.716179
1.754 1.23044 0.714851
1.755 1.23115 0.713519
1.756 1.23187 0.712185
1.757 1.23258 0.710848
1.758 1.23329 0.709507
1.759 1.234 0.708164
1.76 1.2347 0.706818
1.761 1.23541 0.705468
1.762 1.23612 0.704116
1.763 1.23682 0.702761
1.764 1.23752 0.701403
1.765 1.23822 0.700041
1.766 1.23892 0.698677
1.767 1.23962 0.69731
1.768 1.24032 0.69594
1.769 1.24101 0.694567
1.77 1.2417 0.693191
1.771 1.2424 0.691812
1.772 1.24309 0.69043
1.773 1.24378 0.689045
1.774 1.24447 0.687657
1.775 1.24515 0.686266
1.776 1.24584 0.684872
1.777 1.24652 0.683476
1.778 1.24721 0.682076
1.779 1.24789 0.680673
1.78 1.24857 0.679267
1.781 1.24925 0.677859
1.782 1.24992 0.676447
1.783 1.2506 0.675032
1.784 1.25127 0.673615
1.785 1.25195 0.672194
1.786 1.25262 0.670771
1.787 1.25329 0.669344
1.788 1.25396 0.667915
1.789 1.25462 0.666482
1.79 1.25529 0.665047
1.791 1.25595 0.663608
1.792 1.25662 0.662167
1.793 1.25728 0.660723
1.794 1.25794 0.659275
1.795 1.2586 0.657825
1.796 1.25925 0.656372
1.797 1.25991 0.654915
1.798 1.26056 0.653456
1.799 1.26122 0.651994
1.8 1.26187 0.650529
1.801 1.26252 0.649061
1.802 1.26317 0.64759
1.803 1.26381 0.646116
1.804 1.26446 0.644639
1.805 1.2651 0.643159
1.806 1.26574 0.641676
1.807 1.26638 0.64019
1.808 1.26702 0.638701
1.809 1.26766 0.637209
1.81 1.2683 0.635714
1.811 1.26893 0.634216
1.812 1.26957 0.632715
1.813 1.2702 0.631212
1.814 1.27083 0.629705
1.815 1.27146 0.628195
1.816 1.27209 0.626683
1.817 1.27271 0.625167
1.818 1.27334 0.623648
1.819 1.27396 0.622127
1.82 1.27458 0.620602
1.821 1.2752 0.619075
1.822 1.27582 0.617544
1.823 1.27644 0.616011
1.824 1.27705 0.614474
1.825 1.27766 0.612935
1.826 1.27828 0.611392
1.827 1.27889 0.609847
1.828 1.2795 0.608299
1.829 1.2801 0.606748
1.83 1.28071 0.605193
1.831 1.28131 0.603636
1.832 1.28192 0.602076
1.833 1.28252 0.600513
1.834 1.28312 0.598947
1.835 1.28372 0.597378
1.836 1.28431 0.595806
1.837 1.28491 0.594231
1.838 1.2855 0.592653
1.839 1.28609 0.591072
1.84 1.28668 0.589488
1.841 1.28727 0.587901
1.842 1.28786 0.586311
1.843 1.28844 0.584719
1.844 1.28903 0.583123
1.845 1.28961 0.581524
1.846 1.29019 0.579923
1.847 1.29077 0.578318
1.848 1.29135 0.57671
1.849 1.29192 0.5751
1.85 1.2925 0.573486
1.851 1.29307 0.57187
1.852 1.29364 0.57025
1.853 1.29421 0.568628
1.854 1.29478 0.567003
1.855 1.29535 0.565374
1.856 1.29591 0.563743
1.857 1.29647 0.562109
1.858 1.29703 0.560472
1.859 1.29759 0.558832
1.86 1.29815 0.557189
1.861 1.29871 0.555542
1.862 1.29926 0.553893
1.863 1.29982 0.552242
1.864 1.30037 0.550587
1.865 1.30092 0.548929
1.866 1.30147 0.547268
1.867 1.30201 0.545604
1.868 1.30256 0.543937
1.869 1.3031 0.542268
1.87 1.30364 0.540595
1.871 1.30418 0.53892
1.872 1.30472 0.537241
1.873 1.30526 0.53556
1.874 1.30579 0.533875
1.875 1.30632 0.532188
1.876 1.30685 0.530497
1.877 1.30738 0.528804
1.878 1.30791 0.527108
1.879 1.30844 0.525409
1.88 1.30896 0.523707
1.881 1.30949 0.522002
1.882 1.31001 0.520294
1.883 1.31053 0.518583
1.884 1.31104 0.516869
1.885 1.31156 0.515152
1.886 1.31207 0.513432
1.887 1.31259 0.511709
1.888 1.3131 0.509984
1.889 1.31361 0.508255
1.89 1.31411 0.506524
1.891 1.31462 0.504789
1.892 1.31512 0.503052
1.893 1.31563 0.501311
1.894 1.31613 0.499568
1.895 1.31663 0.497822
1.896 1.31712 0.496072
1.897 1.31762 0.49432
1.898 1.31811 0.492565
1.899 1.3186 0.490807
1.9 1.31909 0.489046
1.901 1.31958 0.487282
1.902 1.32007 0.485516
1.903 1.32055 0.483746
1.904 1.32103 0.481973
1.905 1.32152 0.480198
1.906 1.322 0.478419
1.907 1.32247 0.476638
1.908 1.32295 0.474853
1.909 1.32342 0.473066
1.91 1.32389 0.471276
1.911 1.32436 0.469483
1.912 1.32483 0.467687
1.913 1.3253 0.465888
1.914 1.32577 0.464086
1.915 1.32623 0.462281
1.916 1.32669 0.460473
1.917 1.32715 0.458662
1.918 1.32761 0.456849
1.919 1.32806 0.455032
1.92 1.32852 0.453213
1.921 1.32897 0.45139
1.922 1.32942 0.449565
1.923 1.32987 0.447737
1.924 1.33032 0.445906
1.925 1.33076 0.444071
1.926 1.3312 0.442234
1.927 1.33164 0.440395
1.928 1.33208 0.438552
1.929 1.33252 0.436706
1.93 1.33296 0.434857
1.931 1.33339 0.433006
1.932 1.33382 0.431152
1.933 1.33425 0.429294
1.934 1.33468 0.427434
1.935 1.33511 0.425571
1.936 1.33553 0.423705
1.937 1.33596 0.421836
1.938 1.33638 0.419964
1.939 1.3368 0.418089
1.94 1.33721 0.416211
1.941 1.33763 0.414331
1.942 1.33804 0.412447
1.943 1.33845 0.410561
1.944 1.33886 0.408672
1.945 1.33927 0.406779
1.946 1.33968 0.404884
1.947 1.34008 0.402986
1.948 1.34048 0.401086
1.949 1.34088 0.399182
1.95 1.34128 0.397275
1.951 1.34168 0.395366
1.952 1.34207 0.393453
1.953 1.34246 0.391538
1.954 1.34285 0.38962
1.955 1.34324 0.387699
1.956 1.34363 0.385775
1.957 1.34402 0.383848
1.958 1.3444 0.381918
1.959 1.34478 0.379985
1.96 1.34516 0.37805
1.961 1.34554 0.376111
1.962 1.34591 0.37417
1.963 1.34628 0.372226
1.964 1.34665 0.370279
1.965 1.34702 0.368329
1.966 1.34739 0.366376
1.967 1.34776 0.364421
1.968 1.34812 0.362462
1.969 1.34848 0.360501
1.97 1.34884 0.358536
1.971 1.3492 0.356569
1.972 1.34955 0.354599
1.973 1.34991 0.352626
1.974 1.35026 0.350651
1.975 1.35061 0.348672
1.976 1.35096 0.346691
1.977 1.3513 0.344706
1.978 1.35165 0.342719
1.979 1.35199 0.340729
1.98 1.35233 0.338736
1.981 1.35267 0.33674
1.982 1.353 0.334742
1.983 1.35333 0.33274
1.984 1.35367 0.330736
1.985 1.354 0.328729
1.986 1.35432 0.326719
1.987 1.35465 0.324706
1.988 1.35497 0.32269
1.989 1.3553 0.320671
1.99 1.35561 0.31865
1.991 1.35593 0.316626
1.992 1.35625 0.314599
1.993 1.35656 0.312569
1.994 1.35687 0.310536
1.995 1.35718 0.3085
1.996 1.35749 0.306462
1.997 1.3578 0.30442
1.998 1.3581 0.302376
1.999 1.3584 0.300329
2 1.3587 0.298279
2.001 1.359 0.296227
2.002 1.35929 0.294171
2.003 1.35959 0.292113
2.004 1.35988 0.290052
2.005 1.36017 0.287988
2.006 1.36045 0.285921
2.007 1.36074 0.283851
2.008 1.36102 0.281779
2.009 1.3613 0.279704
2.01 1.36158 0.277626
2.011 1.36186 0.275545
2.012 1.36213 0.273461
2.013 1.3624 0.271374
2.014 1.36267 0.269285
2.015 1.36294 0.267193
2.016 1.36321 0.265098
2.017 1.36347 0.263
2.018 1.36373 0.2609
2.019 1.36399 0.258796
2.02 1.36425 0.25669
2.021 1.36451 0.254581
2.022 1.36476 0.252469
2.023 1.36501 0.250355
2.024 1.36526 0.248237
2.025 1.36551 0.246117
2.026 1.36575 0.243994
2.027 1.366 0.241868
2.028 1.36624 0.23974
2.029 1.36648 0.237608
2.03 1.36671 0.235474
2.031 1.36695 0.233337
2.032 1.36718 0.231198
2.033 1.36741 0.229055
2.034 1.36764 0.22691
2.035 1.36786 0.224762
2.036 1.36809 0.222611
2.037 1.36831 0.220457
2.038 1.36853 0.218301
2.039 1.36874 0.216142
2.04 1.36896 0.21398
2.041 1.36917 0.211815
2.042 1.36938 0.209647
2.043 1.36959 0.207477
2.044 1.3698 0.205304
2.045 1.37 0.203128
2.046 1.3702 0.20095
2.047 1.3704 0.198768
2.048 1.3706 0.196584
2.049 1.3708 0.194397
2.05 1.37099 0.192208
2.051 1.37118 0.190016
2.052 1.37137 0.18782
2.053 1.37156 0.185623
2.054 1.37174 0.183422
2.055 1.37192 0.181219
2.056 1.3721 0.179012
2.057 1.37228 0.176804
2.058 1.37246 0.174592
2.059 1.37263 0.172378
2.06 1.3728 0.170161
2.061 1.37297 0.167941
2.062 1.37314 0.165718
2.063 1.3733 0.163493
2.064 1.37347 0.161265
2.065 1.37363 0.159034
2.066 1.37378 0.156801
2.067 1.37394 0.154565
2.068 1.37409 0.152326
2.069 1.37424 0.150084
2.07 1.37439 0.14784
2.071 1.37454 0.145593
2.072 1.37468 0.143343
2.073 1.37483 0.14109
2.074 1.37497 0.138835
2.075 1.3751 0.136577
2.076 1.37524 0.134316
2.077 1.37537 0.132053
2.078 1.3755 0.129787
2.079 1.37563 0.127518
2.08 1.37576 0.125247
2.081 1.37588 0.122973
2.082 1.376 0.120696
2.083 1.37612 0.118416
2.084 1.37624 0.116134
2.085 1.37636 0.113849
2.086 1.37647 0.111561
2.087 1.37658 0.109271
2.088 1.37669 0.106978
2.089 1.37679 0.104682
2.09 1.3769 0.102384
2.091 1.377 0.100083
2.092 1.3771 0.0977792
2.093 1.37719 0.0954728
2.094 1.37729 0.0931637
2.095 1.37738 0.0908519
2.096 1.37747 0.0885375
2.097 1.37756 0.0862204
2.098 1.37764 0.0839007
2.099 1.37773 0.0815782
2.1 1.37781 0.0792531
2.101 1.37788 0.0769254
2.102 1.37796 0.074595
2.103 1.37803 0.0722619
2.104 1.3781 0.0699262
2.105 1.37817 0.0675878
2.106 1.37824 0.0652468
2.107 1.3783 0.0629031
2.108 1.37837 0.0605568
2.109 1.37842 0.0582079
2.11 1.37848 0.0558563
2.111 1.37854 0.0535021
2.112 1.37859 0.0511452
2.113 1.37864 0.0487857
2.114 1.37869 0.0464235
2.115 1.37873 0.0440588
2.116 1.37877 0.0416914
2.117 1.37881 0.0393214
2.118 1.37885 0.0369487
2.119 1.37889 0.0345734
2.12 1.37892 0.0321956
2.121 1.37895 0.0298151
2.122 1.37898 0.0274319
2.123 1.37901 0.0250462
2.124 1.37903 0.0226579
2.125 1.37905 0.0202669
2.126 1.37907 0.0178734
2.127 1.37909 0.0154772
2.128 1.3791 0.0130785
2.129 1.37912 0.0106771
2.13 1.37912 0.00827317
2.131 1.37913 0.00586663
2.132 1.37914 0.00345749
2.133 1.37914 0.00104576
2.134 1.37914 -0.00136855
2.135 1.37914 -0.00378545
2.136 1.37913 -0.00620493
2.137 1.37912 -0.00862699
2.138 1.37911 -0.0110516
2.139 1.3791 -0.0134788
2.14 1.37909 -0.0159086
2.141 1.37907 -0.018341
2.142 1.37905 -0.0207759
2.143 1.37903 -0.0232134
2.144 1.379 -0.0256535
2.145 1.37898 -0.0280961
2.146 1.37895 -0.0305413
2.147 1.37892 -0.032989
2.148 1.37888 -0.0354393
2.149 1.37884 -0.0378921
2.15 1.37881 -0.0403475
2.151 1.37876 -0.0428054
2.152 1.37872 -0.0452659
2.153 1.37867 -0.0477289
2.154 1.37862 -0.0501945
2.155 1.37857 -0.0526626
2.156 1.37852 -0.0551332
2.157 1.37846 -0.0576064
2.158 1.3784 -0.0600821
2.159 1.37834 -0.0625603
2.16 1.37828 -0.065041
2.161 1.37821 -0.0675243
2.162 1.37814 -0.0700101
2.163 1.37807 -0.0724984
2.164 1.378 -0.0749892
2.165 1.37792 -0.0774825
2.166 1.37784 -0.0799784
2.167 1.37776 -0.0824767
2.168 1.37768 -0.0849775
2.169 1.37759 -0.0874809
2.17 1.3775 -0.0899867
2.171 1.37741 -0.0924951
2.172 1.37732 -0.0950059
2.173 1.37722 -0.0975192
2.174 1.37712 -0.100035
2.175 1.37702 -0.102553
2.176 1.37692 -0.105074
2.177 1.37681 -0.107597
2.178 1.3767 -0.110123
2.179 1.37659 -0.112651
2.18 1.37648 -0.115182
2.181 1.37636 -0.117715
2.182 1.37624 -0.120251
2.183 1.37612 -0.122789
2.184 1.376 -0.125329
2.185 1.37587 -0.127872
2.186 1.37574 -0.130418
2.187 1.37561 -0.132966
2.188 1.37548 -0.135516
2.189 1.37534 -0.138069
2.19 1.3752 -0.140624
2.191 1.37506 -0.143182
2.192 1.37491 -0.145742
2.193 1.37477 -0.148305
2.194 1.37462 -0.15087
2.195 1.37446 -0.153437
2.196 1.37431 -0.156007
2.197 1.37415 -0.158579
2.198 1.37399 -0.161154
2.199 1.37383 -0.163731
2.2 1.37367 -0.166311
2.201 1.3735 -0.168893
2.202 1.37333 -0.171477
2.203 1.37315 -0.174064
2.204 1.37298 -0.176653
2.205 1.3728 -0.179245
2.206 1.37262 -0.181839
2.207 1.37244 -0.184435
2.208 1.37225 -0.187034
2.209 1.37206 -0.189635
2.21 1.37187 -0.192239
2.211 1.37168 -0.194845
2.212 1.37148 -0.197453
2.213 1.37128 -0.200064
2.214 1.37108 -0.202677
2.215 1.37088 -0.205292
2.216 1.37067 -0.20791
2.217 1.37046 -0.21053
2.218 1.37025 -0.213153
2.219 1.37004 -0.215778
2.22 1.36982 -0.218405
2.221 1.3696 -0.221035
2.222 1.36938 -0.223667
2.223 1.36915 -0.226301
2.224 1.36892 -0.228938
2.225 1.36869 -0.231577
2.226 1.36846 -0.234218
2.227 1.36823 -0.236862
2.228 1.36799 -0.239508
2.229 1.36775 -0.242157
2.23 1.3675 -0.244807
2.231 1.36726 -0.24746
2.232 1.36701 -0.250116
2.233 1.36676 -0.252774
2.234 1.3665 -0.255434
2.235 1.36625 -0.258096
2.236 1.36599 -0.260761
2.237 1.36572 -0.263428
2.238 1.36546 -0.266097
2.239 1.36519 -0.268768
2.24 1.36492 -0.271442
2.241 1.36465 -0.274118
2.242 1.36437 -0.276797
2.243 1.3641 -0.279478
2.244 1.36382 -0.282161
2.245 1.36353 -0.284846
2.246 1.36325 -0.287533
2.247 1.36296 -0.290223
2.248 1.36267 -0.292915
2.249 1.36237 -0.29561
2.25 1.36207 -0.298307
2.251 1.36177 -0.301005
2.252 1.36147 -0.303707
2.253 1.36117 -0.30641
2.254 1.36086 -0.309116
2.255 1.36055 -0.311824
2.256 1.36024 -0.314534
2.257 1.35992 -0.317246
2.258 1.3596 -0.319961
2.259 1.35928 -0.322678
2.26 1.35896 -0.325397
2.261 1.35863 -0.328119
2.262 1.3583 -0.330842
2.263 1.35797 -0.333568
2.264 1.35763 -0.336296
2.265 1.35729 -0.339026
2.266 1.35695 -0.341759
2.267 1.35661 -0.344494
2.268 1.35627 -0.347231
2.269 1.35592 -0.34997
2.27 1.35557 -0.352711
2.271 1.35521 -0.355454
2.272 1.35485 -0.3582
2.273 1.35449 -0.360948
2.274 1.35413 -0.363698
2.275 1.35377 -0.36645
2.276 1.3534 -0.369205
2.277 1.35303 -0.371962
2.278 1.35266 -0.37472
2.279 1.35228 -0.377481
2.28 1.3519 -0.380244
2.281 1.35152 -0.38301
2.282 1.35113 -0.385777
2.283 1.35075 -0.388547
2.284 1.35036 -0.391319
2.285 1.34996 -0.394093
2.286 1.34957 -0.396869
2.287 1.34917 -0.399647
2.288 1.34877 -0.402427
2.289 1.34837 -0.40521
2.29 1.34796 -0.407994
2.291 1.34755 -0.410781
2.292 1.34714 -0.41357
2.293 1.34672 -0.416361
2.294 1.34631 -0.419154
2.295 1.34588 -0.421949
2.296 1.34546 -0.424747
2.297 1.34504 -0.427546
2.298 1.34461 -0.430348
2.299 1.34417 -0.433151
2.3 1.34374 -0.435957
2.301 1.3433 -0.438765
2.302 1.34286 -0.441575
2.303 1.34242 -0.444387
2.304 1.34197 -0.447201
2.305 1.34153 -0.450017
2.306 1.34107 -0.452835
2.307 1.34062 -0.455656
2.308 1.34016 -0.458478
2.309 1.3397 -0.461303
2.31 1.33924 -0.464129
2.311 1.33877 -0.466958
2.312 1.33831 -0.469788
2.313 1.33783 -0.472621
2.314 1.33736 -0.475456
2.315 1.33688 -0.478293
2.316 1.3364 -0.481131
2.317 1.33592 -0.483972
2.318 1.33544 -0.486815
2.319 1.33495 -0.48966
2.32 1.33446 -0.492507
2.321 1.33396 -0.495356
2.322 1.33347 -0.498207
2.323 1.33297 -0.50106
2.324 1.33246 -0.503915
2.325 1.33196 -0.506772
2.326 1.33145 -0.509631
2.327 1.33094 -0.512492
2.328 1.33043 -0.515355
2.329 1.32991 -0.51822
2.33 1.32939 -0.521087
2.331 1.32887 -0.523956
2.332 1.32834 -0.526826
2.333 1.32781 -0.529699
2.334 1.32728 -0.532574
2.335 1.32675 -0.535451
2.336 1.32621 -0.53833
2.337 1.32567 -0.541211
2.338 1.32513 -0.544093
2.339 1.32458 -0.546978
2.34 1.32403 -0.549864
2.341 1.32348 -0.552753
2.342 1.32293 -0.555643
2.343 1.32237 -0.558536
2.344 1.32181 -0.56143
2.345 1.32125 -0.564326
2.346 1.32068 -0.567225
2.347 1.32011 -0.570125
2.348 1.31954 -0.573027
2.349 1.31897 -0.575931
2.35 1.31839 -0.578837
2.351 1.31781 -0.581744
2.352 1.31723 -0.584654
2.353 1.31664 -0.587566
2.354 1.31605 -0.590479
2.355 1.31546 -0.593394
2.356 1.31487 -0.596312
2.357 1.31427 -0.599231
2.358 1.31367 -0.602152
2.359 1.31306 -0.605074
2.36 1.31246 -0.607999
2.361 1.31185 -0.610926
2.362 1.31124 -0.613854
2.363 1.31062 -0.616784
2.364 1.31 -0.619717
2.365 1.30938 -0.62265
2.366 1.30876 -0.625586
2.367 1.30813 -0.628524
2.368 1.3075 -0.631463
2.369 1.30687 -0.634405
2.37 1.30623 -0.637348
2.371 1.30559 -0.640293
2.372 1.30495 -0.64324
2.373 1.30431 -0.646188
2.374 1.30366 -0.649139
2.375 1.30301 -0.652091
2.376 1.30235 -0.655045
2.377 1.3017 -0.658001
2.378 1.30104 -0.660958
2.379 1.30037 -0.663918
2.38 1.29971 -0.666879
2.381 1.29904 -0.669842
2.382 1.29837 -0.672807
2.383 1.2977 -0.675773
2.384 1.29702 -0.678741
2.385 1.29634 -0.681712
2.386 1.29565 -0.684683
2.387 1.29497 -0.687657
2.388 1.29428 -0.690632
2.389 1.29359 -0.693609
2.39 1.29289 -0.696588
2.391 1.29219 -0.699569
2.392 1.29149 -0.702551
2.393 1.29079 -0.705535
2.394 1.29008 -0.708521
2.395 1.28937 -0.711508
2.396 1.28866 -0.714497
2.397 1.28794 -0.717488
2.398 1.28722 -0.720481
2.399 1.2865 -0.723475
2.4 1.28578 -0.726471
2.401 1.28505 -0.729469
2.402 1.28432 -0.732468
2.403 1.28358 -0.735469
2.404 1.28285 -0.738472
2.405 1.28211 -0.741476
2.406 1.28136 -0.744482
2.407 1.28062 -0.74749
2.408 1.27987 -0.750499
2.409 1.27912 -0.75351
2.41 1.27836 -0.756523
2.411 1.2776 -0.759538
2.412 1.27684 -0.762554
2.413 1.27608 -0.765571
2.414 1.27531 -0.768591
2.415 1.27454 -0.771612
2.416 1.27377 -0.774634
2.417 1.27299 -0.777658
2.418 1.27221 -0.780684
2.419 1.27143 -0.783712
2.42 1.27065 -0.786741
2.421 1.26986 -0.789771
2.422 1.26907 -0.792803
2.423 1.26827 -0.795837
2.424 1.26747 -0.798873
2.425 1.26667 -0.80191
2.426 1.26587 -0.804948
2.427 1.26506 -0.807988
2.428 1.26426 -0.81103
2.429 1.26344 -0.814074
2.43 1.26263 -0.817118
2.431 1.26181 -0.820165
2.432 1.26099 -0.823213
2.433 1.26016 -0.826262
2.434 1.25933 -0.829314
2.435 1.2585 -0.832366
2.436 1.25767 -0.83542
2.437 1.25683 -0.838476
2.438 1.25599 -0.841533
2.439 1.25515 -0.844592
2.44 1.2543 -0.847652
2.441 1.25345 -0.850714
2.442 1.2526 -0.853777
2.443 1.25175 -0.856842
2.444 1.25089 -0.859908
2.445 1.25003 -0.862976
2.446 1.24916 -0.866046
2.447 1.24829 -0.869116
2.448 1.24742 -0.872189
2.449 1.24655 -0.875262
2.45 1.24567 -0.878337
2.451 1.24479 -0.881414
2.452 1.24391 -0.884492
2.453 1.24302 -0.887572
2.454 1.24214 -0.890653
2.455 1.24124 -0.893735
2.456 1.24035 -0.896819
2.457 1.23945 -0.899905
2.458 1.23855 -0.902991
2.459 1.23764 -0.90608
2.46 1.23674 -0.909169
2.461 1.23583 -0.91226
2.462 1.23491 -0.915353
2.463 1.23399 -0.918447
2.464 1.23307 -0.921542
2.465 1.23215 -0.924639
2.466 1.23123 -0.927737
2.467 1.2303 -0.930836
2.468 1.22936 -0.933937
2.469 1.22843 -0.937039
2.47 1.22749 -0.940143
2.471 1.22655 -0.943248
2.472 1.2256 -0.946354
2.473 1.22466 -0.949462
2.474 1.2237 -0.952571
2.475 1.22275 -0.955681
2.476 1.22179 -0.958793
2.477 1.22083 -0.961906
2.478 1.21987 -0.96502
2.479 1.2189 -0.968136
2.48 1.21793 -0.971253
2.481 1.21696 -0.974372
2.482 1.21598 -0.977491
2.483 1.215 -0.980612
2.484 1.21402 -0.983735
2.485 1.21304 -0.986858
2.486 1.21205 -0.989983
2.487 1.21106 -0.99311
2.488 1.21006 -0.996237
2.489 1.20906 -0.999366
2.49 1.20806 -1.0025
2.491 1.20706 -1.00563
2.492 1.20605 -1.00876
2.493 1.20504 -1.01189
2.494 1.20403 -1.01503
2.495 1.20301 -1.01817
2.496 1.20199 -1.0213
2.497 1.20097 -1.02444
2.498 1.19994 -1.02758
2.499 1.19891 -1.03072
2.5 1.19788 -1.03387
2.501 1.19685 -1.03701
2.502 1.19581 -1.04015
2.503 1.19477 -1.0433
2.504 1.19372 -1.04645
2.505 1.19267 -1.0496
2.506 1.19162 -1.05275
2.507 1.19057 -1.0559
2.508 1.18951 -1.05905
2.509 1.18845 -1.0622
2.51 1.18739 -1.06536
2.511 1.18632 -1.06851
2.512 1.18525 -1.07167
2.513 1.18418 -1.07483
2.514 1.1831 -1.07799
2.515 1.18202 -1.08115
2.516 1.18094 -1.08431
2.517 1.17985 -1.08747
2.518 1.17876 -1.09063
2.519 1.17767 -1.0938
2.52 1.17657 -1.09696
2.521 1.17548 -1.10013
2.522 1.17437 -1.1033
2.523 1.17327 -1.10647
2.524 1.17216 -1.10964
2.525 1.17105 -1.11281
2.526 1.16994 -1.11598
2.527 1.16882 -1.11916
2.528 1.1677 -1.12233
2.529 1.16657 -1.12551
2.53 1.16545 -1.12868
2.531 1.16432 -1.13186
2.532 1.16318 -1.13504
2.533 1.16205 -1.13822
2.534 1.16091 -1.1414
2.535 1.15976 -1.14458
2.536 1.15862 -1.14777
2.537 1.15747 -1.15095
2.538 1.15632 -1.15414
2.539 1.15516 -1.15732
2.54 1.154 -1.16051
2.541 1.15284 -1.1637
2.542 1.15167 -1.16689
2.543 1.1505 -1.17008
2.544 1.14933 -1.17327
2.545 1.14816 -1.17646
2.546 1.14698 -1.17965
2.547 1.1458 -1.18285
2.548 1.14461 -1.18604
2.549 1.14343 -1.18924
2.55 1.14224 -1.19244
2.551 1.14104 -1.19563
2.552 1.13984 -1.19883
2.553 1.13864 -1.20203
2.554 1.13744 -1.20523
2.555 1.13623 -1.20844
2.556 1.13502 -1.21164
2.557 1.13381 -1.21484
2.558 1.13259 -1.21805
2.559 1.13137 -1.22125
2.56 1.13015 -1.22446
2.561 1.12893 -1.22766
2.562 1.1277 -1.23087
2.563 1.12646 -1.23408
2.564 1.12523 -1.23729
2.565 1.12399 -1.2405
2.566 1.12275 -1.24371
2.567 1.1215 -1.24693
2.568 1.12025 -1.25014
2.569 1.119 -1.25335
2.57 1.11775 -1.25657
2.571 1.11649 -1.25978
2.572 1.11523 -1.263
2.573 1.11396 -1.26622
2.574 1.11269 -1.26944
2.575 1.11142 -1.27266
2.576 1.11015 -1.27588
2.577 1.10887 -1.2791
2.578 1.10759 -1.28232
2.579 1.10631 -1.28554
2.58 1.10502 -1.28876
2.581 1.10373 -1.29199
2.582 1.10244 -1.29521
2.583 1.10114 -1.29844
2.584 1.09984 -1.30166
2.585 1.09854 -1.30489
2.586 1.09723 -1.30812
2.587 1.09592 -1.31135
2.588 1.09461 -1.31458
2.589 1.09329 -1.31781
2.59 1.09197 -1.32104
2.591 1.09065 -1.32427
2.592 1.08932 -1.3275
2.593 1.08799 -1.33073
2.594 1.08666 -1.33397
2.595 1.08533 -1.3372
2.596 1.08399 -1.34044
2.597 1.08264 -1.34367
2.598 1.0813 -1.34691
2.599 1.07995 -1.35015
2.6 1.0786 -1.35338
2.601 1.07724 -1.35662
2.602 1.07589 -1.35986
2.603 1.07452 -1.3631
2.604 1.07316 -1.36634
2.605 1.07179 -1.36958
2.606 1.07042 -1.37282
2.607 1.06905 -1.37607
2.608 1.06767 -1.37931
2.609 1.06629 -1.38255
2.61 1.0649 -1.3858
2.611 1.06352 -1.38904
2.612 1.06213 -1.39229
2.613 1.06073 -1.39553
2.614 1.05933 -1.39878
2.615 1.05793 -1.40203
2.616 1.05653 -1.40527
2.617 1.05512 -1.40852
2.618 1.05371 -1.41177
2.619 1.0523 -1.41502
2.62 1.05088 -1.41827
2.621 1.04946 -1.42152
2.622 1.04804 -1.42477
2.623 1.04661 -1.42802
2.624 1.04518 -1.43128
2.625 1.04375 -1.43453
2.626 1.04231 -1.43778
2.627 1.04088 -1.44103
2.628 1.03943 -1.44429
2.629 1.03799 -1.44754
2.63 1.03654 -1.4508
2.631 1.03509 -1.45405
2.632 1.03363 -1.45731
2.633 1.03217 -1.46057
2.634 1.03071 -1.46382
2.635 1.02924 -1.46708
2.636 1.02777 -1.47034
2.637 1.0263 -1.4736
2.638 1.02483 -1.47686
2.639 1.02335 -1.48012
2.64 1.02187 -1.48338
2.641 1.02038 -1.48664
2.642 1.01889 -1.4899
2.643 1.0174 -1.49316
2.644 1.01591 -1.49642
2.645 1.01441 -1.49968
2.646 1.01291 -1.50294
2.647 1.0114 -1.50621
2.648 1.0099 -1.50947
2.649 1.00838 -1.51273
2.65 1.00687 -1.516
2.651 1.00535 -1.51926
2.652 1.00383 -1.52252
2.653 1.00231 -1.52579
2.654 1.00078 -1.52905
2.655 0.999249 -1.53232
2.656 0.997715 -1.53559
2.657 0.996178 -1.53885
2.658 0.994638 -1.54212
2.659 0.993094 -1.54539
2.66 0.991547 -1.54865
2.661 0.989997 -1.55192
2.662 0.988443 -1.55519
2.663 0.986886 -1.55846
2.664 0.985326 -1.56172
2.665 0.983763 -1.56499
2.666 0.982196 -1.56826
2.667 0.980626 -1.57153
2.668 0.979053 -1.5748
2.669 0.977477 -1.57807
2.67 0.975897 -1.58134
2.671 0.974314 -1.58461
2.672 0.972728 -1.58788
2.673 0.971138 -1.59115
2.674 0.969545 -1.59442
2.675 0.967949 -1.59769
2.676 0.96635 -1.60096
2.677 0.964747 -1.60423
2.678 0.963142 -1.60751
2.679 0.961532 -1.61078
2.68 0.95992 -1.61405
2.681 0.958304 -1.61732
2.682 0.956685 -1.62059
2.683 0.955063 -1.62387
2.684 0.953438 -1.62714
2.685 0.951809 -1.63041
2.686 0.950177 -1.63369
2.687 0.948541 -1.63696
2.688 0.946903 -1.64023
2.689 0.945261 -1.6435
2.69 0.943616 -1.64678
2.691 0.941967 -1.65005
2.692 0.940316 -1.65333
2.693 0.938661 -1.6566
2.694 0.937003 -1.65987
2.695 0.935341 -1.66315
2.696 0.933676 -1.66642
2.697 0.932008 -1.66969
2.698 0.930337 -1.67297
2.699 0.928662 -1.67624
2.7 0.926984 -1.67952
2.701 0.925303 -1.68279
2.702 0.923619 -1.68607
2.703 0.921931 -1.68934
2.704 0.92024 -1.69261
2.705 0.918546 -1.69589
2.706 0.916848 -1.69916
2.707 0.915148 -1.70244
2.708 0.913443 -1.70571
2.709 0.911736 -1.70899
2.71 0.910025 -1.71226
2.711 0.908312 -1.71554
2.712 0.906594 -1.71881
2.713 0.904874 -1.72208
2.714 0.90315 -1.72536
2.715 0.901423 -1.72863
2.716 0.899693 -1.73191
2.717 0.897959 -1.73518
2.718 0.896223 -1.73845
2.719 0.894483 -1.74173
2.72 0.892739 -1.745
2.721 0.890993 -1.74828
2.722 0.889243 -1.75155
2.723 0.887489 -1.75482
2.724 0.885733 -1.7581
2.725 0.883973 -1.76137
2.726 0.88221 -1.76464
2.727 0.880444 -1.76792
2.728 0.878674 -1.77119
2.729 0.876902 -1.77446
2.73 0.875125 -1.77773
2.731 0.873346 -1.78101
2.732 0.871563 -1.78428
2.733 0.869778 -1.78755
2.734 0.867988 -1.79082
2.735 0.866196 -1.7941
2.736 0.8644 -1.79737
2.737 0.862601 -1.80064
2.738 0.860799 -1.80391
2.739 0.858993 -1.80718
2.74 0.857185 -1.81045
2.741 0.855372 -1.81372
2.742 0.853557 -1.81699
2.743 0.851738 -1.82026
2.744 0.849917 -1.82353
2.745 0.848091 -1.8268
2.746 0.846263 -1.83007
2.747 0.844431 -1.83334
2.748 0.842596 -1.83661
2.749 0.840758 -1.83988
2.75 0.838916 -1.84315
2.751 0.837072 -1.84641
2.752 0.835224 -1.84968
2.753 0.833372 -1.85295
2.754 0.831518 -1.85622
2.755 0.82966 -1.85948
2.756 0.827799 -1.86275
2.757 0.825934 -1.86602
2.758 0.824067 -1.86928
2.759 0.822196 -1.87255
2.76 0.820322 -1.87581
2.761 0.818444 -1.87908
2.762 0.816564 -1.88234
2.763 0.81468 -1.88561
2.764 0.812792 -1.88887
2.765 0.810902 -1.89213
2.766 0.809008 -1.8954
2.767 0.807111 -1.89866
2.768 0.805211 -1.90192
2.769 0.803307 -1.90518
2.77 0.8014 -1.90844
2.771 0.79949 -1.9117
2.772 0.797577 -1.91496
2.773 0.79566 -1.91822
2.774 0.793741 -1.92148
2.775 0.791817 -1.92474
2.776 0.789891 -1.928
2.777 0.787961 -1.93126
2.778 0.786029 -1.93452
2.779 0.784092 -1.93777
2.78 0.782153 -1.94103
2.781 0.78021 -1.94428
2.782 0.778264 -1.94754
2.783 0.776315 -1.9508
2.784 0.774363 -1.95405
2.785 0.772407 -1.9573
2.786 0.770448 -1.96056
2.787 0.768486 -1.96381
2.788 0.766521 -1.96706
2.789 0.764552 -1.97031
2.79 0.76258 -1.97356
2.791 0.760605 -1.97682
2.792 0.758626 -1.98007
2.793 0.756645 -1.98332
2.794 0.75466 -1.98656
2.795 0.752672 -1.98981
2.796 0.75068 -1.99306
2.797 0.748685 -1.99631
2.798 0.746687 -1.99955
2.799 0.744686 -2.0028
2.8 0.742682 -2.00604
2.801 0.740674 -2.00929
2.802 0.738663 -2.01253
2.803 0.736649 -2.01578
2.804 0.734632 -2.01902
2.805 0.732611 -2.02226
2.806 0.730587 -2.0255
2.807 0.72856 -2.02874
2.808 0.72653 -2.03198
2.809 0.724496 -2.03522
2.81 0.722459 -2.03846
2.811 0.720419 -2.0417
2.812 0.718376 -2.04493
2.813 0.716329 -2.04817
2.814 0.71428 -2.0514
2.815 0.712227 -2.05464
2.816 0.71017 -2.05787
2.817 0.708111 -2.06111
2.818 0.706048 -2.06434
2.819 0.703982 -2.06757
2.82 0.701913 -2.0708
2.821 0.699841 -2.07403
2.822 0.697765 -2.07726
2.823 0.695686 -2.08049
2.824 0.693604 -2.08372
2.825 0.691519 -2.08694
2.826 0.68943 -2.09017
2.827 0.687338 -2.0934
2.828 0.685243 -2.09662
2.829 0.683145 -2.09984
2.83 0.681044 -2.10307
2.831 0.678939 -2.10629
2.832 0.676831 -2.10951
2.833 0.67472 -2.11273
2.834 0.672605 -2.11595
2.835 0.670488 -2.11917
2.836 0.668367 -2.12238
2.837 0.666243 -2.1256
2.838 0.664116 -2.12882
2.839 0.661986 -2.13203
2.84 0.659852 -2.13524
2.841 0.657715 -2.13846
2.842 0.655575 -2.14167
2.843 0.653432 -2.14488
2.844 0.651285 -2.14809
2.845 0.649136 -2.1513
2.846 0.646983 -2.15451
2.847 0.644827 -2.15771
2.848 0.642667 -2.16092
2.849 0.640505 -2.16412
2.85 0.638339 -2.16733
2.851 0.63617 -2.17053
2.852 0.633998 -2.17373
2.853 0.631823 -2.17693
2.854 0.629644 -2.18013
2.855 0.627462 -2.18333
2.856 0.625277 -2.18653
2.857 0.623089 -2.18973
2.858 0.620898 -2.19292
2.859 0.618703 -2.19612
2.86 0.616506 -2.19931
2.861 0.614305 -2.2025
2.862 0.612101 -2.2057
2.863 0.609893 -2.20889
2.864 0.607683 -2.21207
2.865 0.605469 -2.21526
2.866 0.603252 -2.21845
2.867 0.601032 -2.22164
2.868 0.598809 -2.22482
2.869 0.596583 -2.228
2.87 0.594353 -2.23119
2.871 0.59212 -2.23437
2.872 0.589884 -2.23755
2.873 0.587645 -2.24073
2.874 0.585403 -2.2439
2.875 0.583157 -2.24708
2.876 0.580909 -2.25026
2.877 0.578657 -2.25343
2.878 0.576402 -2.2566
2.879 0.574144 -2.25977
2.88 0.571882 -2.26294
2.881 0.569618 -2.26611
2.882 0.56735 -2.26928
2.883 0.565079 -2.27245
2.884 0.562805 -2.27561
2.885 0.560528 -2.27878
2.886 0.558248 -2.28194
2.887 0.555964 -2.2851
2.888 0.553677 -2.28826
2.889 0.551388 -2.29142
2.89 0.549095 -2.29458
2.891 0.546798 -2.29774
2.892 0.544499 -2.30089
2.893 0.542197 -2.30404
2.894 0.539891 -2.3072
2.895 0.537582 -2.31035
2.896 0.53527 -2.3135
2.897 0.532955 -2.31665
2.898 0.530637 -2.31979
2.899 0.528316 -2.32294
2.9 0.525991 -2.32608
2.901 0.523664 -2.32923
2.902 0.521333 -2.33237
2.903 0.518999 -2.33551
2.904 0.516662 -2.33865
2.905 0.514322 -2.34178
2.906 0.511978 -2.34492
2.907 0.509632 -2.34805
2.908 0.507282 -2.35119
2.909 0.504929 -2.35432
2.91 0.502573 -2.35745
2.911 0.500214 -2.36057
2.912 0.497852 -2.3637
2.913 0.495487 -2.36683
2.914 0.493119 -2.36995
2.915 0.490747 -2.37307
2.916 0.488372 -2.37619
2.917 0.485995 -2.37931
2.918 0.483614 -2.38243
2.919 0.48123 -2.38555
2.92 0.478843 -2.38866
2.921 0.476453 -2.39178
2.922 0.474059 -2.39489
2.923 0.471663 -2.398
2.924 0.469263 -2.40111
2.925 0.466861 -2.40421
2.926 0.464455 -2.40732
2.927 0.462046 -2.41042
2.928 0.459634 -2.41353
2.929 0.457219 -2.41663
2.93 0.454801 -2.41973
2.931 0.452379 -2.42282
2.932 0.449955 -2.42592
2.933 0.447528 -2.42901
2.934 0.445097 -2.43211
2.935 0.442663 -2.4352
2.936 0.440227 -2.43829
2.937 0.437787 -2.44137
2.938 0.435344 -2.44446
2.939 0.432898 -2.44754
2.94 0.430449 -2.45063
2.941 0.427997 -2.45371
2.942 0.425541 -2.45679
2.943 0.423083 -2.45986
2.944 0.420622 -2.46294
2.945 0.418157 -2.46601
2.946 0.41569 -2.46908
2.947 0.413219 -2.47215
2.948 0.410745 -2.47522
2.949 0.408269 -2.47829
2.95 0.405789 -2.48136
2.951 0.403306 -2.48442
2.952 0.40082 -2.48748
2.953 0.398331 -2.49054
2.954 0.395839 -2.4936
2.955 0.393344 -2.49665
2.956 0.390846 -2.49971
2.957 0.388344 -2.50276
2.958 0.38584 -2.50581
2.959 0.383333 -2.50886
2.96 0.380822 -2.51191
2.961 0.378309 -2.51495
2.962 0.375792 -2.51799
2.963 0.373273 -2.52104
2.964 0.37075 -2.52407
2.965 0.368225 -2.52711
2.966 0.365696 -2.53015
2.967 0.363164 -2.53318
2.968 0.36063 -2.53621
2.969 0.358092 -2.53924
2.97 0.355551 -2.54227
2.971 0.353007 -2.5453
2.972 0.350461 -2.54832
2.973 0.347911 -2.55134
2.974 0.345358 -2.55436
2.975 0.342802 -2.55738
2.976 0.340243 -2.5604
2.977 0.337681 -2.56341
2.978 0.335116 -2.56642
2.979 0.332548 -2.56943
2.98 0.329977 -2.57244
2.981 0.327404 -2.57545
2.982 0.324827 -2.57845
2.983 0.322247 -2.58145
2.984 0.319664 -2.58445
2.985 0.317078 -2.58745
2.986 0.314489 -2.59045
2.987 0.311897 -2.59344
2.988 0.309302 -2.59643
2.989 0.306704 -2.59942
2.99 0.304103 -2.60241
2.991 0.301499 -2.60539
2.992 0.298892 -2.60838
2.993 0.296282 -2.61136
2.994 0.29367 -2.61434
2.995 0.291054 -2.61731
2.996 0.288435 -2.62029
2.997 0.285813 -2.62326
2.998 0.283188 -2.62623
2.999 0.280561 -2.6292
3 0.27793 -2.63217
3.001 0.275296 -2.63513
