0.001 0.0114557 0.024901
0.002 0.0161766 0.0346497
0.003 0.0197898 0.0419071
0.004 0.0228295 0.0478755
0.005 0.0255028 0.0530205
0.006 0.0279157 0.0575807
0.007 0.0301312 0.061698
0.008 0.0321904 0.0654647
0.009 0.0341218 0.068945
0.01 0.0359461 0.0721855
0.011 0.037679 0.0752215
0.012 0.0393326 0.0780804
0.013 0.0409167 0.0807839
0.014 0.0424391 0.0833497
0.015 0.0439062 0.0857923
0.016 0.0453234 0.0881239
0.017 0.0466953 0.0903547
0.018 0.0480258 0.0924935
0.019 0.0493183 0.0945478
0.02 0.0505757 0.0965244
0.021 0.0518005 0.0984289
0.022 0.052995 0.100266
0.023 0.0541613 0.102041
0.024 0.055301 0.103758
0.025 0.0564159 0.10542
0.026 0.0575074 0.10703
0.027 0.0585767 0.108592
0.028 0.0596251 0.110108
0.029 0.0606536 0.11158
0.03 0.0616633 0.113011
0.031 0.062655 0.114403
0.032 0.0636295 0.115758
0.033 0.0645877 0.117077
0.034 0.0655303 0.118362
0.035 0.0664579 0.119614
0.036 0.0673711 0.120835
0.037 0.0682705 0.122027
0.038 0.0691566 0.123189
0.039 0.07003 0.124325
0.04 0.0708911 0.125434
0.041 0.0717402 0.126517
0.042 0.072578 0.127576
0.043 0.0734046 0.128611
0.044 0.0742205 0.129623
0.045 0.0750261 0.130613
0.046 0.0758216 0.131582
0.047 0.0766073 0.13253
0.048 0.0773836 0.133457
0.049 0.0781507 0.134366
0.05 0.0789089 0.135256
0.051 0.0796584 0.136127
0.052 0.0803995 0.136981
0.053 0.0811324 0.137817
0.054 0.0818573 0.138637
0.055 0.0825743 0.13944
0.056 0.0832838 0.140228
0.057 0.0839858 0.141
0.058 0.0846806 0.141757
0.059 0.0853684 0.1425
0.06 0.0860492 0.143228
0.061 0.0867233 0.143942
0.062 0.0873907 0.144643
0.063 0.0880518 0.14533
0.064 0.0887064 0.146004
0.065 0.0893549 0.146666
0.066 0.0899974 0.147316
0.067 0.0906338 0.147953
0.068 0.0912645 0.148578
0.069 0.0918895 0.149192
0.07 0.0925088 0.149795
0.071 0.0931226 0.150387
0.072 0.0937311 0.150967
0.073 0.0943343 0.151537
0.074 0.0949322 0.152097
0.075 0.095525 0.152646
0.076 0.0961129 0.153186
0.077 0.0966957 0.153715
0.078 0.0972738 0.154235
0.079 0.097847 0.154746
0.08 0.0984156 0.155247
0.081 0.0989795 0.15574
0.082 0.0995388 0.156223
0.083 0.100094 0.156697
0.084 0.100644 0.157163
0.085 0.10119 0.157621
0.086 0.101732 0.15807
0.087 0.10227 0.158511
0.088 0.102803 0.158944
0.089 0.103333 0.159369
0.09 0.103858 0.159786
0.091 0.104379 0.160196
0.092 0.104897 0.160598
0.093 0.10541 0.160993
0.094 0.10592 0.16138
0.095 0.106426 0.161761
0.096 0.106928 0.162134
0.097 0.107427 0.1625
0.098 0.107921 0.16286
0.099 0.108413 0.163212
0.1 0.1089 0.163558
0.101 0.109385 0.163898
0.102 0.109865 0.164231
0.103 0.110343 0.164558
0.104 0.110817 0.164878
0.105 0.111287 0.165193
0.106 0.111754 0.165501
0.107 0.112218 0.165803
0.108 0.112679 0.1661
0.109 0.113137 0.16639
0.11 0.113591 0.166675
0.111 0.114042 0.166954
0.112 0.11449 0.167227
0.113 0.114935 0.167495
0.114 0.115377 0.167758
0.115 0.115816 0.168015
0.116 0.116252 0.168267
0.117 0.116685 0.168513
0.118 0.117116 0.168755
0.119 0.117543 0.168991
0.12 0.117967 0.169222
0.121 0.118389 0.169448
0.122 0.118807 0.169669
0.123 0.119223 0.169886
0.124 0.119636 0.170097
0.125 0.120047 0.170304
0.126 0.120455 0.170506
0.127 0.12086 0.170703
0.128 0.121262 0.170896
0.129 0.121662 0.171085
0.13 0.122059 0.171268
0.131 0.122453 0.171448
0.132 0.122845 0.171623
0.133 0.123234 0.171793
0.134 0.123621 0.17196
0.135 0.124005 0.172122
0.136 0.124387 0.17228
0.137 0.124766 0.172433
0.138 0.125143 0.172583
0.139 0.125517 0.172729
0.14 0.125889 0.17287
0.141 0.126259 0.173008
0.142 0.126626 0.173141
0.143 0.126991 0.173271
0.144 0.127353 0.173397
0.145 0.127713 0.173519
0.146 0.128071 0.173638
0.147 0.128426 0.173752
0.148 0.128779 0.173863
0.149 0.12913 0.17397
0.15 0.129479 0.174074
0.151 0.129825 0.174174
0.152 0.130169 0.17427
0.153 0.130511 0.174363
0.154 0.130851 0.174453
0.155 0.131188 0.174539
0.156 0.131524 0.174621
0.157 0.131857 0.174701
0.158 0.132188 0.174776
0.159 0.132517 0.174849
0.16 0.132843 0.174918
0.161 0.133168 0.174984
0.162 0.133491 0.175047
0.163 0.133811 0.175107
0.164 0.134129 0.175163
0.165 0.134446 0.175216
0.166 0.13476 0.175267
0.167 0.135072 0.175314
0.168 0.135382 0.175358
0.169 0.135691 0.175399
0.17 0.135997 0.175437
0.171 0.136301 0.175472
0.172 0.136603 0.175504
0.173 0.136904 0.175533
0.174 0.137202 0.175559
0.175 0.137498 0.175583
0.176 0.137793 0.175603
0.177 0.138085 0.175621
0.178 0.138376 0.175636
0.179 0.138664 0.175648
0.18 0.138951 0.175657
0.181 0.139236 0.175664
0.182 0.139519 0.175668
0.183 0.1398 0.175669
0.184 0.140079 0.175668
0.185 0.140357 0.175664
0.186 0.140632 0.175657
0.187 0.140906 0.175648
0.188 0.141178 0.175636
0.189 0.141448 0.175622
0.19 0.141716 0.175605
0.191 0.141982 0.175586
0.192 0.142247 0.175564
0.193 0.14251 0.17554
0.194 0.142771 0.175513
0.195 0.14303 0.175484
0.196 0.143288 0.175452
0.197 0.143543 0.175418
0.198 0.143797 0.175382
0.199 0.14405 0.175343
0.2 0.1443 0.175302
0.201 0.144549 0.175259
0.202 0.144796 0.175213
0.203 0.145042 0.175165
0.204 0.145285 0.175115
0.205 0.145527 0.175062
0.206 0.145767 0.175008
0.207 0.146006 0.174951
0.208 0.146243 0.174892
0.209 0.146478 0.174831
0.21 0.146712 0.174767
0.211 0.146944 0.174702
0.212 0.147174 0.174634
0.213 0.147402 0.174564
0.214 0.147629 0.174492
0.215 0.147855 0.174418
0.216 0.148078 0.174342
0.217 0.148301 0.174264
0.218 0.148521 0.174184
0.219 0.14874 0.174102
0.22 0.148957 0.174018
0.221 0.149173 0.173931
0.222 0.149387 0.173843
0.223 0.149599 0.173753
0.224 0.14981 0.173661
0.225 0.150019 0.173567
0.226 0.150227 0.173471
0.227 0.150433 0.173374
0.228 0.150638 0.173274
0.229 0.150841 0.173172
0.23 0.151042 0.173069
0.231 0.151242 0.172964
0.232 0.15144 0.172857
0.233 0.151637 0.172748
0.234 0.151832 0.172637
0.235 0.152026 0.172524
0.236 0.152218 0.17241
0.237 0.152409 0.172294
0.238 0.152598 0.172176
0.239 0.152786 0.172056
0.24 0.152972 0.171935
0.241 0.153157 0.171812
0.242 0.15334 0.171687
0.243 0.153522 0.171561
0.244 0.153702 0.171432
0.245 0.153881 0.171303
0.246 0.154058 0.171171
0.247 0.154234 0.171038
0.248 0.154408 0.170903
0.249 0.154581 0.170767
0.25 0.154752 0.170629
0.251 0.154922 0.170489
0.252 0.15509 0.170348
0.253 0.155257 0.170205
0.254 0.155423 0.17006
0.255 0.155587 0.169914
0.256 0.15575 0.169767
0.257 0.155911 0.169618
0.258 0.156071 0.169467
0.259 0.156229 0.169315
0.26 0.156386 0.169161
0.261 0.156542 0.169006
0.262 0.156696 0.168849
0.263 0.156848 0.168691
0.264 0.157 0.168532
0.265 0.15715 0.168371
0.266 0.157298 0.168208
0.267 0.157445 0.168044
0.268 0.157591 0.167879
0.269 0.157735 0.167712
0.27 0.157878 0.167544
0.271 0.15802 0.167374
0.272 0.15816 0.167203
0.273 0.158298 0.16703
0.274 0.158436 0.166857
0.275 0.158572 0.166681
0.276 0.158707 0.166505
0.277 0.15884 0.166327
0.278 0.158972 0.166148
0.279 0.159102 0.165967
0.28 0.159231 0.165786
0.281 0.159359 0.165602
0.282 0.159486 0.165418
0.283 0.159611 0.165232
0.284 0.159735 0.165045
0.285 0.159857 0.164857
0.286 0.159978 0.164667
0.287 0.160098 0.164476
0.288 0.160217 0.164284
0.289 0.160334 0.164091
0.29 0.16045 0.163896
0.291 0.160564 0.1637
0.292 0.160677 0.163503
0.293 0.160789 0.163305
0.294 0.1609 0.163106
0.295 0.161009 0.162905
0.296 0.161117 0.162703
0.297 0.161223 0.1625
0.298 0.161329 0.162296
0.299 0.161433 0.162091
0.3 0.161535 0.161884
0.301 0.161637 0.161677
0.302 0.161737 0.161468
0.303 0.161836 0.161258
0.304 0.161933 0.161047
0.305 0.162029 0.160835
0.306 0.162124 0.160621
0.307 0.162218 0.160407
0.308 0.16231 0.160192
0.309 0.162401 0.159975
0.31 0.162491 0.159757
0.311 0.16258 0.159539
0.312 0.162667 0.159319
0.313 0.162753 0.159098
0.314 0.162838 0.158876
0.315 0.162922 0.158653
0.316 0.163004 0.15843
0.317 0.163085 0.158205
0.318 0.163164 0.157979
0.319 0.163243 0.157752
0.32 0.16332 0.157524
0.321 0.163396 0.157295
0.322 0.163471 0.157064
0.323 0.163544 0.156833
0.324 0.163617 0.156602
0.325 0.163688 0.156369
0.326 0.163757 0.156135
0.327 0.163826 0.1559
0.328 0.163893 0.155664
0.329 0.163959 0.155427
0.33 0.164024 0.155189
0.331 0.164088 0.154951
0.332 0.16415 0.154711
0.333 0.164211 0.154471
0.334 0.164271 0.154229
0.335 0.16433 0.153987
0.336 0.164388 0.153744
0.337 0.164444 0.1535
0.338 0.164499 0.153255
0.339 0.164553 0.153009
0.34 0.164606 0.152762
0.341 0.164657 0.152514
0.342 0.164707 0.152266
0.343 0.164757 0.152016
0.344 0.164804 0.151766
0.345 0.164851 0.151515
0.346 0.164897 0.151263
0.347 0.164941 0.15101
0.348 0.164984 0.150757
0.349 0.165026 0.150502
0.35 0.165067 0.150247
0.351 0.165106 0.149991
0.352 0.165144 0.149734
0.353 0.165182 0.149477
0.354 0.165218 0.149218
0.355 0.165252 0.148959
0.356 0.165286 0.148699
0.357 0.165318 0.148438
0.358 0.16535 0.148177
0.359 0.16538 0.147915
0.36 0.165409 0.147652
0.361 0.165436 0.147388
0.362 0.165463 0.147123
0.363 0.165488 0.146858
0.364 0.165513 0.146592
0.365 0.165536 0.146325
0.366 0.165558 0.146058
0.367 0.165578 0.145789
0.368 0.165598 0.145521
0.369 0.165617 0.145251
0.37 0.165634 0.144981
0.371 0.16565 0.14471
0.372 0.165665 0.144438
0.373 0.165679 0.144166
0.374 0.165692 0.143892
0.375 0.165703 0.143619
0.376 0.165714 0.143344
0.377 0.165723 0.143069
0.378 0.165731 0.142793
0.379 0.165738 0.142517
0.38 0.165744 0.14224
0.381 0.165749 0.141962
0.382 0.165752 0.141684
0.383 0.165755 0.141405
0.384 0.165756 0.141125
0.385 0.165756 0.140845
0.386 0.165755 0.140564
0.387 0.165753 0.140283
0.388 0.16575 0.140001
0.389 0.165746 0.139718
0.39 0.16574 0.139435
0.391 0.165734 0.139151
0.392 0.165726 0.138867
0.393 0.165717 0.138582
0.394 0.165708 0.138296
0.395 0.165697 0.13801
0.396 0.165684 0.137723
0.397 0.165671 0.137436
0.398 0.165657 0.137148
0.399 0.165641 0.13686
0.4 0.165625 0.136571
0.401 0.165607 0.136281
0.402 0.165589 0.135991
0.403 0.165569 0.135701
0.404 0.165548 0.13541
0.405 0.165526 0.135118
0.406 0.165502 0.134826
0.407 0.165478 0.134533
0.408 0.165453 0.13424
0.409 0.165426 0.133947
0.41 0.165399 0.133652
0.411 0.16537 0.133358
0.412 0.165341 0.133063
0.413 0.16531 0.132767
0.414 0.165278 0.132471
0.415 0.165245 0.132174
0.416 0.165211 0.131877
0.417 0.165176 0.13158
0.418 0.165139 0.131282
0.419 0.165102 0.130983
0.42 0.165064 0.130684
0.421 0.165024 0.130385
0.422 0.164984 0.130085
0.423 0.164942 0.129785
0.424 0.1649 0.129484
0.425 0.164856 0.129183
0.426 0.164811 0.128882
0.427 0.164765 0.12858
0.428 0.164718 0.128277
0.429 0.16467 0.127975
0.43 0.164621 0.127672
0.431 0.164571 0.127368
0.432 0.16452 0.127064
0.433 0.164467 0.12676
0.434 0.164414 0.126455
0.435 0.16436 0.12615
0.436 0.164304 0.125844
0.437 0.164248 0.125538
0.438 0.16419 0.125232
0.439 0.164131 0.124925
0.44 0.164072 0.124618
0.441 0.164011 0.124311
0.442 0.163949 0.124003
0.443 0.163886 0.123695
0.444 0.163823 0.123387
0.445 0.163758 0.123078
0.446 0.163692 0.122769
0.447 0.163625 0.122459
0.448 0.163557 0.12215
0.449 0.163488 0.12184
0.45 0.163417 0.121529
0.451 0.163346 0.121218
0.452 0.163274 0.120907
0.453 0.163201 0.120596
0.454 0.163126 0.120284
0.455 0.163051 0.119972
0.456 0.162975 0.11966
0.457 0.162897 0.119348
0.458 0.162819 0.119035
0.459 0.16274 0.118722
0.46 0.162659 0.118408
0.461 0.162578 0.118095
0.462 0.162495 0.117781
0.463 0.162412 0.117466
0.464 0.162327 0.117152
0.465 0.162242 0.116837
0.466 0.162155 0.116522
0.467 0.162067 0.116207
0.468 0.161979 0.115891
0.469 0.161889 0.115576
0.47 0.161798 0.11526
0.471 0.161707 0.114944
0.472 0.161614 0.114627
0.473 0.16152 0.11431
0.474 0.161426 0.113994
0.475 0.16133 0.113676
0.476 0.161233 0.113359
0.477 0.161135 0.113042
0.478 0.161037 0.112724
0.479 0.160937 0.112406
0.48 0.160836 0.112088
0.481 0.160734 0.111769
0.482 0.160632 0.111451
0.483 0.160528 0.111132
0.484 0.160423 0.110813
0.485 0.160317 0.110494
0.486 0.160211 0.110175
0.487 0.160103 0.109856
0.488 0.159994 0.109536
0.489 0.159884 0.109216
0.49 0.159774 0.108896
0.491 0.159662 0.108576
0.492 0.159549 0.108256
0.493 0.159435 0.107936
0.494 0.159321 0.107615
0.495 0.159205 0.107295
0.496 0.159088 0.106974
0.497 0.158971 0.106653
0.498 0.158852 0.106332
0.499 0.158733 0.106011
0.5 0.158612 0.105689
0.501 0.15849 0.105368
0.502 0.158368 0.105046
0.503 0.158244 0.104725
0.504 0.15812 0.104403
0.505 0.157994 0.104081
0.506 0.157868 0.103759
0.507 0.15774 0.103437
0.508 0.157612 0.103115
0.509 0.157483 0.102793
0.51 0.157352 0.102471
0.511 0.157221 0.102148
0.512 0.157089 0.101826
0.513 0.156956 0.101503
0.514 0.156821 0.101181
0.515 0.156686 0.100858
0.516 0.15655 0.100535
0.517 0.156413 0.100213
0.518 0.156275 0.0998898
0.519 0.156136 0.0995669
0.52 0.155996 0.099244
0.521 0.155855 0.098921
0.522 0.155713 0.098598
0.523 0.15557 0.098275
0.524 0.155426 0.0979519
0.525 0.155282 0.0976288
0.526 0.155136 0.0973057
0.527 0.154989 0.0969826
0.528 0.154842 0.0966594
0.529 0.154693 0.0963362
0.53 0.154544 0.096013
0.531 0.154393 0.0956899
0.532 0.154242 0.0953667
0.533 0.15409 0.0950435
0.534 0.153936 0.0947203
0.535 0.153782 0.0943971
0.536 0.153627 0.0940739
0.537 0.153471 0.0937508
0.538 0.153314 0.0934277
0.539 0.153156 0.0931046
0.54 0.152997 0.0927815
0.541 0.152837 0.0924584
0.542 0.152676 0.0921354
0.543 0.152515 0.0918124
0.544 0.152352 0.0914895
0.545 0.152188 0.0911666
0.546 0.152024 0.0908437
0.547 0.151858 0.090521
0.548 0.151692 0.0901982
0.549 0.151525 0.0898755
0.55 0.151357 0.0895529
0.551 0.151187 0.0892304
0.552 0.151017 0.0889079
0.553 0.150846 0.0885855
0.554 0.150675 0.0882631
0.555 0.150502 0.0879409
0.556 0.150328 0.0876187
0.557 0.150153 0.0872966
0.558 0.149978 0.0869746
0.559 0.149801 0.0866527
0.56 0.149624 0.0863309
0.561 0.149446 0.0860092
0.562 0.149266 0.0856876
0.563 0.149086 0.0853661
0.564 0.148905 0.0850447
0.565 0.148723 0.0847234
0.566 0.14854 0.0844023
0.567 0.148357 0.0840812
0.568 0.148172 0.0837603
0.569 0.147986 0.0834396
0.57 0.1478 0.0831189
0.571 0.147612 0.0827984
0.572 0.147424 0.082478
0.573 0.147235 0.0821578
0.574 0.147045 0.0818377
0.575 0.146854 0.0815178
0.576 0.146662 0.081198
0.577 0.146469 0.0808784
0.578 0.146276 0.0805589
0.579 0.146081 0.0802396
0.58 0.145886 0.0799204
0.581 0.145689 0.0796015
0.582 0.145492 0.0792827
0.583 0.145294 0.0789641
0.584 0.145095 0.0786456
0.585 0.144895 0.0783274
0.586 0.144694 0.0780093
0.587 0.144492 0.0776914
0.588 0.14429 0.0773737
0.589 0.144086 0.0770562
0.59 0.143882 0.0767389
0.591 0.143677 0.0764218
0.592 0.143471 0.076105
0.593 0.143264 0.0757883
0.594 0.143056 0.0754718
0.595 0.142847 0.0751556
0.596 0.142638 0.0748396
0.597 0.142427 0.0745238
0.598 0.142216 0.0742082
0.599 0.142004 0.0738929
0.6 0.141791 0.0735778
0.601 0.141577 0.0732629
0.602 0.141362 0.0729483
0.603 0.141146 0.0726339
0.604 0.14093 0.0723197
0.605 0.140712 0.0720058
0.606 0.140494 0.0716922
0.607 0.140275 0.0713788
0.608 0.140055 0.0710657
0.609 0.139834 0.0707529
0.61 0.139612 0.0704403
0.611 0.13939 0.070128
0.612 0.139166 0.0698159
0.613 0.138942 0.0695042
0.614 0.138717 0.0691927
0.615 0.138491 0.0688815
0.616 0.138264 0.0685706
0.617 0.138036 0.0682599
0.618 0.137808 0.0679496
0.619 0.137578 0.0676396
0.62 0.137348 0.0673298
0.621 0.137117 0.0670204
0.622 0.136885 0.0667113
0.623 0.136652 0.0664025
0.624 0.136419 0.0660939
0.625 0.136184 0.0657858
0.626 0.135949 0.0654779
0.627 0.135713 0.0651704
0.628 0.135476 0.0648631
0.629 0.135238 0.0645562
0.63 0.134999 0.0642497
0.631 0.13476 0.0639435
0.632 0.134519 0.0636376
0.633 0.134278 0.0633321
0.634 0.134036 0.0630269
0.635 0.133793 0.062722
0.636 0.13355 0.0624175
0.637 0.133305 0.0621134
0.638 0.13306 0.0618096
0.639 0.132814 0.0615062
0.64 0.132567 0.0612032
0.641 0.132319 0.0609005
0.642 0.13207 0.0605982
0.643 0.131821 0.0602962
0.644 0.131571 0.0599947
0.645 0.131319 0.0596935
0.646 0.131068 0.0593927
0.647 0.130815 0.0590923
0.648 0.130561 0.0587923
0.649 0.130307 0.0584927
0.65 0.130052 0.0581935
0.651 0.129796 0.0578946
0.652 0.129539 0.0575962
0.653 0.129281 0.0572982
0.654 0.129023 0.0570006
0.655 0.128764 0.0567034
0.656 0.128504 0.0564067
0.657 0.128243 0.0561103
0.658 0.127981 0.0558144
0.659 0.127719 0.0555189
0.66 0.127456 0.0552238
0.661 0.127192 0.0549292
0.662 0.126927 0.054635
0.663 0.126661 0.0543412
0.664 0.126395 0.0540479
0.665 0.126127 0.053755
0.666 0.125859 0.0534626
0.667 0.125591 0.0531706
0.668 0.125321 0.0528791
0.669 0.12505 0.0525881
0.67 0.124779 0.0522975
0.671 0.124507 0.0520073
0.672 0.124235 0.0517177
0.673 0.123961 0.0514285
0.674 0.123687 0.0511397
0.675 0.123411 0.0508515
0.676 0.123136 0.0505637
0.677 0.122859 0.0502765
0.678 0.122581 0.0499897
0.679 0.122303 0.0497034
0.68 0.122024 0.0494175
0.681 0.121744 0.0491322
0.682 0.121464 0.0488474
0.683 0.121182 0.0485631
0.684 0.1209 0.0482793
0.685 0.120617 0.047996
0.686 0.120333 0.0477132
0.687 0.120049 0.0474309
0.688 0.119764 0.0471492
0.689 0.119478 0.0468679
0.69 0.119191 0.0465872
0.691 0.118903 0.0463071
0.692 0.118615 0.0460274
0.693 0.118326 0.0457483
0.694 0.118036 0.0454697
0.695 0.117746 0.0451917
0.696 0.117454 0.0449142
0.697 0.117162 0.0446372
0.698 0.116869 0.0443608
0.699 0.116576 0.044085
0.7 0.116281 0.0438097
0.701 0.115986 0.0435349
0.702 0.11569 0.0432608
0.703 0.115394 0.0429872
0.704 0.115096 0.0427141
0.705 0.114798 0.0424416
0.706 0.114499 0.0421698
0.707 0.1142 0.0418984
0.708 0.113899 0.0416277
0.709 0.113598 0.0413575
0.71 0.113296 0.041088
0.711 0.112994 0.040819
0.712 0.11269 0.0405506
0.713 0.112386 0.0402828
0.714 0.112081 0.0400156
0.715 0.111776 0.0397491
0.716 0.111469 0.0394831
0.717 0.111162 0.0392177
0.718 0.110855 0.0389529
0.719 0.110546 0.0386888
0.72 0.110237 0.0384253
0.721 0.109927 0.0381624
0.722 0.109616 0.0379001
0.723 0.109305 0.0376384
0.724 0.108993 0.0373774
0.725 0.10868 0.037117
0.726 0.108366 0.0368572
0.727 0.108052 0.0365981
0.728 0.107737 0.0363397
0.729 0.107421 0.0360818
0.73 0.107105 0.0358246
0.731 0.106788 0.0355681
0.732 0.10647 0.0353122
0.733 0.106151 0.035057
0.734 0.105832 0.0348025
0.735 0.105512 0.0345486
0.736 0.105191 0.0342953
0.737 0.10487 0.0340428
0.738 0.104547 0.0337909
0.739 0.104225 0.0335397
0.74 0.103901 0.0332892
0.741 0.103577 0.0330393
0.742 0.103252 0.0327901
0.743 0.102926 0.0325417
0.744 0.1026 0.0322939
0.745 0.102273 0.0320468
0.746 0.101945 0.0318004
0.747 0.101616 0.0315547
0.748 0.101287 0.0313097
0.749 0.100957 0.0310654
0.75 0.100627 0.0308219
0.751 0.100296 0.030579
0.752 0.0999637 0.0303369
0.753 0.0996311 0.0300954
0.754 0.0992977 0.0298547
0.755 0.0989638 0.0296148
0.756 0.0986291 0.0293755
0.757 0.0982937 0.029137
0.758 0.0979577 0.0288992
0.759 0.0976209 0.0286622
0.76 0.0972835 0.0284258
0.761 0.0969455 0.0281903
0.762 0.0966067 0.0279555
0.763 0.0962673 0.0277214
0.764 0.0959272 0.0274881
0.765 0.0955864 0.0272555
0.766 0.0952449 0.0270237
0.767 0.0949028 0.0267927
0.768 0.09456 0.0265624
0.769 0.0942166 0.0263329
0.77 0.0938724 0.0261041
0.771 0.0935276 0.0258761
0.772 0.0931822 0.0256489
0.773 0.0928361 0.0254225
0.774 0.0924893 0.0251969
0.775 0.0921419 0.0249721
0.776 0.0917938 0.024748
0.777 0.091445 0.0245247
0.778 0.0910956 0.0243022
0.779 0.0907456 0.0240806
0.78 0.0903948 0.0238597
0.781 0.0900435 0.0236396
0.782 0.0896915 0.0234203
0.783 0.0893388 0.0232019
0.784 0.0889855 0.0229842
0.785 0.0886315 0.0227674
0.786 0.0882769 0.0225514
0.787 0.0879217 0.0223362
0.788 0.0875658 0.0221218
0.789 0.0872093 0.0219083
0.79 0.0868521 0.0216956
0.791 0.0864943 0.0214837
0.792 0.0861359 0.0212727
0.793 0.0857768 0.0210625
0.794 0.0854171 0.0208531
0.795 0.0850568 0.0206446
0.796 0.0846958 0.0204369
0.797 0.0843342 0.0202301
0.798 0.083972 0.0200241
0.799 0.0836091 0.019819
0.8 0.0832456 0.0196148
0.801 0.0828815 0.0194114
0.802 0.0825168 0.0192089
0.803 0.0821515 0.0190072
0.804 0.0817855 0.0188065
0.805 0.0814189 0.0186066
0.806 0.0810517 0.0184075
0.807 0.0806839 0.0182094
0.808 0.0803154 0.0180121
0.809 0.0799464 0.0178158
0.81 0.0795767 0.0176203
0.811 0.0792065 0.0174257
0.812 0.0788356 0.017232
0.813 0.0784641 0.0170392
0.814 0.078092 0.0168473
0.815 0.0777193 0.0166563
0.816 0.077346 0.0164662
0.817 0.0769722 0.0162771
0.818 0.0765977 0.0160888
0.819 0.0762226 0.0159015
0.82 0.0758469 0.015715
0.821 0.0754706 0.0155295
0.822 0.0750937 0.015345
0.823 0.0747162 0.0151613
0.824 0.0743382 0.0149786
0.825 0.0739595 0.0147968
0.826 0.0735803 0.014616
0.827 0.0732004 0.0144361
0.828 0.07282 0.0142571
0.829 0.072439 0.0140791
0.83 0.0720574 0.013902
0.831 0.0716752 0.0137259
0.832 0.0712925 0.0135507
0.833 0.0709092 0.0133765
0.834 0.0705253 0.0132033
0.835 0.0701408 0.013031
0.836 0.0697557 0.0128597
0.837 0.0693701 0.0126893
0.838 0.0689839 0.01252
0.839 0.0685972 0.0123516
0.84 0.0682098 0.0121842
0.841 0.0678219 0.0120177
0.842 0.0674335 0.0118523
0.843 0.0670444 0.0116878
0.844 0.0666548 0.0115243
0.845 0.0662647 0.0113618
0.846 0.065874 0.0112003
0.847 0.0654827 0.0110398
0.848 0.0650909 0.0108804
0.849 0.0646985 0.0107219
0.85 0.0643056 0.0105644
0.851 0.0639121 0.0104079
0.852 0.063518 0.0102525
0.853 0.0631235 0.010098
0.854 0.0627283 0.00994462
0.855 0.0623326 0.00979222
0.856 0.0619364 0.00964085
0.857 0.0615397 0.00949051
0.858 0.0611423 0.00934119
0.859 0.0607445 0.00919291
0.86 0.0603461 0.00904567
0.861 0.0599472 0.00889946
0.862 0.0595477 0.0087543
0.863 0.0591477 0.00861018
0.864 0.0587472 0.00846712
0.865 0.0583462 0.0083251
0.866 0.0579446 0.00818413
0.867 0.0575425 0.00804423
0.868 0.0571398 0.00790538
0.869 0.0567367 0.00776759
0.87 0.056333 0.00763087
0.871 0.0559288 0.00749522
0.872 0.055524 0.00736064
0.873 0.0551188 0.00722714
0.874 0.054713 0.00709471
0.875 0.0543067 0.00696336
0.876 0.0539 0.00683309
0.877 0.0534926 0.00670391
0.878 0.0530848 0.00657582
0.879 0.0526765 0.00644882
0.88 0.0522677 0.00632291
0.881 0.0518583 0.0061981
0.882 0.0514485 0.0060744
0.883 0.0510381 0.00595179
0.884 0.0506273 0.00583029
0.885 0.0502159 0.0057099
0.886 0.0498041 0.00559062
0.887 0.0493917 0.00547246
0.888 0.0489789 0.00535541
0.889 0.0485656 0.00523948
0.89 0.0481517 0.00512468
0.891 0.0477374 0.005011
0.892 0.0473226 0.00489845
0.893 0.0469073 0.00478703
0.894 0.0464916 0.00467675
0.895 0.0460753 0.0045676
0.896 0.0456585 0.0044596
0.897 0.0452413 0.00435274
0.898 0.0448236 0.00424702
0.899 0.0444054 0.00414245
0.9 0.0439868 0.00403904
0.901 0.0435676 0.00393678
0.902 0.043148 0.00383567
0.903 0.0427279 0.00373573
0.904 0.0423074 0.00363695
0.905 0.0418864 0.00353934
0.906 0.0414649 0.00344289
0.907 0.041043 0.00334762
0.908 0.0406205 0.00325352
0.909 0.0401977 0.0031606
0.91 0.0397743 0.00306886
0.911 0.0393505 0.0029783
0.912 0.0389263 0.00288893
0.913 0.0385016 0.00280075
0.914 0.0380764 0.00271376
0.915 0.0376508 0.00262796
0.916 0.0372248 0.00254336
0.917 0.0367982 0.00245997
0.918 0.0363713 0.00237777
0.919 0.0359439 0.00229678
0.92 0.035516 0.002217
0.921 0.0350877 0.00213843
0.922 0.034659 0.00206107
0.923 0.0342299 0.00198494
0.924 0.0338002 0.00191002
0.925 0.0333702 0.00183632
0.926 0.0329397 0.00176385
0.927 0.0325088 0.00169261
0.928 0.0320775 0.0016226
0.929 0.0316457 0.00155383
0.93 0.0312135 0.00148629
0.931 0.0307809 0.00141999
0.932 0.0303479 0.00135494
0.933 0.0299144 0.00129113
0.934 0.0294805 0.00122856
0.935 0.0290462 0.00116725
0.936 0.0286115 0.0011072
0.937 0.0281763 0.0010484
0.938 0.0277408 0.000990856
0.939 0.0273048 0.000934578
0.94 0.0268684 0.000879564
0.941 0.0264317 0.000825819
0.942 0.0259945 0.000773345
0.943 0.0255569 0.000722144
0.944 0.0251189 0.000672219
0.945 0.0246805 0.000623574
0.946 0.0242417 0.000576211
0.947 0.0238025 0.000530132
0.948 0.0233629 0.000485341
0.949 0.0229229 0.000441841
0.95 0.0224825 0.000399634
0.951 0.0220417 0.000358722
0.952 0.0216005 0.00031911
0.953 0.021159 0.000280799
0.954 0.020717 0.000243792
0.955 0.0202747 0.000208093
0.956 0.019832 0.000173703
0.957 0.0193889 0.000140626
0.958 0.0189454 0.000108865
0.959 0.0185016 7.84223e-05
0.96 0.0180573 4.93005e-05
0.961 0.0176127 2.15026e-05
0.962 0.0171678 4.96873e-06
0.963 0.0167224 3.01106e-05
0.964 0.0162767 5.39202e-05
0.965 0.0158306 7.63949e-05
0.966 0.0153842 9.75317e-05
0.967 0.0149373 0.000117328
0.968 0.0144902 0.000135781
0.969 0.0140426 0.000152888
0.97 0.0135947 0.000168646
0.971 0.0131465 0.000183053
0.972 0.0126979 0.000196105
0.973 0.0122489 0.000207799
0.974 0.0117996 0.000218134
0.975 0.0113499 0.000227107
0.976 0.0108999 0.000234713
0.977 0.0104495 0.000240952
0.978 0.00999884 0.00024582
0.979 0.00954779 0.000249313
0.98 0.0090964 0.000251431
0.981 0.00864467 0.000252169
0.982 0.0081926 0.000251525
0.983 0.0077402 0.000249496
0.984 0.00728746 0.00024608
0.985 0.00683439 0.000241274
0.986 0.00638099 0.000235075
0.987 0.00592727 0.000227479
0.988 0.00547321 0.000218486
0.989 0.00501883 0.000208091
0.99 0.00456412 0.000196292
0.991 0.0041091 0.000183086
0.992 0.00365375 0.000168471
0.993 0.00319809 0.000152444
0.994 0.00274211 0.000135002
0.995 0.00228582 0.000116142
0.996 0.00182921 9.58617e-05
0.997 0.00137229 7.41583e-05
0.998 0.000915065 5.1029e-05
0.999 0.000457531 2.64711e-05
1 3.07512e-07 4.8185e-07
1.001 0.00045845 2.69414e-05
1.002 0.000916893 5.58015e-05
1.003 0.00137564 8.61011e-05
1.004 0.00183468 0.000117843
1.005 0.00229402 0.00015103
1.006 0.00275365 0.000185664
1.007 0.00321357 0.000221749
1.008 0.00367379 0.000259287
1.009 0.00413429 0.000298281
1.01 0.00459508 0.000338733
1.011 0.00505616 0.000380647
1.012 0.00551752 0.000424024
1.013 0.00597916 0.000468868
1.014 0.00644107 0.000515182
1.015 0.00690327 0.000562968
1.016 0.00736575 0.000612228
1.017 0.00782849 0.000662966
1.018 0.00829151 0.000715184
1.019 0.0087548 0.000768885
1.02 0.00921836 0.000824072
1.021 0.00968218 0.000880746
1.022 0.0101463 0.000938912
1.023 0.0106106 0.000998572
1.024 0.0110752 0.00105973
1.025 0.0115401 0.00112238
1.026 0.0120052 0.00118654
1.027 0.0124706 0.0012522
1.028 0.0129363 0.00131937
1.029 0.0134021 0.00138805
1.03 0.0138683 0.00145824
1.031 0.0143347 0.00152994
1.032 0.0148013 0.00160317
1.033 0.0152682 0.00167791
1.034 0.0157353 0.00175418
1.035 0.0162026 0.00183197
1.036 0.0166702 0.00191129
1.037 0.0171381 0.00199215
1.038 0.0176061 0.00207453
1.039 0.0180744 0.00215846
1.04 0.018543 0.00224392
1.041 0.0190117 0.00233092
1.042 0.0194807 0.00241947
1.043 0.0199499 0.00250957
1.044 0.0204193 0.00260122
1.045 0.020889 0.00269442
1.046 0.0213589 0.00278917
1.047 0.0218289 0.00288548
1.048 0.0222992 0.00298335
1.049 0.0227698 0.00308279
1.05 0.0232405 0.00318379
1.051 0.0237114 0.00328636
1.052 0.0241826 0.0033905
1.053 0.0246539 0.00349622
1.054 0.0251255 0.00360351
1.055 0.0255972 0.00371238
1.056 0.0260692 0.00382283
1.057 0.0265413 0.00393487
1.058 0.0270137 0.00404849
1.059 0.0274862 0.0041637
1.06 0.0279589 0.00428051
1.061 0.0284319 0.00439891
1.062 0.028905 0.0045189
1.063 0.0293783 0.0046405
1.064 0.0298517 0.0047637
1.065 0.0303254 0.00488851
1.066 0.0307992 0.00501492
1.067 0.0312733 0.00514295
1.068 0.0317475 0.00527258
1.069 0.0322218 0.00540384
1.07 0.0326964 0.00553671
1.071 0.0331711 0.0056712
1.072 0.033646 0.00580732
1.073 0.034121 0.00594506
1.074 0.0345962 0.00608443
1.075 0.0350716 0.00622544
1.076 0.0355471 0.00636807
1.077 0.0360228 0.00651235
1.078 0.0364986 0.00665826
1.079 0.0369746 0.00680582
1.08 0.0374508 0.00695502
1.081 0.0379271 0.00710587
1.082 0.0384035 0.00725836
1.083 0.0388801 0.00741251
1.084 0.0393569 0.00756832
1.085 0.0398337 0.00772578
1.086 0.0403108 0.0078849
1.087 0.0407879 0.00804569
1.088 0.0412652 0.00820814
1.089 0.0417426 0.00837225
1.09 0.0422202 0.00853804
1.091 0.0426979 0.0087055
1.092 0.0431757 0.00887464
1.093 0.0436536 0.00904546
1.094 0.0441317 0.00921795
1.095 0.0446099 0.00939213
1.096 0.0450882 0.009568
1.097 0.0455666 0.00974555
1.098 0.0460452 0.0099248
1.099 0.0465238 0.0101057
1.1 0.0470026 0.0102884
1.101 0.0474814 0.0104727
1.102 0.0479604 0.0106587
1.103 0.0484395 0.0108465
1.104 0.0489187 0.0110359
1.105 0.049398 0.0112271
1.106 0.0498774 0.0114199
1.107 0.0503569 0.0116145
1.108 0.0508364 0.0118108
1.109 0.0513161 0.0120088
1.11 0.0517959 0.0122086
1.111 0.0522757 0.01241
1.112 0.0527557 0.0126132
1.113 0.0532357 0.0128181
1.114 0.0537158 0.0130248
1.115 0.054196 0.0132332
1.116 0.0546762 0.0134433
1.117 0.0551566 0.0136551
1.118 0.055637 0.0138687
1.119 0.0561175 0.0140841
1.12 0.056598 0.0143012
1.121 0.0570787 0.01452
1.122 0.0575594 0.0147406
1.123 0.0580401 0.014963
1.124 0.0585209 0.0151871
1.125 0.0590018 0.0154129
1.126 0.0594827 0.0156406
1.127 0.0599637 0.01587
1.128 0.0604447 0.0161011
1.129 0.0609258 0.0163341
1.13 0.061407 0.0165688
1.131 0.0618882 0.0168052
1.132 0.0623694 0.0170435
1.133 0.0628507 0.0172835
1.134 0.063332 0.0175253
1.135 0.0638133 0.0177689
1.136 0.0642947 0.0180143
1.137 0.0647761 0.0182615
1.138 0.0652576 0.0185105
1.139 0.065739 0.0187612
1.14 0.0662206 0.0190138
1.141 0.0667021 0.0192682
1.142 0.0671836 0.0195243
1.143 0.0676652 0.0197823
1.144 0.0681468 0.0200421
1.145 0.0686284 0.0203037
1.146 0.0691101 0.020567
1.147 0.0695917 0.0208323
1.148 0.0700733 0.0210993
1.149 0.070555 0.0213681
1.15 0.0710367 0.0216388
1.151 0.0715183 0.0219113
1.152 0.072 0.0221856
1.153 0.0724817 0.0224618
1.154 0.0729633 0.0227397
1.155 0.073445 0.0230196
1.156 0.0739266 0.0233012
1.157 0.0744083 0.0235847
1.158 0.0748899 0.02387
1.159 0.0753715 0.0241572
1.16 0.0758531 0.0244462
1.161 0.0763347 0.0247371
1.162 0.0768163 0.0250298
1.163 0.0772978 0.0253244
1.164 0.0777793 0.0256208
1.165 0.0782608 0.0259191
1.166 0.0787423 0.0262193
1.167 0.0792237 0.0265213
1.168 0.0797051 0.0268252
1.169 0.0801864 0.0271309
1.17 0.0806678 0.0274385
1.171 0.081149 0.027748
1.172 0.0816303 0.0280594
1.173 0.0821115 0.0283726
1.174 0.0825926 0.0286878
1.175 0.0830737 0.0290048
1.176 0.0835547 0.0293237
1.177 0.0840357 0.0296444
1.178 0.0845167 0.0299671
1.179 0.0849975 0.0302917
1.18 0.0854784 0.0306181
1.181 0.0859591 0.0309465
1.182 0.0864398 0.0312767
1.183 0.0869204 0.0316089
1.184 0.087401 0.031943
1.185 0.0878815 0.0322789
1.186 0.0883619 0.0326168
1.187 0.0888422 0.0329566
1.188 0.0893225 0.0332983
1.189 0.0898026 0.0336419
1.19 0.0902827 0.0339874
1.191 0.0907627 0.0343349
1.192 0.0912426 0.0346843
1.193 0.0917225 0.0350356
1.194 0.0922022 0.0353888
1.195 0.0926819 0.035744
1.196 0.0931614 0.0361011
1.197 0.0936408 0.0364601
1.198 0.0941202 0.0368211
1.199 0.0945994 0.037184
1.2 0.0950786 0.0375488
1.201 0.0955576 0.0379156
1.202 0.0960365 0.0382844
1.203 0.0965153 0.0386551
1.204 0.096994 0.0390277
1.205 0.0974726 0.0394023
1.206 0.0979511 0.0397789
1.207 0.0984294 0.0401574
1.208 0.0989076 0.0405379
1.209 0.0993857 0.0409203
1.21 0.0998637 0.0413047
1.211 0.100341 0.0416911
1.212 0.100819 0.0420794
1.213 0.101297 0.0424697
1.214 0.101774 0.042862
1.215 0.102251 0.0432563
1.216 0.102729 0.0436525
1.217 0.103206 0.0440507
1.218 0.103682 0.044451
1.219 0.104159 0.0448532
1.22 0.104636 0.0452573
1.221 0.105112 0.0456635
1.222 0.105588 0.0460717
1.223 0.106064 0.0464818
1.224 0.10654 0.046894
1.225 0.107016 0.0473082
1.226 0.107492 0.0477243
1.227 0.107967 0.0481425
1.228 0.108442 0.0485627
1.229 0.108917 0.0489849
1.23 0.109392 0.0494091
1.231 0.109867 0.0498353
1.232 0.110342 0.0502635
1.233 0.110816 0.0506938
1.234 0.11129 0.051126
1.235 0.111764 0.0515603
1.236 0.112238 0.0519966
1.237 0.112712 0.052435
1.238 0.113185 0.0528753
1.239 0.113658 0.0533177
1.24 0.114131 0.0537622
1.241 0.114604 0.0542087
1.242 0.115077 0.0546572
1.243 0.115549 0.0551077
1.244 0.116021 0.0555603
1.245 0.116493 0.056015
1.246 0.116965 0.0564717
1.247 0.117437 0.0569304
1.248 0.117908 0.0573912
1.249 0.118379 0.057854
1.25 0.11885 0.0583189
1.251 0.119321 0.0587859
1.252 0.119791 0.0592549
1.253 0.120262 0.059726
1.254 0.120732 0.0601992
1.255 0.121201 0.0606744
1.256 0.121671 0.0611517
1.257 0.12214 0.061631
1.258 0.122609 0.0621125
1.259 0.123078 0.062596
1.26 0.123547 0.0630816
1.261 0.124015 0.0635692
1.262 0.124483 0.064059
1.263 0.124951 0.0645508
1.264 0.125418 0.0650447
1.265 0.125886 0.0655408
1.266 0.126353 0.0660389
1.267 0.126819 0.0665391
1.268 0.127286 0.0670414
1.269 0.127752 0.0675458
1.27 0.128218 0.0680523
1.271 0.128684 0.0685609
1.272 0.129149 0.0690716
1.273 0.129614 0.0695844
1.274 0.130079 0.0700993
1.275 0.130544 0.0706163
1.276 0.131008 0.0711355
1.277 0.131472 0.0716567
1.278 0.131936 0.0721801
1.279 0.132399 0.0727056
1.28 0.132862 0.0732332
1.281 0.133325 0.073763
1.282 0.133788 0.0742948
1.283 0.13425 0.0748288
1.284 0.134712 0.075365
1.285 0.135174 0.0759032
1.286 0.135635 0.0764436
1.287 0.136096 0.0769861
1.288 0.136557 0.0775308
1.289 0.137017 0.0780776
1.29 0.137477 0.0786266
1.291 0.137937 0.0791777
1.292 0.138396 0.0797309
1.293 0.138855 0.0802863
1.294 0.139314 0.0808439
1.295 0.139772 0.0814036
1.296 0.14023 0.0819654
1.297 0.140688 0.0825294
1.298 0.141146 0.0830956
1.299 0.141603 0.083664
1.3 0.142059 0.0842345
1.301 0.142516 0.0848071
1.302 0.142972 0.085382
1.303 0.143428 0.085959
1.304 0.143883 0.0865382
1.305 0.144338 0.0871195
1.306 0.144792 0.087703
1.307 0.145247 0.0882888
1.308 0.145701 0.0888766
1.309 0.146154 0.0894667
1.31 0.146607 0.090059
1.311 0.14706 0.0906534
1.312 0.147512 0.0912501
1.313 0.147964 0.0918489
1.314 0.148416 0.0924499
1.315 0.148867 0.0930531
1.316 0.149318 0.0936585
1.317 0.149769 0.0942661
1.318 0.150219 0.0948759
1.319 0.150669 0.0954879
1.32 0.151118 0.0961022
1.321 0.151567 0.0967186
1.322 0.152015 0.0973372
1.323 0.152463 0.0979581
1.324 0.152911 0.0985811
1.325 0.153359 0.0992064
1.326 0.153805 0.0998339
1.327 0.154252 0.100464
1.328 0.154698 0.101096
1.329 0.155144 0.10173
1.33 0.155589 0.102366
1.331 0.156034 0.103005
1.332 0.156478 0.103646
1.333 0.156922 0.104289
1.334 0.157366 0.104934
1.335 0.157809 0.105581
1.336 0.158251 0.106231
1.337 0.158694 0.106883
1.338 0.159135 0.107537
1.339 0.159577 0.108194
1.34 0.160018 0.108853
1.341 0.160458 0.109514
1.342 0.160898 0.110177
1.343 0.161338 0.110842
1.344 0.161777 0.11151
1.345 0.162215 0.11218
1.346 0.162654 0.112852
1.347 0.163091 0.113527
1.348 0.163529 0.114204
1.349 0.163965 0.114883
1.35 0.164402 0.115564
1.351 0.164837 0.116248
1.352 0.165273 0.116933
1.353 0.165708 0.117621
1.354 0.166142 0.118312
1.355 0.166576 0.119005
1.356 0.16701 0.119699
1.357 0.167442 0.120397
1.358 0.167875 0.121096
1.359 0.168307 0.121798
1.36 0.168738 0.122502
1.361 0.169169 0.123208
1.362 0.1696 0.123917
1.363 0.17003 0.124628
1.364 0.170459 0.125341
1.365 0.170888 0.126056
1.366 0.171317 0.126774
1.367 0.171744 0.127494
1.368 0.172172 0.128217
1.369 0.172599 0.128941
1.37 0.173025 0.129668
1.371 0.173451 0.130398
1.372 0.173876 0.131129
1.373 0.174301 0.131863
1.374 0.174725 0.132599
1.375 0.175149 0.133338
1.376 0.175572 0.134079
1.377 0.175995 0.134822
1.378 0.176417 0.135567
1.379 0.176838 0.136315
1.38 0.177259 0.137065
1.381 0.17768 0.137818
1.382 0.1781 0.138572
1.383 0.178519 0.139329
1.384 0.178938 0.140089
1.385 0.179356 0.140851
1.386 0.179773 0.141615
1.387 0.18019 0.142381
1.388 0.180607 0.14315
1.389 0.181023 0.143921
1.39 0.181438 0.144694
1.391 0.181853 0.14547
1.392 0.182267 0.146248
1.393 0.182681 0.147029
1.394 0.183094 0.147811
1.395 0.183506 0.148596
1.396 0.183918 0.149384
1.397 0.184329 0.150174
1.398 0.18474 0.150966
1.399 0.18515 0.15176
1.4 0.185559 0.152557
1.401 0.185968 0.153357
1.402 0.186376 0.154158
1.403 0.186784 0.154962
1.404 0.187191 0.155769
1.405 0.187597 0.156577
1.406 0.188003 0.157388
1.407 0.188408 0.158202
1.408 0.188813 0.159017
1.409 0.189217 0.159836
1.41 0.18962 0.160656
1.411 0.190023 0.161479
1.412 0.190425 0.162304
1.413 0.190826 0.163132
1.414 0.191227 0.163962
1.415 0.191627 0.164795
1.416 0.192026 0.165629
1.417 0.192425 0.166467
1.418 0.192823 0.167306
1.419 0.193221 0.168148
1.42 0.193617 0.168993
1.421 0.194014 0.169839
1.422 0.194409 0.170689
1.423 0.194804 0.17154
1.424 0.195198 0.172394
1.425 0.195592 0.17325
1.426 0.195984 0.174109
1.427 0.196377 0.17497
1.428 0.196768 0.175834
1.429 0.197159 0.1767
1.43 0.197549 0.177568
1.431 0.197938 0.178439
1.432 0.198327 0.179312
1.433 0.198715 0.180188
1.434 0.199103 0.181066
1.435 0.199489 0.181946
1.436 0.199875 0.182829
1.437 0.20026 0.183714
1.438 0.200645 0.184602
1.439 0.201029 0.185492
1.44 0.201412 0.186385
1.441 0.201794 0.18728
1.442 0.202176 0.188177
1.443 0.202557 0.189077
1.444 0.202937 0.189979
1.445 0.203317 0.190884
1.446 0.203696 0.191791
1.447 0.204074 0.1927
1.448 0.204451 0.193612
1.449 0.204828 0.194527
1.45 0.205204 0.195444
1.451 0.205579 0.196363
1.452 0.205953 0.197285
1.453 0.206327 0.198209
1.454 0.2067 0.199135
1.455 0.207072 0.200065
1.456 0.207443 0.200996
1.457 0.207814 0.20193
1.458 0.208184 0.202866
1.459 0.208553 0.203805
1.46 0.208921 0.204747
1.461 0.209289 0.20569
1.462 0.209655 0.206637
1.463 0.210021 0.207585
1.464 0.210387 0.208537
1.465 0.210751 0.20949
1.466 0.211115 0.210446
1.467 0.211478 0.211405
1.468 0.21184 0.212366
1.469 0.212201 0.213329
1.47 0.212562 0.214295
1.471 0.212921 0.215264
1.472 0.21328 0.216235
1.473 0.213638 0.217208
1.474 0.213996 0.218184
1.475 0.214352 0.219162
1.476 0.214708 0.220143
1.477 0.215063 0.221126
1.478 0.215417 0.222112
1.479 0.21577 0.2231
1.48 0.216123 0.224091
1.481 0.216474 0.225084
1.482 0.216825 0.22608
1.483 0.217175 0.227078
1.484 0.217524 0.228079
1.485 0.217872 0.229082
1.486 0.21822 0.230088
1.487 0.218566 0.231096
1.488 0.218912 0.232106
1.489 0.219257 0.23312
1.49 0.219601 0.234135
1.491 0.219944 0.235153
1.492 0.220287 0.236174
1.493 0.220628 0.237197
1.494 0.220969 0.238223
1.495 0.221309 0.239251
1.496 0.221648 0.240282
1.497 0.221986 0.241315
1.498 0.222323 0.242351
1.499 0.222659 0.243389
1.5 0.222994 0.244429
1.501 0.223329 0.245473
1.502 0.223663 0.246518
1.503 0.223995 0.247567
1.504 0.224327 0.248617
1.505 0.224658 0.249671
1.506 0.224988 0.250726
1.507 0.225318 0.251785
1.508 0.225646 0.252846
1.509 0.225973 0.253909
1.51 0.2263 0.254975
1.511 0.226625 0.256043
1.512 0.22695 0.257114
1.513 0.227274 0.258188
1.514 0.227596 0.259264
1.515 0.227918 0.260342
1.516 0.228239 0.261423
1.517 0.228559 0.262507
1.518 0.228879 0.263593
1.519 0.229197 0.264682
1.52 0.229514 0.265773
1.521 0.22983 0.266867
1.522 0.230146 0.267963
1.523 0.23046 0.269062
1.524 0.230774 0.270163
1.525 0.231086 0.271267
1.526 0.231398 0.272374
1.527 0.231708 0.273483
1.528 0.232018 0.274594
1.529 0.232327 0.275709
1.53 0.232634 0.276825
1.531 0.232941 0.277945
1.532 0.233247 0.279066
1.533 0.233552 0.280191
1.534 0.233856 0.281318
1.535 0.234159 0.282447
1.536 0.234461 0.283579
1.537 0.234761 0.284714
1.538 0.235061 0.285851
1.539 0.23536 0.28699
1.54 0.235658 0.288133
1.541 0.235955 0.289277
1.542 0.236251 0.290425
1.543 0.236546 0.291575
1.544 0.23684 0.292727
1.545 0.237133 0.293882
1.546 0.237425 0.29504
1.547 0.237716 0.2962
1.548 0.238006 0.297363
1.549 0.238295 0.298528
1.55 0.238583 0.299696
1.551 0.23887 0.300867
1.552 0.239155 0.30204
1.553 0.23944 0.303216
1.554 0.239724 0.304394
1.555 0.240007 0.305575
1.556 0.240288 0.306758
1.557 0.240569 0.307944
1.558 0.240849 0.309133
1.559 0.241127 0.310324
1.56 0.241405 0.311518
1.561 0.241681 0.312714
1.562 0.241956 0.313913
1.563 0.242231 0.315114
1.564 0.242504 0.316318
1.565 0.242776 0.317525
1.566 0.243047 0.318734
1.567 0.243317 0.319946
1.568 0.243586 0.321161
1.569 0.243854 0.322378
1.57 0.244121 0.323598
1.571 0.244387 0.32482
1.572 0.244652 0.326045
1.573 0.244915 0.327272
1.574 0.245178 0.328502
1.575 0.245439 0.329735
1.576 0.245699 0.33097
1.577 0.245959 0.332208
1.578 0.246217 0.333448
1.579 0.246474 0.334691
1.58 0.24673 0.335937
1.581 0.246984 0.337185
1.582 0.247238 0.338436
1.583 0.247491 0.33969
1.584 0.247742 0.340946
1.585 0.247992 0.342205
1.586 0.248242 0.343466
1.587 0.24849 0.34473
1.588 0.248736 0.345996
1.589 0.248982 0.347266
1.59 0.249227 0.348537
1.591 0.24947 0.349812
1.592 0.249713 0.351089
1.593 0.249954 0.352368
1.594 0.250194 0.353651
1.595 0.250433 0.354936
1.596 0.250671 0.356223
1.597 0.250907 0.357513
1.598 0.251143 0.358806
1.599 0.251377 0.360101
1.6 0.25161 0.361399
1.601 0.251842 0.3627
1.602 0.252073 0.364003
1.603 0.252302 0.365309
1.604 0.252531 0.366618
1.605 0.252758 0.367929
1.606 0.252984 0.369243
1.607 0.253209 0.370559
1.608 0.253433 0.371878
1.609 0.253655 0.3732
1.61 0.253876 0.374524
1.611 0.254096 0.375851
1.612 0.254315 0.37718
1.613 0.254533 0.378513
1.614 0.254749 0.379848
1.615 0.254965 0.381185
1.616 0.255179 0.382525
1.617 0.255391 0.383868
1.618 0.255603 0.385213
1.619 0.255813 0.386561
1.62 0.256022 0.387912
1.621 0.25623 0.389265
1.622 0.256437 0.390621
1.623 0.256642 0.39198
1.624 0.256847 0.393341
1.625 0.25705 0.394705
1.626 0.257251 0.396072
1.627 0.257452 0.397441
1.628 0.257651 0.398813
1.629 0.257849 0.400187
1.63 0.258046 0.401564
1.631 0.258241 0.402944
1.632 0.258435 0.404327
1.633 0.258628 0.405712
1.634 0.25882 0.407099
1.635 0.25901 0.40849
1.636 0.259199 0.409883
1.637 0.259387 0.411279
1.638 0.259574 0.412677
1.639 0.259759 0.414078
1.64 0.259943 0.415482
1.641 0.260126 0.416888
1.642 0.260307 0.418297
1.643 0.260487 0.419709
1.644 0.260666 0.421123
1.645 0.260843 0.42254
1.646 0.26102 0.42396
1.647 0.261195 0.425382
1.648 0.261368 0.426807
1.649 0.26154 0.428234
1.65 0.261711 0.429665
1.651 0.261881 0.431098
1.652 0.262049 0.432533
1.653 0.262216 0.433972
1.654 0.262382 0.435413
1.655 0.262546 0.436856
1.656 0.262709 0.438302
1.657 0.262871 0.439751
1.658 0.263031 0.441203
1.659 0.26319 0.442657
1.66 0.263348 0.444114
1.661 0.263504 0.445574
1.662 0.263659 0.447036
1.663 0.263813 0.448501
1.664 0.263965 0.449969
1.665 0.264116 0.451439
1.666 0.264265 0.452912
1.667 0.264413 0.454388
1.668 0.26456 0.455866
1.669 0.264706 0.457347
1.67 0.26485 0.458831
1.671 0.264992 0.460317
1.672 0.265133 0.461806
1.673 0.265273 0.463298
1.674 0.265412 0.464792
1.675 0.265549 0.466289
1.676 0.265685 0.467789
1.677 0.265819 0.469291
1.678 0.265952 0.470797
1.679 0.266083 0.472304
1.68 0.266213 0.473815
1.681 0.266342 0.475328
1.682 0.266469 0.476844
1.683 0.266595 0.478362
1.684 0.26672 0.479883
1.685 0.266843 0.481407
1.686 0.266964 0.482934
1.687 0.267084 0.484463
1.688 0.267203 0.485995
1.689 0.26732 0.48753
1.69 0.267436 0.489067
1.691 0.267551 0.490607
1.692 0.267664 0.49215
1.693 0.267775 0.493695
1.694 0.267885 0.495243
1.695 0.267994 0.496794
1.696 0.268101 0.498347
1.697 0.268207 0.499903
1.698 0.268311 0.501462
1.699 0.268414 0.503023
1.7 0.268515 0.504588
1.701 0.268615 0.506154
1.702 0.268714 0.507724
1.703 0.268811 0.509296
1.704 0.268906 0.510871
1.705 0.269 0.512449
1.706 0.269092 0.514029
1.707 0.269183 0.515612
1.708 0.269273 0.517198
1.709 0.269361 0.518786
1.71 0.269447 0.520377
1.711 0.269532 0.521971
1.712 0.269616 0.523567
1.713 0.269698 0.525166
1.714 0.269778 0.526768
1.715 0.269857 0.528373
1.716 0.269935 0.52998
1.717 0.270011 0.53159
1.718 0.270085 0.533203
1.719 0.270158 0.534818
1.72 0.27023 0.536436
1.721 0.270299 0.538057
1.722 0.270368 0.53968
1.723 0.270435 0.541306
1.724 0.2705 0.542935
1.725 0.270563 0.544566
1.726 0.270626 0.546201
1.727 0.270686 0.547837
1.728 0.270745 0.549477
1.729 0.270803 0.551119
1.73 0.270859 0.552764
1.731 0.270913 0.554412
1.732 0.270966 0.556062
1.733 0.271017 0.557715
1.734 0.271067 0.559371
1.735 0.271115 0.56103
1.736 0.271162 0.562691
1.737 0.271207 0.564355
1.738 0.27125 0.566021
1.739 0.271292 0.56769
1.74 0.271332 0.569362
1.741 0.271371 0.571037
1.742 0.271408 0.572714
1.743 0.271443 0.574394
1.744 0.271477 0.576077
1.745 0.271509 0.577763
1.746 0.27154 0.579451
1.747 0.271569 0.581142
1.748 0.271596 0.582835
1.749 0.271622 0.584531
1.75 0.271646 0.58623
1.751 0.271669 0.587932
1.752 0.27169 0.589636
1.753 0.271709 0.591343
1.754 0.271727 0.593053
1.755 0.271743 0.594766
1.756 0.271757 0.596481
1.757 0.27177 0.598199
1.758 0.271781 0.599919
1.759 0.27179 0.601642
1.76 0.271798 0.603368
1.761 0.271804 0.605097
1.762 0.271809 0.606828
1.763 0.271812 0.608562
1.764 0.271813 0.610299
1.765 0.271813 0.612039
1.766 0.271811 0.613781
1.767 0.271807 0.615526
1.768 0.271801 0.617273
1.769 0.271794 0.619023
1.77 0.271785 0.620776
1.771 0.271775 0.622532
1.772 0.271763 0.62429
1.773 0.271749 0.626051
1.774 0.271733 0.627815
1.775 0.271716 0.629582
1.776 0.271697 0.631351
1.777 0.271676 0.633123
1.778 0.271654 0.634897
1.779 0.27163 0.636674
1.78 0.271604 0.638454
1.781 0.271577 0.640237
1.782 0.271548 0.642022
1.783 0.271517 0.64381
1.784 0.271484 0.645601
1.785 0.27145 0.647395
1.786 0.271414 0.649191
1.787 0.271376 0.65099
1.788 0.271336 0.652791
1.789 0.271295 0.654596
1.79 0.271252 0.656402
1.791 0.271207 0.658212
1.792 0.271161 0.660024
1.793 0.271112 0.66184
1.794 0.271062 0.663657
1.795 0.271011 0.665478
1.796 0.270957 0.667301
1.797 0.270902 0.669127
1.798 0.270845 0.670955
1.799 0.270786 0.672786
1.8 0.270725 0.67462
1.801 0.270663 0.676457
1.802 0.270599 0.678296
1.803 0.270533 0.680138
1.804 0.270465 0.681983
1.805 0.270396 0.68383
1.806 0.270325 0.685681
1.807 0.270252 0.687533
1.808 0.270177 0.689389
1.809 0.2701 0.691247
1.81 0.270022 0.693108
1.811 0.269941 0.694972
1.812 0.269859 0.696838
1.813 0.269776 0.698707
1.814 0.26969 0.700578
1.815 0.269602 0.702453
1.816 0.269513 0.70433
1.817 0.269422 0.70621
1.818 0.269329 0.708092
1.819 0.269234 0.709977
1.82 0.269138 0.711865
1.821 0.269039 0.713755
1.822 0.268939 0.715649
1.823 0.268837 0.717544
1.824 0.268733 0.719443
1.825 0.268627 0.721344
1.826 0.268519 0.723248
1.827 0.26841 0.725155
1.828 0.268299 0.727064
1.829 0.268185 0.728976
1.83 0.26807 0.730891
1.831 0.267953 0.732808
1.832 0.267835 0.734728
1.833 0.267714 0.736651
1.834 0.267591 0.738577
1.835 0.267467 0.740505
1.836 0.267341 0.742436
1.837 0.267212 0.744369
1.838 0.267082 0.746305
1.839 0.26695 0.748244
1.84 0.266817 0.750186
1.841 0.266681 0.75213
1.842 0.266543 0.754077
1.843 0.266404 0.756026
1.844 0.266262 0.757979
1.845 0.266119 0.759934
1.846 0.265974 0.761891
1.847 0.265826 0.763852
1.848 0.265677 0.765815
1.849 0.265526 0.76778
1.85 0.265373 0.769749
1.851 0.265219 0.77172
1.852 0.265062 0.773693
1.853 0.264903 0.77567
1.854 0.264742 0.777649
1.855 0.26458 0.779631
1.856 0.264415 0.781615
1.857 0.264249 0.783602
1.858 0.264081 0.785592
1.859 0.26391 0.787584
1.86 0.263738 0.789579
1.861 0.263564 0.791577
1.862 0.263387 0.793578
1.863 0.263209 0.795581
1.864 0.263029 0.797587
1.865 0.262847 0.799595
1.866 0.262663 0.801606
1.867 0.262477 0.80362
1.868 0.262289 0.805636
1.869 0.262099 0.807655
1.87 0.261907 0.809677
1.871 0.261713 0.811702
1.872 0.261517 0.813729
1.873 0.261319 0.815759
1.874 0.261119 0.817791
1.875 0.260917 0.819826
1.876 0.260713 0.821864
1.877 0.260507 0.823904
1.878 0.260299 0.825947
1.879 0.260089 0.827993
1.88 0.259877 0.830042
1.881 0.259663 0.832093
1.882 0.259447 0.834146
1.883 0.259229 0.836203
1.884 0.259009 0.838262
1.885 0.258787 0.840324
1.886 0.258563 0.842388
1.887 0.258337 0.844455
1.888 0.258109 0.846525
1.889 0.257879 0.848597
1.89 0.257646 0.850672
1.891 0.257412 0.85275
1.892 0.257176 0.85483
1.893 0.256937 0.856913
1.894 0.256697 0.858998
1.895 0.256455 0.861086
1.896 0.25621 0.863177
1.897 0.255963 0.865271
1.898 0.255715 0.867367
1.899 0.255464 0.869466
1.9 0.255211 0.871567
1.901 0.254956 0.873671
1.902 0.254699 0.875778
1.903 0.25444 0.877887
1.904 0.254179 0.879999
1.905 0.253916 0.882114
1.906 0.25365 0.884231
1.907 0.253383 0.886351
1.908 0.253114 0.888474
1.909 0.252842 0.890599
1.91 0.252568 0.892727
1.911 0.252292 0.894857
1.912 0.252014 0.89699
1.913 0.251734 0.899126
1.914 0.251452 0.901264
1.915 0.251168 0.903405
1.916 0.250882 0.905549
1.917 0.250593 0.907695
1.918 0.250302 0.909844
1.919 0.25001 0.911995
1.92 0.249715 0.91415
1.921 0.249418 0.916306
1.922 0.249119 0.918466
1.923 0.248817 0.920628
1.924 0.248514 0.922792
1.925 0.248208 0.924959
1.926 0.247901 0.927129
1.927 0.247591 0.929302
1.928 0.247279 0.931477
1.929 0.246964 0.933654
1.93 0.246648 0.935835
1.931 0.246329 0.938018
1.932 0.246009 0.940203
1.933 0.245686 0.942391
1.934 0.245361 0.944582
1.935 0.245034 0.946775
1.936 0.244704 0.948971
1.937 0.244373 0.95117
1.938 0.244039 0.953371
1.939 0.243703 0.955575
1.94 0.243365 0.957781
1.941 0.243024 0.95999
1.942 0.242682 0.962202
1.943 0.242337 0.964416
1.944 0.24199 0.966633
1.945 0.241641 0.968852
1.946 0.24129 0.971074
1.947 0.240936 0.973299
1.948 0.24058 0.975526
1.949 0.240222 0.977755
1.95 0.239862 0.979988
1.951 0.2395 0.982223
1.952 0.239135 0.98446
1.953 0.238768 0.9867
1.954 0.238399 0.988943
1.955 0.238027 0.991188
1.956 0.237654 0.993436
1.957 0.237278 0.995687
1.958 0.2369 0.99794
1.959 0.23652 1.0002
1.96 0.236137 1.00245
1.961 0.235752 1.00471
1.962 0.235365 1.00698
1.963 0.234976 1.00924
1.964 0.234584 1.01151
1.965 0.23419 1.01378
1.966 0.233794 1.01606
1.967 0.233395 1.01833
1.968 0.232995 1.02061
1.969 0.232592 1.02289
1.97 0.232187 1.02518
1.971 0.231779 1.02746
1.972 0.231369 1.02975
1.973 0.230957 1.03204
1.974 0.230543 1.03434
1.975 0.230126 1.03663
1.976 0.229707 1.03893
1.977 0.229286 1.04124
1.978 0.228862 1.04354
1.979 0.228436 1.04585
1.98 0.228008 1.04816
1.981 0.227577 1.05047
1.982 0.227145 1.05278
1.983 0.226709 1.0551
1.984 0.226272 1.05742
1.985 0.225832 1.05974
1.986 0.22539 1.06207
1.987 0.224945 1.06439
1.988 0.224499 1.06672
1.989 0.22405 1.06906
1.99 0.223598 1.07139
1.991 0.223144 1.07373
1.992 0.222688 1.07607
1.993 0.22223 1.07841
1.994 0.221769 1.08076
1.995 0.221306 1.0831
1.996 0.22084 1.08545
1.997 0.220372 1.08781
1.998 0.219902 1.09016
1.999 0.219429 1.09252
2 0.218954 1.09488
2.001 0.218477 1.09724
2.002 0.217997 1.09961
2.003 0.217515 1.10198
2.004 0.21703 1.10435
2.005 0.216544 1.10672
2.006 0.216054 1.10909
2.007 0.215563 1.11147
2.008 0.215069 1.11385
2.009 0.214572 1.11624
2.01 0.214073 1.11862
2.011 0.213572 1.12101
2.012 0.213068 1.1234
2.013 0.212562 1.12579
2.014 0.212054 1.12819
2.015 0.211543 1.13059
2.016 0.21103 1.13299
2.017 0.210514 1.13539
2.018 0.209996 1.13779
2.019 0.209475 1.1402
2.02 0.208953 1.14261
2.021 0.208427 1.14502
2.022 0.207899 1.14744
2.023 0.207369 1.14986
2.024 0.206836 1.15228
2.025 0.206301 1.1547
2.026 0.205764 1.15713
2.027 0.205224 1.15955
2.028 0.204681 1.16198
2.029 0.204136 1.16442
2.03 0.203589 1.16685
2.031 0.203039 1.16929
2.032 0.202487 1.17173
2.033 0.201932 1.17417
2.034 0.201375 1.17662
2.035 0.200815 1.17906
2.036 0.200253 1.18151
2.037 0.199689 1.18397
2.038 0.199122 1.18642
2.039 0.198552 1.18888
2.04 0.19798 1.19134
2.041 0.197405 1.1938
2.042 0.196828 1.19627
2.043 0.196249 1.19873
2.044 0.195667 1.2012
2.045 0.195082 1.20367
2.046 0.194495 1.20615
2.047 0.193906 1.20863
2.048 0.193314 1.2111
2.049 0.192719 1.21359
2.05 0.192122 1.21607
2.051 0.191523 1.21856
2.052 0.190921 1.22105
2.053 0.190316 1.22354
2.054 0.189709 1.22603
2.055 0.1891 1.22853
2.056 0.188487 1.23103
2.057 0.187873 1.23353
2.058 0.187256 1.23603
2.059 0.186636 1.23854
2.06 0.186014 1.24105
2.061 0.185389 1.24356
2.062 0.184761 1.24607
2.063 0.184132 1.24859
2.064 0.183499 1.2511
2.065 0.182864 1.25362
2.066 0.182227 1.25615
2.067 0.181586 1.25867
2.068 0.180944 1.2612
2.069 0.180299 1.26373
2.07 0.179651 1.26626
2.071 0.179 1.2688
2.072 0.178347 1.27134
2.073 0.177692 1.27387
2.074 0.177034 1.27642
2.075 0.176373 1.27896
2.076 0.17571 1.28151
2.077 0.175044 1.28406
2.078 0.174376 1.28661
2.079 0.173705 1.28916
2.08 0.173031 1.29172
2.081 0.172355 1.29428
2.082 0.171676 1.29684
2.083 0.170995 1.2994
2.084 0.170311 1.30197
2.085 0.169624 1.30454
2.086 0.168935 1.30711
2.087 0.168243 1.30968
2.088 0.167548 1.31225
2.089 0.166851 1.31483
2.09 0.166152 1.31741
2.091 0.165449 1.31999
2.092 0.164744 1.32258
2.093 0.164037 1.32517
2.094 0.163327 1.32776
2.095 0.162614 1.33035
2.096 0.161898 1.33294
2.097 0.16118 1.33554
2.098 0.160459 1.33814
2.099 0.159736 1.34074
2.1 0.15901 1.34334
2.101 0.158281 1.34595
2.102 0.15755 1.34855
2.103 0.156816 1.35116
2.104 0.156079 1.35378
2.105 0.15534 1.35639
2.106 0.154598 1.35901
2.107 0.153853 1.36163
2.108 0.153106 1.36425
2.109 0.152356 1.36688
2.11 0.151603 1.3695
2.111 0.150848 1.37213
2.112 0.15009 1.37476
2.113 0.149329 1.37739
2.114 0.148566 1.38003
2.115 0.147799 1.38267
2.116 0.147031 1.38531
2.117 0.146259 1.38795
2.118 0.145485 1.3906
2.119 0.144708 1.39324
2.12 0.143929 1.39589
2.121 0.143146 1.39854
2.122 0.142361 1.4012
2.123 0.141574 1.40386
2.124 0.140783 1.40651
2.125 0.13999 1.40917
2.126 0.139194 1.41184
2.127 0.138396 1.4145
2.128 0.137594 1.41717
2.129 0.13679 1.41984
2.13 0.135983 1.42251
2.131 0.135174 1.42519
2.132 0.134362 1.42786
2.133 0.133547 1.43054
2.134 0.132729 1.43322
2.135 0.131909 1.43591
2.136 0.131085 1.43859
2.137 0.13026 1.44128
2.138 0.129431 1.44397
2.139 0.128599 1.44666
2.14 0.127765 1.44936
2.141 0.126928 1.45205
2.142 0.126089 1.45475
2.143 0.125246 1.45745
2.144 0.124401 1.46016
2.145 0.123553 1.46286
2.146 0.122702 1.46557
2.147 0.121849 1.46828
2.148 0.120992 1.47099
2.149 0.120133 1.47371
2.15 0.119271 1.47642
2.151 0.118407 1.47914
2.152 0.117539 1.48187
2.153 0.116669 1.48459
2.154 0.115796 1.48731
2.155 0.11492 1.49004
2.156 0.114041 1.49277
2.157 0.11316 1.4955
2.158 0.112276 1.49824
2.159 0.111389 1.50097
2.16 0.110499 1.50371
2.161 0.109606 1.50645
2.162 0.108711 1.5092
2.163 0.107812 1.51194
2.164 0.106911 1.51469
2.165 0.106007 1.51744
2.166 0.105101 1.52019
2.167 0.104191 1.52294
2.168 0.103279 1.5257
2.169 0.102364 1.52846
2.17 0.101445 1.53122
2.171 0.100525 1.53398
2.172 0.0996008 1.53675
2.173 0.0986743 1.53951
2.174 0.0977448 1.54228
2.175 0.0968126 1.54505
2.176 0.0958775 1.54783
2.177 0.0949395 1.5506
2.178 0.0939987 1.55338
2.179 0.093055 1.55616
2.18 0.0921085 1.55894
2.181 0.0911591 1.56172
2.182 0.0902069 1.56451
2.183 0.0892518 1.5673
2.184 0.0882938 1.57009
2.185 0.0873329 1.57288
2.186 0.0863692 1.57567
2.187 0.0854026 1.57847
2.188 0.0844331 1.58127
2.189 0.0834607 1.58407
2.19 0.0824855 1.58687
2.191 0.0815074 1.58968
2.192 0.0805263 1.59248
2.193 0.0795424 1.59529
2.194 0.0785556 1.5981
2.195 0.0775659 1.60092
2.196 0.0765733 1.60373
2.197 0.0755778 1.60655
2.198 0.0745794 1.60937
2.199 0.0735781 1.61219
2.2 0.0725739 1.61501
2.201 0.0715667 1.61784
2.202 0.0705567 1.62066
2.203 0.0695437 1.62349
2.204 0.0685279 1.62633
2.205 0.0675091 1.62916
2.206 0.0664873 1.632
2.207 0.0654627 1.63483
2.208 0.0644351 1.63767
2.209 0.0634046 1.64051
2.21 0.0623712 1.64336
2.211 0.0613348 1.6462
2.212 0.0602955 1.64905
2.213 0.0592532 1.6519
2.214 0.058208 1.65475
2.215 0.0571599 1.65761
2.216 0.0561088 1.66046
2.217 0.0550548 1.66332
2.218 0.0539978 1.66618
2.219 0.0529378 1.66904
2.22 0.0518749 1.67191
2.221 0.0508091 1.67477
2.222 0.0497403 1.67764
2.223 0.0486685 1.68051
2.224 0.0475937 1.68338
2.225 0.046516 1.68626
2.226 0.0454353 1.68913
2.227 0.0443516 1.69201
2.228 0.043265 1.69489
2.229 0.0421754 1.69777
2.23 0.0410827 1.70066
2.231 0.0399872 1.70354
2.232 0.0388886 1.70643
2.233 0.037787 1.70932
2.234 0.0366825 1.71221
2.235 0.0355749 1.71511
2.236 0.0344644 1.718
2.237 0.0333508 1.7209
2.238 0.0322343 1.7238
2.239 0.0311148 1.7267
2.24 0.0299922 1.7296
2.241 0.0288666 1.73251
2.242 0.0277381 1.73541
2.243 0.0266065 1.73832
2.244 0.0254719 1.74123
2.245 0.0243343 1.74415
2.246 0.0231937 1.74706
2.247 0.02205 1.74998
2.248 0.0209034 1.7529
2.249 0.0197537 1.75582
2.25 0.0186009 1.75874
2.251 0.0174452 1.76166
2.252 0.0162864 1.76459
2.253 0.0151246 1.76752
2.254 0.0139597 1.77045
2.255 0.0127918 1.77338
2.256 0.0116209 1.77631
2.257 0.0104469 1.77925
2.258 0.00926986 1.78219
2.259 0.00808978 1.78513
2.26 0.00690665 1.78807
2.261 0.00572046 1.79101
2.262 0.00453122 1.79396
2.263 0.00333892 1.7969
2.264 0.00214356 1.79985
2.265 0.000945134 1.8028
2.266 0.000256354 1.80575
2.267 0.00146091 1.80871
2.268 0.00266853 1.81166
2.269 0.00387923 1.81462
2.27 0.005093 1.81758
2.271 0.00630985 1.82054
2.272 0.00752977 1.82351
2.273 0.00875277 1.82647
2.274 0.00997886 1.82944
2.275 0.011208 1.83241
2.276 0.0124403 1.83538
2.277 0.0136756 1.83835
2.278 0.0149141 1.84132
2.279 0.0161556 1.8443
2.28 0.0174003 1.84728
2.281 0.018648 1.85026
2.282 0.0198988 1.85324
2.283 0.0211528 1.85622
2.284 0.0224098 1.85921
2.285 0.0236699 1.86219
2.286 0.0249332 1.86518
2.287 0.0261996 1.86817
2.288 0.027469 1.87116
2.289 0.0287416 1.87416
2.29 0.0300174 1.87715
2.291 0.0312962 1.88015
2.292 0.0325781 1.88315
2.293 0.0338632 1.88615
2.294 0.0351514 1.88915
2.295 0.0364428 1.89216
2.296 0.0377373 1.89516
2.297 0.0390349 1.89817
2.298 0.0403356 1.90118
2.299 0.0416395 1.90419
2.3 0.0429465 1.9072
2.301 0.0442566 1.91022
2.302 0.04557 1.91323
2.303 0.0468864 1.91625
2.304 0.048206 1.91927
2.305 0.0495287 1.92229
2.306 0.0508546 1.92531
2.307 0.0521837 1.92834
2.308 0.0535159 1.93136
2.309 0.0548513 1.93439
2.31 0.0561898 1.93742
2.311 0.0575315 1.94045
2.312 0.0588764 1.94349
2.313 0.0602244 1.94652
2.314 0.0615756 1.94956
2.315 0.06293 1.9526
2.316 0.0642875 1.95564
2.317 0.0656482 1.95868
2.318 0.0670121 1.96172
2.319 0.0683792 1.96476
2.32 0.0697495 1.96781
2.321 0.0711229 1.97086
2.322 0.0724996 1.97391
2.323 0.0738794 1.97696
2.324 0.0752624 1.98001
2.325 0.0766486 1.98307
2.326 0.078038 1.98612
2.327 0.0794306 1.98918
2.328 0.0808264 1.99224
2.329 0.0822254 1.9953
2.33 0.0836276 1.99836
2.331 0.085033 2.00143
2.332 0.0864416 2.00449
2.333 0.0878534 2.00756
2.334 0.0892684 2.01063
2.335 0.0906866 2.0137
2.336 0.0921081 2.01677
2.337 0.0935328 2.01984
2.338 0.0949607 2.02292
2.339 0.0963918 2.02599
2.34 0.0978261 2.02907
2.341 0.0992636 2.03215
2.342 0.100704 2.03523
2.343 0.102148 2.03832
2.344 0.103596 2.0414
2.345 0.105046 2.04449
2.346 0.1065 2.04757
2.347 0.107957 2.05066
2.348 0.109417 2.05375
2.349 0.11088 2.05684
2.35 0.112347 2.05994
2.351 0.113817 2.06303
2.352 0.11529 2.06613
2.353 0.116767 2.06923
2.354 0.118246 2.07233
2.355 0.119729 2.07543
2.356 0.121215 2.07853
2.357 0.122705 2.08163
2.358 0.124197 2.08474
2.359 0.125693 2.08785
2.36 0.127193 2.09095
2.361 0.128695 2.09406
2.362 0.130201 2.09717
2.363 0.13171 2.10029
2.364 0.133222 2.1034
2.365 0.134738 2.10652
2.366 0.136256 2.10963
2.367 0.137778 2.11275
2.368 0.139304 2.11587
2.369 0.140832 2.11899
2.37 0.142364 2.12212
2.371 0.1439 2.12524
2.372 0.145438 2.12837
2.373 0.14698 2.13149
2.374 0.148525 2.13462
2.375 0.150073 2.13775
2.376 0.151625 2.14088
2.377 0.15318 2.14401
2.378 0.154738 2.14715
2.379 0.1563 2.15028
2.38 0.157864 2.15342
2.381 0.159433 2.15656
2.382 0.161004 2.1597
2.383 0.162579 2.16284
2.384 0.164157 2.16598
2.385 0.165738 2.16912
2.386 0.167323 2.17227
2.387 0.168911 2.17542
2.388 0.170502 2.17856
2.389 0.172097 2.18171
2.39 0.173695 2.18486
2.391 0.175296 2.18801
2.392 0.176901 2.19117
2.393 0.178508 2.19432
2.394 0.18012 2.19748
2.395 0.181734 2.20063
2.396 0.183352 2.20379
2.397 0.184973 2.20695
2.398 0.186598 2.21011
2.399 0.188226 2.21327
2.4 0.189857 2.21644
2.401 0.191491 2.2196
2.402 0.193129 2.22277
2.403 0.19477 2.22594
2.404 0.196415 2.2291
2.405 0.198063 2.23227
2.406 0.199714 2.23545
2.407 0.201369 2.23862
2.408 0.203027 2.24179
2.409 0.204688 2.24497
2.41 0.206353 2.24814
2.411 0.208021 2.25132
2.412 0.209692 2.2545
2.413 0.211367 2.25768
2.414 0.213045 2.26086
2.415 0.214726 2.26404
2.416 0.216411 2.26722
2.417 0.218099 2.27041
2.418 0.219791 2.27359
2.419 0.221486 2.27678
2.42 0.223184 2.27997
2.421 0.224885 2.28316
2.422 0.226591 2.28635
2.423 0.228299 2.28954
2.424 0.230011 2.29273
2.425 0.231726 2.29593
2.426 0.233444 2.29912
2.427 0.235166 2.30232
2.428 0.236891 2.30552
2.429 0.23862 2.30872
2.43 0.240352 2.31192
2.431 0.242088 2.31512
2.432 0.243826 2.31832
2.433 0.245569 2.32152
2.434 0.247314 2.32473
2.435 0.249063 2.32793
2.436 0.250816 2.33114
2.437 0.252571 2.33435
2.438 0.254331 2.33756
2.439 0.256093 2.34077
2.44 0.257859 2.34398
2.441 0.259629 2.34719
2.442 0.261401 2.3504
2.443 0.263178 2.35362
2.444 0.264957 2.35683
2.445 0.26674 2.36005
2.446 0.268527 2.36327
2.447 0.270316 2.36648
2.448 0.27211 2.3697
2.449 0.273906 2.37293
2.45 0.275706 2.37615
2.451 0.27751 2.37937
2.452 0.279317 2.38259
2.453 0.281127 2.38582
2.454 0.282941 2.38904
2.455 0.284758 2.39227
2.456 0.286579 2.3955
2.457 0.288403 2.39873
2.458 0.29023 2.40196
2.459 0.292061 2.40519
2.46 0.293896 2.40842
2.461 0.295733 2.41165
2.462 0.297575 2.41489
2.463 0.299419 2.41812
2.464 0.301267 2.42136
2.465 0.303119 2.4246
2.466 0.304974 2.42783
2.467 0.306832 2.43107
2.468 0.308694 2.43431
2.469 0.310559 2.43755
2.47 0.312428 2.44079
2.471 0.3143 2.44404
2.472 0.316176 2.44728
2.473 0.318055 2.45052
2.474 0.319937 2.45377
2.475 0.321823 2.45702
2.476 0.323713 2.46026
2.477 0.325606 2.46351
2.478 0.327502 2.46676
2.479 0.329402 2.47001
2.48 0.331305 2.47326
2.481 0.333212 2.47651
2.482 0.335122 2.47976
2.483 0.337036 2.48302
2.484 0.338953 2.48627
2.485 0.340873 2.48953
2.486 0.342797 2.49278
2.487 0.344725 2.49604
2.488 0.346656 2.4993
2.489 0.34859 2.50256
2.49 0.350528 2.50582
2.491 0.35247 2.50908
2.492 0.354415 2.51234
2.493 0.356363 2.5156
2.494 0.358315 2.51886
2.495 0.36027 2.52213
2.496 0.362229 2.52539
2.497 0.364191 2.52865
2.498 0.366157 2.53192
2.499 0.368126 2.53519
2.5 0.370099 2.53845
2.501 0.372075 2.54172
2.502 0.374055 2.54499
2.503 0.376038 2.54826
2.504 0.378025 2.55153
2.505 0.380015 2.5548
2.506 0.382009 2.55808
2.507 0.384006 2.56135
2.508 0.386007 2.56462
2.509 0.388011 2.5679
2.51 0.390019 2.57117
2.511 0.39203 2.57445
2.512 0.394045 2.57772
2.513 0.396063 2.581
2.514 0.398084 2.58428
2.515 0.40011 2.58756
2.516 0.402138 2.59084
2.517 0.404171 2.59412
2.518 0.406206 2.5974
2.519 0.408245 2.60068
2.52 0.410288 2.60396
2.521 0.412334 2.60724
2.522 0.414384 2.61053
2.523 0.416437 2.61381
2.524 0.418494 2.6171
2.525 0.420555 2.62038
2.526 0.422618 2.62367
2.527 0.424686 2.62695
2.528 0.426757 2.63024
2.529 0.428831 2.63353
2.53 0.430909 2.63682
2.531 0.43299 2.64011
2.532 0.435075 2.6434
2.533 0.437164 2.64669
2.534 0.439256 2.64998
2.535 0.441351 2.65327
2.536 0.44345 2.65656
2.537 0.445553 2.65985
2.538 0.447659 2.66315
2.539 0.449769 2.66644
2.54 0.451882 2.66973
2.541 0.453999 2.67303
2.542 0.456119 2.67632
2.543 0.458243 2.67962
2.544 0.46037 2.68292
2.545 0.462501 2.68621
2.546 0.464635 2.68951
2.547 0.466773 2.69281
2.548 0.468915 2.69611
2.549 0.47106 2.69941
2.55 0.473208 2.70271
2.551 0.47536 2.70601
2.552 0.477516 2.70931
2.553 0.479675 2.71261
2.554 0.481838 2.71591
2.555 0.484004 2.71921
2.556 0.486174 2.72251
2.557 0.488348 2.72582
2.558 0.490524 2.72912
2.559 0.492705 2.73242
2.56 0.494889 2.73573
2.561 0.497077 2.73903
2.562 0.499268 2.74234
2.563 0.501463 2.74564
2.564 0.503661 2.74895
2.565 0.505863 2.75226
2.566 0.508068 2.75556
2.567 0.510277 2.75887
2.568 0.512489 2.76218
2.569 0.514706 2.76549
2.57 0.516925 2.76879
2.571 0.519148 2.7721
2.572 0.521375 2.77541
2.573 0.523605 2.77872
2.574 0.525839 2.78203
2.575 0.528077 2.78534
2.576 0.530318 2.78865
2.577 0.532562 2.79196
2.578 0.534811 2.79527
2.579 0.537062 2.79859
2.58 0.539318 2.8019
2.581 0.541576 2.80521
2.582 0.543839 2.80852
2.583 0.546105 2.81183
2.584 0.548374 2.81515
2.585 0.550648 2.81846
2.586 0.552924 2.82177
2.587 0.555205 2.82509
2.588 0.557489 2.8284
2.589 0.559776 2.83172
2.59 0.562067 2.83503
2.591 0.564362 2.83835
2.592 0.56666 2.84166
2.593 0.568962 2.84498
2.594 0.571267 2.84829
2.595 0.573576 2.85161
2.596 0.575889 2.85493
2.597 0.578205 2.85824
2.598 0.580524 2.86156
2.599 0.582848 2.86488
2.6 0.585175 2.86819
2.601 0.587505 2.87151
2.602 0.589839 2.87483
2.603 0.592177 2.87815
2.604 0.594518 2.88146
2.605 0.596863 2.88478
2.606 0.599211 2.8881
2.607 0.601563 2.89142
2.608 0.603919 2.89474
2.609 0.606278 2.89806
2.61 0.608641 2.90137
2.611 0.611007 2.90469
2.612 0.613377 2.90801
2.613 0.615751 2.91133
2.614 0.618128 2.91465
2.615 0.620508 2.91797
2.616 0.622893 2.92129
2.617 0.625281 2.92461
2.618 0.627672 2.92793
2.619 0.630067 2.93125
2.62 0.632466 2.93457
2.621 0.634868 2.93789
2.622 0.637274 2.94121
2.623 0.639684 2.94453
2.624 0.642097 2.94785
2.625 0.644514 2.95117
2.626 0.646934 2.95449
2.627 0.649358 2.95781
2.628 0.651786 2.96113
2.629 0.654217 2.96445
2.63 0.656651 2.96777
2.631 0.65909 2.97109
2.632 0.661532 2.97441
2.633 0.663977 2.97773
2.634 0.666427 2.98105
2.635 0.668879 2.98437
2.636 0.671336 2.98769
2.637 0.673796 2.99101
2.638 0.676259 2.99433
2.639 0.678726 2.99765
2.64 0.681197 3.00097
2.641 0.683672 3.00429
2.642 0.68615 3.00761
2.643 0.688631 3.01093
2.644 0.691117 3.01425
2.645 0.693606 3.01757
2.646 0.696098 3.02089
2.647 0.698594 3.02421
2.648 0.701094 3.02753
2.649 0.703597 3.03085
2.65 0.706104 3.03417
2.651 0.708615 3.03748
2.652 0.711129 3.0408
2.653 0.713647 3.04412
2.654 0.716168 3.04744
2.655 0.718693 3.05076
2.656 0.721222 3.05408
2.657 0.723754 3.0574
2.658 0.72629 3.06071
2.659 0.728829 3.06403
2.66 0.731372 3.06735
2.661 0.733919 3.07067
2.662 0.73647 3.07398
2.663 0.739023 3.0773
2.664 0.741581 3.08062
2.665 0.744142 3.08393
2.666 0.746707 3.08725
2.667 0.749276 3.09057
2.668 0.751848 3.09388
2.669 0.754423 3.0972
2.67 0.757003 3.10051
2.671 0.759585 3.10383
2.672 0.762172 3.10714
2.673 0.764762 3.11046
2.674 0.767356 3.11377
2.675 0.769953 3.11708
2.676 0.772554 3.1204
2.677 0.775159 3.12371
2.678 0.777767 3.12702
2.679 0.780379 3.13034
2.68 0.782995 3.13365
2.681 0.785614 3.13696
2.682 0.788237 3.14027
2.683 0.790863 3.14359
2.684 0.793493 3.1469
2.685 0.796127 3.15021
2.686 0.798764 3.15352
2.687 0.801405 3.15683
2.688 0.804049 3.16014
2.689 0.806698 3.16345
2.69 0.809349 3.16676
2.691 0.812005 3.17006
2.692 0.814664 3.17337
2.693 0.817326 3.17668
2.694 0.819993 3.17999
2.695 0.822662 3.18329
2.696 0.825336 3.1866
2.697 0.828013 3.18991
2.698 0.830694 3.19321
2.699 0.833378 3.19652
2.7 0.836066 3.19982
2.701 0.838758 3.20313
2.702 0.841453 3.20643
2.703 0.844152 3.20973
2.704 0.846855 3.21304
2.705 0.849561 3.21634
2.706 0.852271 3.21964
2.707 0.854984 3.22294
2.708 0.857701 3.22624
2.709 0.860422 3.22954
2.71 0.863146 3.23284
2.711 0.865874 3.23614
2.712 0.868605 3.23944
2.713 0.871341 3.24274
2.714 0.874079 3.24604
2.715 0.876822 3.24933
2.716 0.879568 3.25263
2.717 0.882318 3.25592
2.718 0.885071 3.25922
2.719 0.887828 3.26251
2.72 0.890588 3.26581
2.721 0.893353 3.2691
2.722 0.89612 3.2724
2.723 0.898892 3.27569
2.724 0.901667 3.27898
2.725 0.904446 3.28227
2.726 0.907228 3.28556
2.727 0.910014 3.28885
2.728 0.912803 3.29214
2.729 0.915597 3.29543
2.73 0.918393 3.29872
2.731 0.921194 3.302
2.732 0.923998 3.30529
2.733 0.926806 3.30857
2.734 0.929617 3.31186
2.735 0.932432 3.31514
2.736 0.93525 3.31843
2.737 0.938073 3.32171
2.738 0.940898 3.32499
2.739 0.943728 3.32827
2.74 0.946561 3.33155
2.741 0.949398 3.33483
2.742 0.952238 3.33811
2.743 0.955082 3.34139
2.744 0.957929 3.34467
2.745 0.960781 3.34795
2.746 0.963635 3.35122
2.747 0.966494 3.3545
2.748 0.969356 3.35777
2.749 0.972222 3.36105
2.75 0.975091 3.36432
2.751 0.977964 3.36759
2.752 0.98084 3.37086
2.753 0.983721 3.37413
2.754 0.986604 3.3774
2.755 0.989492 3.38067
2.756 0.992383 3.38394
2.757 0.995277 3.38721
2.758 0.998176 3.39047
2.759 1.00108 3.39374
2.76 1.00398 3.397
2.761 1.00689 3.40027
2.762 1.0098 3.40353
2.763 1.01272 3.40679
2.764 1.01564 3.41005
2.765 1.01856 3.41331
2.766 1.02149 3.41657
2.767 1.02442 3.41983
2.768 1.02736 3.42308
2.769 1.0303 3.42634
2.77 1.03324 3.4296
2.771 1.03618 3.43285
2.772 1.03913 3.4361
2.773 1.04208 3.43936
2.774 1.04504 3.44261
2.775 1.048 3.44586
2.776 1.05096 3.44911
2.777 1.05393 3.45236
2.778 1.0569 3.4556
2.779 1.05987 3.45885
2.78 1.06285 3.46209
2.781 1.06583 3.46534
2.782 1.06882 3.46858
2.783 1.07181 3.47182
2.784 1.0748 3.47506
2.785 1.0778 3.4783
2.786 1.0808 3.48154
2.787 1.0838 3.48478
2.788 1.08681 3.48802
2.789 1.08982 3.49125
2.79 1.09283 3.49449
2.791 1.09585 3.49772
2.792 1.09887 3.50095
2.793 1.10189 3.50418
2.794 1.10492 3.50741
2.795 1.10795 3.51064
2.796 1.11099 3.51387
2.797 1.11403 3.5171
2.798 1.11707 3.52032
2.799 1.12012 3.52355
2.8 1.12317 3.52677
2.801 1.12622 3.52999
2.802 1.12928 3.53321
2.803 1.13234 3.53643
2.804 1.1354 3.53965
2.805 1.13847 3.54287
2.806 1.14154 3.54608
2.807 1.14462 3.5493
2.808 1.1477 3.55251
2.809 1.15078 3.55572
2.81 1.15386 3.55893
2.811 1.15695 3.56214
2.812 1.16005 3.56535
2.813 1.16314 3.56856
2.814 1.16624 3.57176
2.815 1.16935 3.57497
2.816 1.17245 3.57817
2.817 1.17557 3.58137
2.818 1.17868 3.58457
2.819 1.1818 3.58777
2.82 1.18492 3.59097
2.821 1.18805 3.59417
2.822 1.19117 3.59736
2.823 1.19431 3.60056
2.824 1.19744 3.60375
2.825 1.20058 3.60694
2.826 1.20373 3.61013
2.827 1.20687 3.61332
2.828 1.21002 3.61651
2.829 1.21318 3.61969
2.83 1.21634 3.62287
2.831 1.2195 3.62606
2.832 1.22266 3.62924
2.833 1.22583 3.63242
2.834 1.229 3.6356
2.835 1.23218 3.63877
2.836 1.23536 3.64195
2.837 1.23854 3.64512
2.838 1.24173 3.6483
2.839 1.24492 3.65147
2.84 1.24811 3.65464
2.841 1.25131 3.6578
2.842 1.25451 3.66097
2.843 1.25771 3.66414
2.844 1.26092 3.6673
2.845 1.26413 3.67046
2.846 1.26734 3.67362
2.847 1.27056 3.67678
2.848 1.27378 3.67994
2.849 1.27701 3.68309
2.85 1.28024 3.68625
2.851 1.28347 3.6894
2.852 1.28671 3.69255
2.853 1.28995 3.6957
2.854 1.29319 3.69885
2.855 1.29644 3.702
2.856 1.29969 3.70514
2.857 1.30294 3.70828
2.858 1.3062 3.71142
2.859 1.30946 3.71456
2.86 1.31272 3.7177
2.861 1.31599 3.72084
2.862 1.31926 3.72397
2.863 1.32254 3.72711
2.864 1.32582 3.73024
2.865 1.3291 3.73337
2.866 1.33239 3.7365
2.867 1.33568 3.73962
2.868 1.33897 3.74275
2.869 1.34227 3.74587
2.87 1.34557 3.74899
2.871 1.34887 3.75211
2.872 1.35218 3.75523
2.873 1.35549 3.75834
2.874 1.3588 3.76146
2.875 1.36212 3.76457
2.876 1.36544 3.76768
2.877 1.36876 3.77079
2.878 1.37209 3.7739
2.879 1.37542 3.777
2.88 1.37876 3.78011
2.881 1.3821 3.78321
2.882 1.38544 3.78631
2.883 1.38879 3.78941
2.884 1.39214 3.7925
2.885 1.39549 3.7956
2.886 1.39885 3.79869
2.887 1.40221 3.80178
2.888 1.40557 3.80487
2.889 1.40894 3.80796
2.89 1.41231 3.81104
2.891 1.41568 3.81412
2.892 1.41906 3.81721
2.893 1.42244 3.82028
2.894 1.42583 3.82336
2.895 1.42921 3.82644
2.896 1.43261 3.82951
2.897 1.436 3.83258
2.898 1.4394 3.83565
2.899 1.4428 3.83872
2.9 1.44621 3.84179
2.901 1.44962 3.84485
2.902 1.45303 3.84791
2.903 1.45644 3.85097
2.904 1.45986 3.85403
2.905 1.46329 3.85708
2.906 1.46671 3.86014
2.907 1.47014 3.86319
2.908 1.47358 3.86624
2.909 1.47702 3.86929
2.91 1.48046 3.87233
2.911 1.4839 3.87538
2.912 1.48735 3.87842
2.913 1.4908 3.88146
2.914 1.49425 3.88449
2.915 1.49771 3.88753
2.916 1.50117 3.89056
2.917 1.50464 3.89359
2.918 1.50811 3.89662
2.919 1.51158 3.89965
2.92 1.51505 3.90267
2.921 1.51853 3.9057
2.922 1.52202 3.90872
2.923 1.5255 3.91174
2.924 1.52899 3.91475
2.925 1.53248 3.91777
2.926 1.53598 3.92078
2.927 1.53948 3.92379
2.928 1.54298 3.92679
2.929 1.54649 3.9298
2.93 1.55 3.9328
2.931 1.55351 3.9358
2.932 1.55703 3.9388
2.933 1.56055 3.9418
2.934 1.56407 3.94479
2.935 1.5676 3.94778
2.936 1.57113 3.95077
2.937 1.57467 3.95376
2.938 1.5782 3.95675
2.939 1.58174 3.95973
2.94 1.58529 3.96271
2.941 1.58884 3.96569
2.942 1.59239 3.96866
2.943 1.59594 3.97164
2.944 1.5995 3.97461
2.945 1.60306 3.97757
2.946 1.60663 3.98054
2.947 1.6102 3.98351
2.948 1.61377 3.98647
2.949 1.61735 3.98943
2.95 1.62092 3.99238
2.951 1.62451 3.99534
2.952 1.62809 3.99829
2.953 1.63168 4.00124
2.954 1.63527 4.00419
2.955 1.63887 4.00713
2.956 1.64247 4.01007
2.957 1.64607 4.01301
2.958 1.64968 4.01595
2.959 1.65329 4.01889
2.96 1.6569 4.02182
2.961 1.66052 4.02475
2.962 1.66414 4.02768
2.963 1.66776 4.0306
2.964 1.67139 4.03352
2.965 1.67502 4.03645
2.966 1.67865 4.03936
2.967 1.68229 4.04228
2.968 1.68593 4.04519
2.969 1.68957 4.0481
2.97 1.69322 4.05101
2.971 1.69687 4.05391
2.972 1.70052 4.05682
2.973 1.70418 4.05972
2.974 1.70784 4.06261
2.975 1.7115 4.06551
2.976 1.71517 4.0684
2.977 1.71884 4.07129
2.978 1.72252 4.07418
2.979 1.72619 4.07706
2.98 1.72987 4.07994
2.981 1.73356 4.08282
2.982 1.73725 4.0857
2.983 1.74094 4.08857
2.984 1.74463 4.09144
2.985 1.74833 4.09431
2.986 1.75203 4.09717
2.987 1.75573 4.10004
2.988 1.75944 4.1029
2.989 1.76315 4.10576
2.99 1.76687 4.10861
2.991 1.77059 4.11146
2.992 1.77431 4.11431
2.993 1.77803 4.11716
2.994 1.78176 4.12
2.995 1.78549 4.12284
2.996 1.78922 4.12568
2.997 1.79296 4.12852
2.998 1.7967 4.13135
2.999 1.80045 4.13418
3 1.8042 4.13701
3.001 1.80795 4.13983
