0.005 0.0255028 0.0530204
0.01 0.0359461 0.0721855
0.015 0.0439062 0.0857922
0.02 0.0505757 0.0965242
0.025 0.056416 0.10542
0.03 0.0616633 0.113011
0.035 0.066458 0.119614
0.04 0.0708911 0.125433
0.045 0.0750261 0.130613
0.05 0.078909 0.135255
0.055 0.0825744 0.13944
0.06 0.0860493 0.143227
0.065 0.089355 0.146666
0.07 0.0925089 0.149794
0.075 0.0955252 0.152646
0.08 0.0984157 0.155247
0.085 0.10119 0.15762
0.09 0.103858 0.159786
0.095 0.106426 0.16176
0.1 0.108901 0.163558
0.105 0.111287 0.165192
0.11 0.113591 0.166674
0.115 0.115817 0.168014
0.12 0.117967 0.169221
0.125 0.120047 0.170303
0.13 0.122059 0.171267
0.135 0.124005 0.172121
0.14 0.125889 0.172869
0.145 0.127713 0.173518
0.15 0.129479 0.174073
0.155 0.131188 0.174538
0.16 0.132843 0.174917
0.165 0.134446 0.175215
0.17 0.135997 0.175435
0.175 0.137498 0.175581
0.18 0.138951 0.175656
0.185 0.140357 0.175662
0.19 0.141716 0.175604
0.195 0.14303 0.175482
0.2 0.1443 0.1753
0.205 0.145527 0.175061
0.21 0.146712 0.174765
0.215 0.147855 0.174416
0.22 0.148957 0.174016
0.225 0.150019 0.173565
0.23 0.151042 0.173067
0.235 0.152026 0.172522
0.24 0.152972 0.171933
0.245 0.153881 0.1713
0.25 0.154752 0.170626
0.255 0.155587 0.169912
0.26 0.156386 0.169159
0.265 0.15715 0.168368
0.27 0.157878 0.167541
0.275 0.158572 0.166679
0.28 0.159231 0.165783
0.285 0.159857 0.164854
0.29 0.16045 0.163894
0.295 0.161009 0.162902
0.3 0.161535 0.161881
0.305 0.162029 0.160832
0.31 0.162491 0.159755
0.315 0.162921 0.158651
0.32 0.16332 0.157521
0.325 0.163688 0.156366
0.33 0.164024 0.155186
0.335 0.16433 0.153984
0.34 0.164606 0.152759
0.345 0.164851 0.151512
0.35 0.165066 0.150244
0.355 0.165252 0.148956
0.36 0.165408 0.147648
0.365 0.165536 0.146322
0.37 0.165634 0.144977
0.375 0.165703 0.143615
0.38 0.165744 0.142236
0.385 0.165756 0.140841
0.39 0.16574 0.139431
0.395 0.165696 0.138006
0.4 0.165625 0.136567
0.405 0.165525 0.135114
0.41 0.165398 0.133648
0.415 0.165244 0.13217
0.42 0.165063 0.13068
0.425 0.164855 0.129179
0.43 0.16462 0.127667
0.435 0.164359 0.126145
0.44 0.164071 0.124614
0.445 0.163757 0.123073
0.45 0.163417 0.121524
0.455 0.16305 0.119968
0.46 0.162658 0.118403
0.465 0.162241 0.116832
0.47 0.161798 0.115255
0.475 0.161329 0.113671
0.48 0.160835 0.112083
0.485 0.160316 0.110489
0.49 0.159773 0.108891
0.495 0.159204 0.107289
0.5 0.158611 0.105684
0.505 0.157993 0.104076
0.51 0.157351 0.102465
0.515 0.156685 0.100853
0.52 0.155995 0.0992384
0.525 0.155281 0.0976232
0.53 0.154543 0.0960073
0.535 0.153781 0.0943913
0.54 0.152996 0.0927756
0.545 0.152187 0.0911606
0.55 0.151355 0.0895469
0.555 0.1505 0.0879348
0.56 0.149622 0.0863247
0.565 0.148722 0.0847172
0.57 0.147798 0.0831126
0.575 0.146852 0.0815114
0.58 0.145884 0.079914
0.585 0.144893 0.0783209
0.59 0.14388 0.0767324
0.595 0.142846 0.0751489
0.6 0.141789 0.073571
0.605 0.14071 0.0719991
0.61 0.13961 0.0704334
0.615 0.138489 0.0688745
0.62 0.137346 0.0673228
0.625 0.136182 0.0657787
0.63 0.134997 0.0642426
0.635 0.133791 0.0627148
0.64 0.132565 0.0611959
0.645 0.131317 0.0596861
0.65 0.13005 0.058186
0.655 0.128761 0.0566959
0.66 0.127453 0.0552163
0.665 0.126125 0.0537474
0.67 0.124777 0.0522898
0.675 0.123409 0.0508437
0.68 0.122021 0.0494097
0.685 0.120614 0.0479881
0.69 0.119188 0.0465793
0.695 0.117743 0.0451836
0.7 0.116278 0.0438016
0.705 0.114795 0.0424335
0.71 0.113293 0.0410797
0.715 0.111773 0.0397407
0.72 0.110234 0.0384169
0.725 0.108677 0.0371086
0.73 0.107102 0.0358161
0.735 0.105509 0.03454
0.74 0.103898 0.0332805
0.745 0.102269 0.0320381
0.75 0.100623 0.0308131
0.755 0.0989602 0.0296059
0.76 0.09728 0.0284169
0.765 0.0955827 0.0272465
0.77 0.0938687 0.0260951
0.775 0.0921381 0.0249629
0.78 0.090391 0.0238505
0.785 0.0886276 0.0227582
0.79 0.0868482 0.0216863
0.795 0.0850527 0.0206352
0.8 0.0832415 0.0196053
0.805 0.0814147 0.0185971
0.81 0.0795725 0.0176107
0.815 0.077715 0.0166467
0.82 0.0758425 0.0157053
0.825 0.073955 0.0147871
0.83 0.0720529 0.0138922
0.835 0.0701362 0.0130211
0.84 0.0682051 0.0121742
0.845 0.0662599 0.0113518
0.85 0.0643007 0.0105543
0.855 0.0623277 0.00978212
0.86 0.0603411 0.0090355
0.865 0.0583411 0.00831487
0.87 0.0563278 0.00762059
0.875 0.0543015 0.00695302
0.88 0.0522624 0.00631252
0.885 0.0502106 0.00569945
0.89 0.0481463 0.00511417
0.895 0.0460698 0.00455704
0.9 0.0439811 0.00402842
0.905 0.0418807 0.00352867
0.91 0.0397685 0.00305814
0.915 0.0376449 0.00261719
0.92 0.0355101 0.00220617
0.925 0.0333642 0.00182544
0.93 0.0312074 0.00147536
0.935 0.02904 0.00115627
0.94 0.0268622 0.000868533
0.945 0.0246741 0.000612493
0.95 0.022476 0.000388504
0.955 0.0202682 0.000196916
0.96 0.0180507 3.80766e-05
0.965 0.0158239 8.76651e-05
0.97 0.0135879 0.000179962
0.975 0.011343 0.000238467
0.98 0.00908942 0.000262836
0.985 0.00682732 0.000252722
0.99 0.00455696 0.000207783
0.995 0.00227856 0.000127675
1 7.65319e-06 1.2056e-05
1.005 0.00230145 0.000139415
1.01 0.00460261 0.000327079
1.015 0.00691089 0.000551275
1.02 0.00922607 0.000812341
1.025 0.0115479 0.00111061
1.03 0.0138762 0.00144643
1.035 0.0162106 0.00182013
1.04 0.018551 0.00223205
1.045 0.0208972 0.00268251
1.05 0.0232488 0.00317185
1.055 0.0256056 0.0037004
1.06 0.0279674 0.0042685
1.065 0.030334 0.00487647
1.07 0.032705 0.00552465
1.075 0.0350803 0.00621335
1.08 0.0374596 0.0069429
1.085 0.0398427 0.00771364
1.09 0.0422292 0.00852587
1.095 0.044619 0.00937994
1.1 0.0470118 0.0102762
1.105 0.0494073 0.0112148
1.11 0.0518053 0.0121963
1.115 0.0542055 0.0132209
1.12 0.0566077 0.0142889
1.125 0.0590115 0.0154006
1.13 0.0614168 0.0165564
1.135 0.0638233 0.0177566
1.14 0.0662306 0.0190014
1.145 0.0686386 0.0202913
1.15 0.0710469 0.0216264
1.155 0.0734553 0.0230072
1.16 0.0758636 0.0244338
1.165 0.0782714 0.0259067
1.17 0.0806784 0.0274261
1.175 0.0830845 0.0289923
1.18 0.0854893 0.0306057
1.185 0.0878925 0.0322665
1.19 0.0902938 0.033975
1.195 0.0926931 0.0357315
1.2 0.0950899 0.0375364
1.205 0.097484 0.0393899
1.21 0.0998752 0.0412923
1.215 0.102263 0.0432438
1.22 0.104647 0.0452449
1.225 0.107028 0.0472957
1.23 0.109404 0.0493966
1.235 0.111776 0.0515479
1.24 0.114143 0.0537498
1.245 0.116506 0.0560026
1.25 0.118862 0.0583065
1.255 0.121214 0.060662
1.26 0.123559 0.0630692
1.265 0.125898 0.0655284
1.27 0.128231 0.0680399
1.275 0.130557 0.070604
1.28 0.132875 0.0732209
1.285 0.135187 0.075891
1.29 0.13749 0.0786143
1.295 0.139786 0.0813914
1.3 0.142073 0.0842223
1.305 0.144351 0.0871074
1.31 0.146621 0.0900468
1.315 0.148881 0.093041
1.32 0.151132 0.0960901
1.325 0.153372 0.0991944
1.33 0.155603 0.102354
1.335 0.157823 0.105569
1.34 0.160032 0.108841
1.345 0.16223 0.112168
1.35 0.164416 0.115552
1.355 0.166591 0.118993
1.36 0.168753 0.12249
1.365 0.170903 0.126045
1.37 0.17304 0.129657
1.375 0.175164 0.133326
1.38 0.177274 0.137054
1.385 0.179371 0.140839
1.39 0.181454 0.144683
1.395 0.183522 0.148585
1.4 0.185575 0.152546
1.405 0.187613 0.156566
1.41 0.189636 0.160645
1.415 0.191643 0.164783
1.42 0.193634 0.168982
1.425 0.195608 0.173239
1.43 0.197565 0.177557
1.435 0.199506 0.181935
1.44 0.201428 0.186374
1.445 0.203333 0.190873
1.45 0.20522 0.195433
1.455 0.207089 0.200054
1.46 0.208938 0.204736
1.465 0.210768 0.20948
1.47 0.212579 0.214285
1.475 0.21437 0.219152
1.48 0.21614 0.224081
1.485 0.21789 0.229072
1.49 0.219619 0.234125
1.495 0.221326 0.239241
1.5 0.223012 0.24442
1.505 0.224676 0.249661
1.51 0.226318 0.254965
1.515 0.227936 0.260333
1.52 0.229532 0.265764
1.525 0.231104 0.271258
1.53 0.232653 0.276816
1.535 0.234177 0.282438
1.54 0.235677 0.288124
1.545 0.237152 0.293874
1.55 0.238601 0.299688
1.555 0.240025 0.305566
1.56 0.241424 0.311509
1.565 0.242795 0.317517
1.57 0.24414 0.323589
1.575 0.245458 0.329727
1.58 0.246749 0.335929
1.585 0.248012 0.342197
1.59 0.249246 0.34853
1.595 0.250453 0.354928
1.6 0.25163 0.361392
1.605 0.252778 0.367922
1.61 0.253896 0.374517
1.615 0.254985 0.381178
1.62 0.256043 0.387905
1.625 0.25707 0.394698
1.63 0.258066 0.401558
1.635 0.259031 0.408483
1.64 0.259963 0.415475
1.645 0.260864 0.422534
1.65 0.261732 0.429659
1.655 0.262567 0.43685
1.66 0.263369 0.444109
1.665 0.264137 0.451434
1.67 0.264871 0.458825
1.675 0.26557 0.466284
1.68 0.266235 0.47381
1.685 0.266864 0.481402
1.69 0.267458 0.489062
1.695 0.268015 0.496789
1.7 0.268537 0.504583
1.705 0.269022 0.512445
1.71 0.269469 0.520373
1.715 0.269879 0.528369
1.72 0.270251 0.536432
1.725 0.270585 0.544563
1.73 0.270881 0.552761
1.735 0.271137 0.561027
1.74 0.271354 0.56936
1.745 0.271531 0.57776
1.75 0.271668 0.586228
1.755 0.271765 0.594763
1.76 0.271821 0.603366
1.765 0.271835 0.612037
1.77 0.271808 0.620775
1.775 0.271739 0.62958
1.78 0.271627 0.638453
1.785 0.271472 0.647394
1.79 0.271275 0.656402
1.795 0.271034 0.665477
1.8 0.270748 0.67462
1.805 0.270419 0.68383
1.81 0.270045 0.693108
1.815 0.269625 0.702453
1.82 0.269161 0.711866
1.825 0.26865 0.721345
1.83 0.268094 0.730892
1.835 0.26749 0.740506
1.84 0.26684 0.750187
1.845 0.266142 0.759936
1.85 0.265397 0.769751
1.855 0.264603 0.779633
1.86 0.263761 0.789582
1.865 0.262871 0.799598
1.87 0.261931 0.80968
1.875 0.260941 0.81983
1.88 0.259901 0.830045
1.885 0.258811 0.840328
1.89 0.25767 0.850676
1.895 0.256478 0.861091
1.9 0.255235 0.871572
1.905 0.25394 0.882119
1.91 0.252592 0.892732
1.915 0.251192 0.903411
1.92 0.249739 0.914155
1.925 0.248232 0.924966
1.93 0.246672 0.935841
1.935 0.245058 0.946782
1.94 0.243389 0.957788
1.945 0.241665 0.968859
1.95 0.239886 0.979995
1.955 0.238052 0.991196
1.96 0.236161 1.00246
1.965 0.234214 1.01379
1.97 0.232211 1.02519
1.975 0.23015 1.03664
1.98 0.228032 1.04817
1.985 0.225856 1.05975
1.99 0.223622 1.0714
1.995 0.22133 1.08311
2 0.218978 1.09489
2.005 0.216568 1.10673
2.01 0.214098 1.11863
2.015 0.211567 1.1306
2.02 0.208977 1.14262
2.025 0.206326 1.15471
2.03 0.203613 1.16686
2.035 0.20084 1.17908
2.04 0.198004 1.19135
2.045 0.195107 1.20369
2.05 0.192147 1.21608
2.055 0.189124 1.22854
2.06 0.186038 1.24106
2.065 0.182888 1.25364
2.07 0.179675 1.26628
2.075 0.176397 1.27898
2.08 0.173055 1.29174
2.085 0.169648 1.30455
2.09 0.166176 1.31743
2.095 0.162638 1.33036
2.1 0.159034 1.34336
2.105 0.155364 1.35641
2.11 0.151627 1.36952
2.115 0.147823 1.38269
2.12 0.143952 1.39591
2.125 0.140014 1.40919
2.13 0.136007 1.42253
2.135 0.131932 1.43593
2.14 0.127789 1.44938
2.145 0.123576 1.46288
2.15 0.119295 1.47645
2.155 0.114943 1.49006
2.16 0.110522 1.50374
2.165 0.106031 1.51746
2.17 0.101469 1.53124
2.175 0.0968358 1.54508
2.18 0.0921317 1.55896
2.185 0.087356 1.5729
2.19 0.0825085 1.5869
2.195 0.0775889 1.60094
2.2 0.0725967 1.61504
2.205 0.0675318 1.62919
2.21 0.0623939 1.64338
2.215 0.0571825 1.65763
2.22 0.0518975 1.67193
2.225 0.0465384 1.68629
2.23 0.0411051 1.70068
2.235 0.0355972 1.71513
2.24 0.0300144 1.72963
2.245 0.0243564 1.74418
2.25 0.0186229 1.75877
2.255 0.0128137 1.77341
2.26 0.00692841 1.7881
2.265 0.000966788 1.80283
2.27 0.00507146 1.81761
2.275 0.0111866 1.83244
2.28 0.0173789 1.84731
2.285 0.0236487 1.86223
2.29 0.0299963 1.87719
2.295 0.0364218 1.89219
2.3 0.0429257 1.90724
2.305 0.0495081 1.92233
2.31 0.0561693 1.93746
2.315 0.0629095 1.95263
2.32 0.0697292 1.96785
2.325 0.0766284 1.9831
2.33 0.0836075 1.9984
2.335 0.0906668 2.01373
2.34 0.0978064 2.02911
2.345 0.105027 2.04452
2.35 0.112328 2.05998
2.355 0.11971 2.07547
2.36 0.127173 2.09099
2.365 0.134719 2.10656
2.37 0.142346 2.12216
2.375 0.150055 2.13779
2.38 0.157846 2.15346
2.385 0.16572 2.16917
2.39 0.173677 2.18491
2.395 0.181716 2.20068
2.4 0.189839 2.21648
2.405 0.198045 2.23232
2.41 0.206335 2.24819
2.415 0.214709 2.26409
2.42 0.223167 2.28001
2.425 0.231709 2.29597
2.43 0.240336 2.31196
2.435 0.249047 2.32798
2.44 0.257843 2.34402
2.445 0.266724 2.3601
2.45 0.275691 2.37619
2.455 0.284743 2.39232
2.46 0.29388 2.40847
2.465 0.303104 2.42464
2.47 0.312413 2.44084
2.475 0.321809 2.45707
2.48 0.331291 2.47331
2.485 0.340859 2.48958
2.49 0.350514 2.50587
2.495 0.360257 2.52218
2.5 0.370086 2.53851
2.505 0.380002 2.55486
2.51 0.390006 2.57123
2.515 0.400097 2.58761
2.52 0.410276 2.60402
2.525 0.420542 2.62044
2.53 0.430897 2.63687
2.535 0.44134 2.65332
2.54 0.45187 2.66979
2.545 0.46249 2.68627
2.55 0.473197 2.70276
2.555 0.483994 2.71927
2.56 0.494879 2.73579
2.565 0.505852 2.75232
2.57 0.516915 2.76885
2.575 0.528067 2.7854
2.58 0.539308 2.80196
2.585 0.550639 2.81852
2.59 0.562058 2.83509
2.595 0.573568 2.85167
2.6 0.585166 2.86826
2.605 0.596855 2.88485
2.61 0.608633 2.90144
2.615 0.620501 2.91803
2.62 0.632459 2.93463
2.625 0.644507 2.95123
2.63 0.656645 2.96783
2.635 0.668873 2.98444
2.64 0.681192 3.00104
2.645 0.6936 3.01764
2.65 0.706099 3.03423
2.655 0.718688 3.05083
2.66 0.731368 3.06742
2.665 0.744138 3.084
2.67 0.756999 3.10058
2.675 0.76995 3.11716
2.68 0.782992 3.13372
2.685 0.796124 3.15028
2.69 0.809347 3.16683
2.695 0.822661 3.18337
2.7 0.836065 3.1999
2.705 0.84956 3.21641
2.71 0.863145 3.23292
2.715 0.876821 3.24941
2.72 0.890588 3.26588
2.725 0.904446 3.28235
2.73 0.918394 3.29879
2.735 0.932433 3.31522
2.74 0.946562 3.33163
2.745 0.960783 3.34802
2.75 0.975093 3.3644
2.755 0.989494 3.38075
2.76 1.00399 3.39708
2.765 1.01857 3.41339
2.77 1.03324 3.42968
2.775 1.048 3.44594
2.78 1.06286 3.46218
2.785 1.0778 3.47839
2.79 1.09283 3.49457
2.795 1.10796 3.51073
2.8 1.12317 3.52685
2.805 1.13848 3.54295
2.81 1.15387 3.55902
2.815 1.16935 3.57505
2.82 1.18493 3.59106
2.825 1.20059 3.60703
2.83 1.21634 3.62296
2.835 1.23219 3.63886
2.84 1.24812 3.65472
2.845 1.26414 3.67055
2.85 1.28025 3.68634
2.855 1.29645 3.70208
2.86 1.31274 3.71779
2.865 1.32911 3.73346
2.87 1.34558 3.74908
2.875 1.36213 3.76466
2.88 1.37877 3.7802
2.885 1.3955 3.79569
2.89 1.41232 3.81113
2.895 1.42923 3.82653
2.9 1.44622 3.84188
2.905 1.4633 3.85718
2.91 1.48047 3.87243
2.915 1.49773 3.88762
2.92 1.51507 3.90277
2.925 1.5325 3.91786
2.93 1.55002 3.9329
2.935 1.56762 3.94788
2.94 1.58531 3.9628
2.945 1.60308 3.97767
2.95 1.62095 3.99248
2.955 1.63889 4.00723
2.96 1.65692 4.02192
2.965 1.67504 4.03654
2.97 1.69324 4.05111
2.975 1.71153 4.06561
2.98 1.7299 4.08004
2.985 1.74835 4.09441
2.99 1.76689 4.10871
2.995 1.78552 4.12294
3 1.80422 4.13711
3.005 1.82301 4.1512
