0.01 0.0359461 0.0721852
0.02 0.0505758 0.0965238
0.03 0.0616635 0.11301
0.04 0.0708914 0.125432
0.05 0.0789093 0.135254
0.06 0.0860496 0.143226
0.07 0.0925093 0.149793
0.08 0.0984161 0.155245
0.09 0.103859 0.159784
0.1 0.108901 0.163555
0.11 0.113592 0.166671
0.12 0.117968 0.169218
0.13 0.122059 0.171264
0.14 0.12589 0.172866
0.15 0.129479 0.174069
0.16 0.132844 0.174913
0.17 0.135998 0.175431
0.18 0.138952 0.175651
0.19 0.141717 0.175599
0.2 0.144301 0.175295
0.21 0.146712 0.17476
0.22 0.148958 0.17401
0.23 0.151043 0.173061
0.24 0.152973 0.171926
0.25 0.154752 0.17062
0.26 0.156386 0.169152
0.27 0.157878 0.167534
0.28 0.159232 0.165775
0.29 0.16045 0.163885
0.3 0.161535 0.161873
0.31 0.162491 0.159746
0.32 0.16332 0.157511
0.33 0.164024 0.155177
0.34 0.164605 0.152749
0.35 0.165066 0.150233
0.36 0.165408 0.147637
0.37 0.165633 0.144966
0.38 0.165743 0.142225
0.39 0.165739 0.139419
0.4 0.165623 0.136554
0.41 0.165397 0.133635
0.42 0.165062 0.130667
0.43 0.164619 0.127653
0.44 0.164069 0.1246
0.45 0.163415 0.12151
0.46 0.162656 0.118389
0.47 0.161795 0.11524
0.48 0.160833 0.112067
0.49 0.15977 0.108875
0.5 0.158608 0.105667
0.51 0.157348 0.102448
0.52 0.155991 0.0992209
0.53 0.154539 0.0959894
0.54 0.152992 0.0927573
0.55 0.151351 0.0895281
0.56 0.149618 0.0863055
0.57 0.147794 0.083093
0.58 0.145879 0.0798939
0.59 0.143875 0.0767119
0.6 0.141783 0.0735501
0.61 0.139605 0.070412
0.62 0.13734 0.067301
0.63 0.134991 0.0642203
0.64 0.132558 0.0611732
0.65 0.130043 0.0581629
0.66 0.127446 0.0551927
0.67 0.124769 0.0522658
0.68 0.122013 0.0493853
0.69 0.11918 0.0465544
0.7 0.11627 0.0437763
0.71 0.113284 0.041054
0.72 0.110224 0.0383907
0.73 0.107092 0.0357895
0.74 0.103888 0.0332535
0.75 0.100613 0.0307857
0.76 0.097269 0.0283891
0.77 0.0938573 0.0260668
0.78 0.0903792 0.0238219
0.79 0.0868359 0.0216572
0.8 0.0832288 0.0195759
0.81 0.0795594 0.0175809
0.82 0.0758289 0.0156751
0.83 0.0720388 0.0138616
0.84 0.0681906 0.0121432
0.85 0.0642858 0.010523
0.86 0.0603257 0.00900374
0.87 0.0563119 0.00758846
0.88 0.052246 0.00628003
0.89 0.0481294 0.00508133
0.9 0.0439637 0.00399523
0.91 0.0397506 0.00302461
0.92 0.0354917 0.00217231
0.93 0.0311885 0.00144118
0.94 0.0268427 0.000834035
0.95 0.022456 0.000353699
0.96 0.0180301 2.97128e-06
0.97 0.0135668 0.000215359
0.98 0.00906775 0.000298515
0.99 0.00453474 0.000243735
1 3.04399e-05 4.82721e-05
1.01 0.00462597 0.000290609
1.02 0.00925001 0.000775626
1.03 0.0139007 0.00140949
1.04 0.0185762 0.00219487
1.05 0.0232745 0.00313447
1.06 0.0279937 0.00423092
1.07 0.0327319 0.00548687
1.08 0.0374872 0.00690495
1.09 0.0422574 0.00848775
1.1 0.0470406 0.0102379
1.11 0.0518347 0.0121579
1.12 0.0566377 0.0142503
1.13 0.0614475 0.0165178
1.14 0.0662619 0.0189627
1.15 0.0710788 0.0215876
1.16 0.0758961 0.0243949
1.17 0.0807116 0.0273871
1.18 0.0855231 0.0305667
1.19 0.0903283 0.0339359
1.2 0.095125 0.0374973
1.21 0.099911 0.0412532
1.22 0.104684 0.0452059
1.23 0.109441 0.0493576
1.24 0.114181 0.0537108
1.25 0.118901 0.0582677
1.26 0.123598 0.0630304
1.27 0.128271 0.0680012
1.28 0.132916 0.0731823
1.29 0.137531 0.0785759
1.3 0.142115 0.084184
1.31 0.146663 0.0900087
1.32 0.151175 0.0960522
1.33 0.155647 0.102316
1.34 0.160077 0.108803
1.35 0.164461 0.115515
1.36 0.168799 0.122453
1.37 0.173087 0.12962
1.38 0.177322 0.137017
1.39 0.181502 0.144647
1.4 0.185624 0.15251
1.41 0.189685 0.16061
1.42 0.193684 0.168947
1.43 0.197616 0.177523
1.44 0.20148 0.18634
1.45 0.205272 0.195399
1.46 0.208991 0.204703
1.47 0.212632 0.214252
1.48 0.216194 0.224049
1.49 0.219673 0.234094
1.5 0.223068 0.244389
1.51 0.226374 0.254935
1.52 0.229589 0.265734
1.53 0.23271 0.276787
1.54 0.235735 0.288095
1.55 0.23866 0.29966
1.56 0.241483 0.311482
1.57 0.2442 0.323563
1.58 0.246809 0.335904
1.59 0.249307 0.348505
1.6 0.251691 0.361368
1.61 0.253958 0.374494
1.62 0.256105 0.387883
1.63 0.258129 0.401537
1.64 0.260027 0.415455
1.65 0.261797 0.42964
1.66 0.263434 0.44409
1.67 0.264936 0.458808
1.68 0.266301 0.473794
1.69 0.267524 0.489047
1.7 0.268604 0.504569
1.71 0.269537 0.52036
1.72 0.27032 0.536421
1.73 0.270949 0.552751
1.74 0.271423 0.56935
1.75 0.271738 0.58622
1.76 0.271891 0.60336
1.77 0.271878 0.620769
1.78 0.271698 0.638449
1.79 0.271346 0.656399
1.8 0.27082 0.674619
1.81 0.270117 0.693108
1.82 0.269233 0.711867
1.83 0.268166 0.730895
1.84 0.266913 0.750192
1.85 0.26547 0.769757
1.86 0.263835 0.78959
1.87 0.262005 0.80969
1.88 0.259975 0.830056
1.89 0.257745 0.850688
1.9 0.25531 0.871586
1.91 0.252667 0.892748
1.92 0.249814 0.914173
1.93 0.246747 0.93586
1.94 0.243464 0.957809
1.95 0.239962 0.980018
1.96 0.236237 1.00249
1.97 0.232287 1.02521
1.98 0.228108 1.04819
1.99 0.223698 1.07143
2 0.219055 1.09492
2.01 0.214174 1.11867
2.02 0.209053 1.14266
2.03 0.203689 1.1669
2.04 0.19808 1.19139
2.05 0.192223 1.21613
2.06 0.186114 1.24111
2.07 0.179751 1.26633
2.08 0.173131 1.29178
2.09 0.166251 1.31748
2.1 0.159109 1.34341
2.11 0.151702 1.36958
2.12 0.144027 1.39597
2.13 0.136082 1.42259
2.14 0.127863 1.44944
2.15 0.119369 1.47651
2.16 0.110596 1.5038
2.17 0.101542 1.53131
2.18 0.0922044 1.55904
2.19 0.0825808 1.58697
2.2 0.0726686 1.61511
2.21 0.0624652 1.64347
2.22 0.0519683 1.67202
2.23 0.0411754 1.70077
2.24 0.0300841 1.72972
2.25 0.018692 1.75886
2.26 0.00699687 1.78819
2.27 0.00500366 1.81771
2.28 0.0173119 1.84741
2.29 0.0299299 1.87729
2.3 0.0428601 1.90734
2.31 0.0561045 1.93756
2.32 0.0696652 1.96796
2.33 0.0835444 1.99851
2.34 0.0977442 2.02923
2.35 0.112266 2.06009
2.36 0.127113 2.09111
2.37 0.142286 2.12228
2.38 0.157788 2.15359
2.39 0.173619 2.18504
2.4 0.189783 2.21662
2.41 0.20628 2.24832
2.42 0.223113 2.28015
2.43 0.240283 2.3121
2.44 0.257792 2.34417
2.45 0.275641 2.37634
2.46 0.293831 2.40862
2.47 0.312366 2.441
2.48 0.331245 2.47347
2.49 0.35047 2.50603
2.5 0.370043 2.53867
2.51 0.389964 2.57139
2.52 0.410236 2.60419
2.53 0.430858 2.63705
2.54 0.451833 2.66997
2.55 0.473162 2.70294
2.56 0.494845 2.73597
2.57 0.516883 2.76904
2.58 0.539278 2.80215
2.59 0.56203 2.83529
2.6 0.58514 2.86845
2.61 0.608609 2.90164
2.62 0.632437 2.93484
2.63 0.656625 2.96804
2.64 0.681173 3.00125
2.65 0.706083 3.03445
2.66 0.731354 3.06763
2.67 0.756987 3.1008
2.68 0.782982 3.13394
2.69 0.809339 3.16705
2.7 0.836059 3.20012
2.71 0.863142 3.23315
2.72 0.890587 3.26612
2.73 0.918395 3.29903
2.74 0.946566 3.33187
2.75 0.975099 3.36464
2.76 1.00399 3.39733
2.77 1.03325 3.42993
2.78 1.06287 3.46243
2.79 1.09285 3.49483
2.8 1.12319 3.52711
2.81 1.15389 3.55928
2.82 1.18495 3.59132
2.83 1.21637 3.62323
2.84 1.24815 3.655
2.85 1.28028 3.68661
2.86 1.31277 3.71807
2.87 1.34562 3.74936
2.88 1.37882 3.78048
2.89 1.41237 3.81142
2.9 1.44627 3.84217
2.91 1.48052 3.87272
2.92 1.51513 3.90306
2.93 1.55007 3.9332
2.94 1.58537 3.96311
2.95 1.62101 3.99278
2.96 1.65699 4.02222
2.97 1.69331 4.05142
2.98 1.72997 4.08035
2.99 1.76697 4.10903
3 1.8043 4.13742
3.01 1.84197 4.16554
