0.1 0.108978 0.163279
0.2 0.144402 0.174664
0.3 0.161596 0.160813
0.4 0.165568 0.135002
0.5 0.158351 0.103572
0.6 0.141233 0.0708756
0.7 0.115328 0.0405102
0.8 0.0817963 0.0157305
0.9 0.0419414 0.00038789
1 0.00273639 0.00489461
1.1 0.0505149 0.00503865
1.2 0.0994386 0.0320936
1.3 0.14732 0.0787636
1.4 0.191749 0.147301
1.5 0.230112 0.239657
1.6 0.259622 0.357417
1.7 0.277348 0.501734
1.8 0.280262 0.673264
1.9 0.265289 0.872095
2 0.229362 1.09769
2.1 0.169484 1.34884
2.2 0.0827993 1.62359
2.3 0.033334 1.91922
2.4 0.18127 2.23223
2.5 0.362993 2.5583
2.6 0.580042 2.89228
2.7 0.833428 3.22827
2.8 1.12356 3.55958
2.9 1.45018 3.87884
3 1.81229 4.17804
