0.05 0.080169 0.135854
0.1 0.111478 0.164575
0.15 0.133419 0.175306
0.2 0.149632 0.176525
0.25 0.161489 0.171597
0.3 0.169672 0.162332
0.35 0.174579 0.149889
0.4 0.17647 0.135103
0.45 0.175529 0.11863
0.5 0.171901 0.101024
0.55 0.165711 0.0827717
0.6 0.157074 0.0643207
0.65 0.1461 0.0460918
0.7 0.132907 0.028489
0.75 0.117614 0.0119045
0.8 0.100351 0.00327652
0.85 0.0812614 0.0166745
0.9 0.0604964 0.027914
0.95 0.0382233 0.0366227
1 0.0146231 0.0424324
1.05 0.0101082 0.0449784
1.1 0.0357593 0.0439011
1.15 0.062103 0.0388466
1.2 0.0888962 0.0294681
1.25 0.11588 0.0154274
1.3 0.14278 0.0036035
1.35 0.169305 0.0279407
1.4 0.19515 0.0578864
1.45 0.219994 0.093727
1.5 0.243504 0.135731
1.55 0.265331 0.184148
1.6 0.285116 0.239202
1.65 0.302485 0.301098
1.7 0.317058 0.370009
1.75 0.328442 0.446082
1.8 0.336238 0.529433
1.85 0.34004 0.620142
1.9 0.339439 0.718256
1.95 0.334019 0.823782
2 0.323367 0.936689
2.05 0.307067 1.0569
2.1 0.284709 1.1843
2.15 0.255885 1.31872
2.2 0.220196 1.45996
2.25 0.177251 1.60774
2.3 0.126672 1.76175
2.35 0.0680951 1.92164
2.4 0.00117234 2.08698
2.45 0.074424 2.25729
2.5 0.159 2.43205
2.55 0.252836 2.61068
2.6 0.356185 2.79253
2.65 0.469271 2.9769
2.7 0.592285 3.16306
2.75 0.725379 3.35018
2.8 0.86867 3.5374
2.85 1.02223 3.72382
2.9 1.1861 3.90845
2.95 1.36025 4.0903
3 1.54463 4.26828
3.05 1.73911 4.44129
