0.01 0.0359961 0.0722103
0.02 0.0506763 0.0965726
0.03 0.061815 0.113081
0.04 0.0710943 0.125524
0.05 0.079164 0.135365
0.06 0.0863567 0.143355
0.07 0.092869 0.149938
0.08 0.0988288 0.155405
0.09 0.104325 0.159956
0.1 0.109421 0.16374
0.11 0.114165 0.166865
0.12 0.118596 0.16942
0.13 0.122742 0.171472
0.14 0.126627 0.173078
0.15 0.130272 0.174284
0.16 0.133692 0.175129
0.17 0.1369 0.175645
0.18 0.13991 0.175862
0.19 0.14273 0.175805
0.2 0.14537 0.175494
0.21 0.147837 0.174949
0.22 0.150138 0.174188
0.23 0.152278 0.173226
0.24 0.154264 0.172076
0.25 0.156099 0.170751
0.26 0.157789 0.169264
0.27 0.159336 0.167624
0.28 0.160744 0.165841
0.29 0.162017 0.163924
0.3 0.163157 0.161883
0.31 0.164167 0.159725
0.32 0.16505 0.157457
0.33 0.165807 0.155086
0.34 0.166442 0.152619
0.35 0.166955 0.150063
0.36 0.16735 0.147424
0.37 0.167627 0.144707
0.38 0.167788 0.141917
0.39 0.167835 0.139061
0.4 0.16777 0.136142
0.41 0.167593 0.133167
0.42 0.167307 0.13014
0.43 0.166912 0.127065
0.44 0.16641 0.123947
0.45 0.165802 0.120791
0.46 0.16509 0.1176
0.47 0.164274 0.114379
0.48 0.163356 0.111131
0.49 0.162336 0.107862
0.5 0.161217 0.104574
0.51 0.159998 0.101271
0.52 0.158682 0.0979578
0.53 0.157269 0.0946373
0.54 0.15576 0.0913134
0.55 0.154156 0.0879896
0.56 0.152459 0.0846695
0.57 0.150669 0.0813566
0.58 0.148787 0.0780543
0.59 0.146815 0.074766
0.6 0.144754 0.0714952
0.61 0.142605 0.0682451
0.62 0.140368 0.0650192
0.63 0.138045 0.0618206
0.64 0.135636 0.0586527
0.65 0.133144 0.0555186
0.66 0.130569 0.0524217
0.67 0.127912 0.0493651
0.68 0.125175 0.046352
0.69 0.122357 0.0433856
0.7 0.119462 0.0404689
0.71 0.116489 0.0376052
0.72 0.11344 0.0347975
0.73 0.110317 0.032049
0.74 0.10712 0.0293626
0.75 0.10385 0.0267416
0.76 0.100509 0.0241888
0.77 0.0970984 0.0217075
0.78 0.0936191 0.0193005
0.79 0.0900725 0.016971
0.8 0.0864599 0.0147219
0.81 0.0827827 0.0125562
0.82 0.0790421 0.010477
0.83 0.0752397 0.00848711
0.84 0.0713767 0.00658958
0.85 0.0674547 0.00478735
0.86 0.063475 0.00308336
0.87 0.0594391 0.00148055
0.88 0.0553484 1.81669e-05
0.89 0.0512046 0.00140988
0.9 0.0470091 0.00269168
0.91 0.0427635 0.00386069
0.92 0.0384693 0.00491402
0.93 0.0341282 0.00584881
0.94 0.0297417 0.00666219
0.95 0.0253115 0.00735133
0.96 0.0208392 0.00791338
0.97 0.0163266 0.00834553
0.98 0.0117753 0.00864496
0.99 0.00718715 0.00880887
1 0.00256379 0.00883449
1.01 0.00209296 0.00871903
1.02 0.0067813 0.00845973
1.03 0.0114994 0.00805386
1.04 0.0162454 0.00749867
1.05 0.0210175 0.00679144
1.06 0.0258137 0.00592949
1.07 0.0306321 0.00491011
1.08 0.0354709 0.00373063
1.09 0.0403279 0.00238839
1.1 0.0452013 0.000880767
1.11 0.050089 0.000794879
1.12 0.0549889 0.00264115
1.13 0.0598991 0.00466064
1.14 0.0648174 0.00685591
1.15 0.0697418 0.00922951
1.16 0.07467 0.011784
1.17 0.0796 0.0145218
1.18 0.0845296 0.0174456
1.19 0.0894565 0.0205576
1.2 0.0943785 0.0238605
1.21 0.0992935 0.0273566
1.22 0.104199 0.0310483
1.23 0.109093 0.0349381
1.24 0.113973 0.0390282
1.25 0.118837 0.043321
1.26 0.123682 0.0478188
1.27 0.128505 0.0525239
1.28 0.133306 0.0574386
1.29 0.138081 0.062565
1.3 0.142827 0.0679055
1.31 0.147542 0.0734621
1.32 0.152225 0.0792371
1.33 0.156871 0.0852325
1.34 0.161479 0.0914504
1.35 0.166047 0.0978929
1.36 0.170571 0.104562
1.37 0.175048 0.11146
1.38 0.179478 0.118588
1.39 0.183856 0.125949
1.4 0.18818 0.133544
1.41 0.192448 0.141376
1.42 0.196656 0.149445
1.43 0.200803 0.157755
1.44 0.204885 0.166306
1.45 0.208899 0.1751
1.46 0.212844 0.18414
1.47 0.216715 0.193426
1.48 0.220511 0.202961
1.49 0.224229 0.212745
1.5 0.227865 0.222781
1.51 0.231417 0.23307
1.52 0.234882 0.243613
1.53 0.238257 0.254411
1.54 0.24154 0.265467
1.55 0.244726 0.276782
1.56 0.247815 0.288355
1.57 0.250802 0.30019
1.58 0.253684 0.312287
1.59 0.25646 0.324647
1.6 0.259125 0.337272
1.61 0.261677 0.350162
1.62 0.264112 0.363318
1.63 0.266429 0.376741
1.64 0.268623 0.390433
1.65 0.270692 0.404393
1.66 0.272633 0.418624
1.67 0.274443 0.433125
1.68 0.276118 0.447897
1.69 0.277656 0.462941
1.7 0.279054 0.478257
1.71 0.280308 0.493847
1.72 0.281416 0.50971
1.73 0.282375 0.525847
1.74 0.283181 0.542258
1.75 0.283831 0.558944
1.76 0.284322 0.575904
1.77 0.284652 0.593139
1.78 0.284816 0.61065
1.79 0.284813 0.628436
1.8 0.284638 0.646497
1.81 0.28429 0.664833
1.82 0.283764 0.683444
1.83 0.283057 0.70233
1.84 0.282168 0.72149
1.85 0.281091 0.740925
1.86 0.279825 0.760634
1.87 0.278366 0.780616
1.88 0.276712 0.800872
1.89 0.274858 0.8214
1.9 0.272802 0.8422
1.91 0.270542 0.863271
1.92 0.268073 0.884612
1.93 0.265393 0.906224
1.94 0.262499 0.928104
1.95 0.259387 0.950251
1.96 0.256056 0.972666
1.97 0.2525 0.995346
1.98 0.248719 1.01829
1.99 0.244708 1.0415
2 0.240465 1.06497
2.01 0.235986 1.0887
2.02 0.231269 1.11269
2.03 0.22631 1.13693
2.04 0.221108 1.16144
2.05 0.215658 1.18619
2.06 0.209958 1.2112
2.07 0.204005 1.23647
2.08 0.197796 1.26198
2.09 0.191328 1.28773
2.1 0.184598 1.31373
2.11 0.177604 1.33998
2.12 0.170343 1.36646
2.13 0.162812 1.39318
2.14 0.155007 1.42014
2.15 0.146928 1.44734
2.16 0.138569 1.47476
2.17 0.12993 1.50241
2.18 0.121007 1.53029
2.19 0.111797 1.55839
2.2 0.102299 1.58671
2.21 0.0925086 1.61525
2.22 0.0824241 1.644
2.23 0.0720428 1.67296
2.24 0.0613622 1.70213
2.25 0.0503797 1.73151
2.26 0.039093 1.76109
2.27 0.0274995 1.79087
2.28 0.0155968 1.82084
2.29 0.00338272 1.851
2.3 0.00914526 1.88135
2.31 0.0219894 1.91188
2.32 0.035152 1.9426
2.33 0.0486352 1.97349
2.34 0.0624413 2.00455
2.35 0.0765724 2.03578
2.36 0.0910307 2.06718
2.37 0.105818 2.09873
2.38 0.120937 2.13045
2.39 0.136389 2.16231
2.4 0.152176 2.19432
2.41 0.168301 2.22647
2.42 0.184764 2.25876
2.43 0.201569 2.29118
2.44 0.218716 2.32374
2.45 0.236208 2.35641
2.46 0.254045 2.38921
2.47 0.272231 2.42211
2.48 0.290766 2.45513
2.49 0.309652 2.48825
2.5 0.32889 2.52147
2.51 0.348482 2.55478
2.52 0.36843 2.58818
2.53 0.388734 2.62166
2.54 0.409397 2.65521
2.55 0.430418 2.68884
2.56 0.4518 2.72253
2.57 0.473544 2.75629
2.58 0.49565 2.79009
2.59 0.518121 2.82394
2.6 0.540956 2.85784
2.61 0.564156 2.89177
2.62 0.587723 2.92572
2.63 0.611657 2.9597
2.64 0.63596 2.9937
2.65 0.660631 3.02771
2.66 0.685671 3.06172
2.67 0.711082 3.09573
2.68 0.736863 3.12972
2.69 0.763014 3.16371
2.7 0.789537 3.19766
2.71 0.816431 3.23159
2.72 0.843698 3.26548
2.73 0.871336 3.29933
2.74 0.899346 3.33312
2.75 0.927728 3.36686
2.76 0.956482 3.40053
2.77 0.985608 3.43413
2.78 1.01511 3.46765
2.79 1.04498 3.50108
2.8 1.07522 3.53442
2.81 1.10583 3.56765
2.82 1.13681 3.60077
2.83 1.16816 3.63377
2.84 1.19988 3.66665
2.85 1.23197 3.6994
2.86 1.26443 3.732
2.87 1.29725 3.76445
2.88 1.33044 3.79675
2.89 1.364 3.82888
2.9 1.39792 3.86084
2.91 1.4322 3.89261
2.92 1.46685 3.92419
2.93 1.50185 3.95558
2.94 1.53722 3.98676
2.95 1.57294 4.01772
2.96 1.60902 4.04846
2.97 1.64545 4.07897
2.98 1.68223 4.10924
2.99 1.71937 4.13925
3 1.75685 4.16901
3.01 1.79468 4.19851
