0.001 0.0114562 0.0249012
0.002 0.0161776 0.0346502
0.003 0.0197913 0.0419078
0.004 0.0228315 0.0478765
0.005 0.0255053 0.0530217
0.006 0.0279187 0.0575822
0.007 0.0301347 0.0616997
0.008 0.0321944 0.0654667
0.009 0.0341263 0.0689472
0.01 0.0359511 0.072188
0.011 0.0376845 0.0752242
0.012 0.0393387 0.0780833
0.013 0.0409232 0.0807871
0.014 0.0424461 0.0833531
0.015 0.0439137 0.0857959
0.016 0.0453315 0.0881277
0.017 0.0467039 0.0903587
0.018 0.0480349 0.0924977
0.019 0.0493279 0.0945523
0.02 0.0505858 0.0965291
0.021 0.0518111 0.0984338
0.022 0.0530061 0.100272
0.023 0.0541729 0.102047
0.024 0.0553132 0.103764
0.025 0.0564286 0.105426
0.026 0.0575205 0.107036
0.027 0.0585904 0.108598
0.028 0.0596393 0.110114
0.029 0.0606683 0.111587
0.03 0.0616785 0.113018
0.031 0.0626707 0.11441
0.032 0.0636458 0.115765
0.033 0.0646045 0.117084
0.034 0.0655476 0.118369
0.035 0.0664757 0.119622
0.036 0.0673894 0.120843
0.037 0.0682893 0.122035
0.038 0.069176 0.123198
0.039 0.0700499 0.124333
0.04 0.0709114 0.125442
0.041 0.0717611 0.126526
0.042 0.0725994 0.127585
0.043 0.0734265 0.12862
0.044 0.074243 0.129632
0.045 0.075049 0.130623
0.046 0.075845 0.131592
0.047 0.0766313 0.13254
0.048 0.0774081 0.133468
0.049 0.0781758 0.134377
0.05 0.0789345 0.135266
0.051 0.0796845 0.136138
0.052 0.0804261 0.136992
0.053 0.0811595 0.137829
0.054 0.0818849 0.138648
0.055 0.0826025 0.139452
0.056 0.0833125 0.14024
0.057 0.0840151 0.141012
0.058 0.0847104 0.141769
0.059 0.0853987 0.142512
0.06 0.08608 0.14324
0.061 0.0867546 0.143955
0.062 0.0874226 0.144655
0.063 0.0880841 0.145343
0.064 0.0887394 0.146018
0.065 0.0893884 0.146679
0.066 0.0900313 0.147329
0.067 0.0906683 0.147967
0.068 0.0912995 0.148592
0.069 0.091925 0.149206
0.07 0.0925449 0.149809
0.071 0.0931593 0.150401
0.072 0.0937683 0.150981
0.073 0.0943719 0.151552
0.074 0.0949704 0.152111
0.075 0.0955638 0.152661
0.076 0.0961521 0.153201
0.077 0.0967355 0.15373
0.078 0.0973141 0.154251
0.079 0.0978879 0.154761
0.08 0.098457 0.155263
0.081 0.0990214 0.155755
0.082 0.0995813 0.156238
0.083 0.100137 0.156713
0.084 0.100688 0.157179
0.085 0.101234 0.157637
0.086 0.101777 0.158086
0.087 0.102315 0.158527
0.088 0.102849 0.15896
0.089 0.103379 0.159385
0.09 0.103905 0.159803
0.091 0.104427 0.160213
0.092 0.104945 0.160615
0.093 0.105459 0.16101
0.094 0.105969 0.161397
0.095 0.106475 0.161778
0.096 0.106978 0.162151
0.097 0.107477 0.162517
0.098 0.107972 0.162877
0.099 0.108464 0.16323
0.1 0.108952 0.163576
0.101 0.109437 0.163916
0.102 0.109919 0.164249
0.103 0.110396 0.164576
0.104 0.110871 0.164896
0.105 0.111342 0.165211
0.106 0.11181 0.165519
0.107 0.112274 0.165822
0.108 0.112736 0.166118
0.109 0.113194 0.166409
0.11 0.113648 0.166693
0.111 0.1141 0.166973
0.112 0.114549 0.167246
0.113 0.114995 0.167514
0.114 0.115437 0.167777
0.115 0.115877 0.168034
0.116 0.116313 0.168286
0.117 0.116747 0.168532
0.118 0.117177 0.168774
0.119 0.117605 0.16901
0.12 0.11803 0.169241
0.121 0.118452 0.169467
0.122 0.118871 0.169689
0.123 0.119288 0.169905
0.124 0.119702 0.170117
0.125 0.120113 0.170323
0.126 0.120521 0.170525
0.127 0.120926 0.170723
0.128 0.121329 0.170916
0.129 0.121729 0.171104
0.13 0.122127 0.171288
0.131 0.122522 0.171467
0.132 0.122914 0.171642
0.133 0.123304 0.171813
0.134 0.123692 0.171979
0.135 0.124076 0.172142
0.136 0.124459 0.1723
0.137 0.124839 0.172453
0.138 0.125216 0.172603
0.139 0.125591 0.172749
0.14 0.125963 0.17289
0.141 0.126333 0.173028
0.142 0.126701 0.173162
0.143 0.127066 0.173291
0.144 0.127429 0.173417
0.145 0.12779 0.173539
0.146 0.128148 0.173658
0.147 0.128504 0.173772
0.148 0.128858 0.173883
0.149 0.129209 0.17399
0.15 0.129558 0.174094
0.151 0.129905 0.174194
0.152 0.13025 0.174291
0.153 0.130592 0.174384
0.154 0.130932 0.174473
0.155 0.13127 0.174559
0.156 0.131606 0.174642
0.157 0.13194 0.174721
0.158 0.132272 0.174797
0.159 0.132601 0.174869
0.16 0.132928 0.174938
0.161 0.133253 0.175004
0.162 0.133577 0.175067
0.163 0.133898 0.175127
0.164 0.134216 0.175183
0.165 0.134533 0.175236
0.166 0.134848 0.175287
0.167 0.135161 0.175334
0.168 0.135472 0.175378
0.169 0.135781 0.175419
0.17 0.136087 0.175457
0.171 0.136392 0.175492
0.172 0.136695 0.175524
0.173 0.136996 0.175553
0.174 0.137294 0.175579
0.175 0.137591 0.175602
0.176 0.137886 0.175623
0.177 0.138179 0.17564
0.178 0.13847 0.175655
0.179 0.13876 0.175667
0.18 0.139047 0.175677
0.181 0.139332 0.175683
0.182 0.139616 0.175687
0.183 0.139898 0.175689
0.184 0.140177 0.175687
0.185 0.140455 0.175683
0.186 0.140731 0.175676
0.187 0.141006 0.175667
0.188 0.141278 0.175655
0.189 0.141549 0.175641
0.19 0.141817 0.175624
0.191 0.142084 0.175605
0.192 0.14235 0.175583
0.193 0.142613 0.175558
0.194 0.142875 0.175531
0.195 0.143134 0.175502
0.196 0.143392 0.175471
0.197 0.143649 0.175436
0.198 0.143903 0.1754
0.199 0.144156 0.175361
0.2 0.144407 0.17532
0.201 0.144657 0.175277
0.202 0.144904 0.175231
0.203 0.14515 0.175183
0.204 0.145394 0.175133
0.205 0.145637 0.17508
0.206 0.145878 0.175025
0.207 0.146117 0.174968
0.208 0.146354 0.174909
0.209 0.14659 0.174848
0.21 0.146824 0.174784
0.211 0.147057 0.174718
0.212 0.147288 0.174651
0.213 0.147517 0.174581
0.214 0.147744 0.174509
0.215 0.14797 0.174435
0.216 0.148194 0.174358
0.217 0.148417 0.17428
0.218 0.148638 0.1742
0.219 0.148857 0.174118
0.22 0.149075 0.174033
0.221 0.149291 0.173947
0.222 0.149506 0.173859
0.223 0.149719 0.173769
0.224 0.14993 0.173676
0.225 0.15014 0.173582
0.226 0.150348 0.173486
0.227 0.150555 0.173388
0.228 0.15076 0.173288
0.229 0.150964 0.173187
0.23 0.151166 0.173083
0.231 0.151366 0.172978
0.232 0.151565 0.17287
0.233 0.151762 0.172761
0.234 0.151958 0.17265
0.235 0.152153 0.172538
0.236 0.152345 0.172423
0.237 0.152537 0.172307
0.238 0.152726 0.172189
0.239 0.152915 0.172069
0.24 0.153101 0.171948
0.241 0.153287 0.171824
0.242 0.15347 0.171699
0.243 0.153653 0.171573
0.244 0.153833 0.171444
0.245 0.154013 0.171314
0.246 0.15419 0.171183
0.247 0.154367 0.171049
0.248 0.154541 0.170914
0.249 0.154715 0.170778
0.25 0.154887 0.170639
0.251 0.155057 0.170499
0.252 0.155226 0.170358
0.253 0.155394 0.170215
0.254 0.15556 0.17007
0.255 0.155724 0.169924
0.256 0.155888 0.169776
0.257 0.156049 0.169627
0.258 0.15621 0.169476
0.259 0.156369 0.169324
0.26 0.156526 0.16917
0.261 0.156682 0.169014
0.262 0.156837 0.168858
0.263 0.15699 0.168699
0.264 0.157142 0.168539
0.265 0.157292 0.168378
0.266 0.157442 0.168215
0.267 0.157589 0.168051
0.268 0.157735 0.167885
0.269 0.15788 0.167718
0.27 0.158024 0.16755
0.271 0.158166 0.16738
0.272 0.158306 0.167209
0.273 0.158446 0.167036
0.274 0.158584 0.166862
0.275 0.15872 0.166687
0.276 0.158855 0.16651
0.277 0.158989 0.166332
0.278 0.159122 0.166152
0.279 0.159253 0.165971
0.28 0.159383 0.165789
0.281 0.159511 0.165606
0.282 0.159638 0.165421
0.283 0.159764 0.165235
0.284 0.159888 0.165048
0.285 0.160011 0.164859
0.286 0.160133 0.164669
0.287 0.160253 0.164478
0.288 0.160372 0.164286
0.289 0.16049 0.164092
0.29 0.160606 0.163897
0.291 0.160721 0.163701
0.292 0.160835 0.163504
0.293 0.160947 0.163305
0.294 0.161058 0.163105
0.295 0.161168 0.162904
0.296 0.161276 0.162702
0.297 0.161384 0.162499
0.298 0.161489 0.162295
0.299 0.161594 0.162089
0.3 0.161697 0.161882
0.301 0.161799 0.161674
0.302 0.1619 0.161465
0.303 0.161999 0.161255
0.304 0.162097 0.161043
0.305 0.162194 0.160831
0.306 0.162289 0.160617
0.307 0.162384 0.160403
0.308 0.162477 0.160187
0.309 0.162568 0.15997
0.31 0.162659 0.159752
0.311 0.162748 0.159533
0.312 0.162836 0.159313
0.313 0.162922 0.159092
0.314 0.163007 0.15887
0.315 0.163092 0.158646
0.316 0.163174 0.158422
0.317 0.163256 0.158197
0.318 0.163336 0.15797
0.319 0.163415 0.157743
0.32 0.163493 0.157515
0.321 0.163569 0.157285
0.322 0.163645 0.157055
0.323 0.163719 0.156824
0.324 0.163791 0.156591
0.325 0.163863 0.156358
0.326 0.163933 0.156124
0.327 0.164002 0.155888
0.328 0.16407 0.155652
0.329 0.164137 0.155415
0.33 0.164202 0.155177
0.331 0.164266 0.154938
0.332 0.164329 0.154698
0.333 0.164391 0.154457
0.334 0.164452 0.154215
0.335 0.164511 0.153972
0.336 0.164569 0.153729
0.337 0.164626 0.153484
0.338 0.164681 0.153239
0.339 0.164736 0.152992
0.34 0.164789 0.152745
0.341 0.164841 0.152497
0.342 0.164892 0.152248
0.343 0.164941 0.151998
0.344 0.16499 0.151748
0.345 0.165037 0.151496
0.346 0.165083 0.151244
0.347 0.165128 0.150991
0.348 0.165171 0.150737
0.349 0.165214 0.150482
0.35 0.165255 0.150226
0.351 0.165295 0.14997
0.352 0.165334 0.149713
0.353 0.165372 0.149455
0.354 0.165408 0.149196
0.355 0.165443 0.148936
0.356 0.165478 0.148676
0.357 0.16551 0.148414
0.358 0.165542 0.148152
0.359 0.165573 0.14789
0.36 0.165602 0.147626
0.361 0.165631 0.147362
0.362 0.165658 0.147097
0.363 0.165684 0.146831
0.364 0.165708 0.146565
0.365 0.165732 0.146297
0.366 0.165754 0.14603
0.367 0.165776 0.145761
0.368 0.165796 0.145491
0.369 0.165815 0.145221
0.37 0.165833 0.144951
0.371 0.165849 0.144679
0.372 0.165865 0.144407
0.373 0.165879 0.144134
0.374 0.165892 0.14386
0.375 0.165905 0.143586
0.376 0.165915 0.143311
0.377 0.165925 0.143036
0.378 0.165934 0.142759
0.379 0.165941 0.142483
0.38 0.165948 0.142205
0.381 0.165953 0.141927
0.382 0.165957 0.141648
0.383 0.16596 0.141368
0.384 0.165962 0.141088
0.385 0.165963 0.140808
0.386 0.165962 0.140526
0.387 0.165961 0.140244
0.388 0.165958 0.139962
0.389 0.165954 0.139679
0.39 0.165949 0.139395
0.391 0.165943 0.13911
0.392 0.165936 0.138825
0.393 0.165928 0.13854
0.394 0.165918 0.138254
0.395 0.165908 0.137967
0.396 0.165896 0.13768
0.397 0.165884 0.137392
0.398 0.16587 0.137104
0.399 0.165855 0.136815
0.4 0.165839 0.136525
0.401 0.165822 0.136235
0.402 0.165803 0.135944
0.403 0.165784 0.135653
0.404 0.165764 0.135362
0.405 0.165742 0.135069
0.406 0.165719 0.134777
0.407 0.165696 0.134484
0.408 0.165671 0.13419
0.409 0.165645 0.133896
0.41 0.165618 0.133601
0.411 0.165589 0.133306
0.412 0.16556 0.13301
0.413 0.16553 0.132714
0.414 0.165499 0.132417
0.415 0.165466 0.13212
0.416 0.165432 0.131822
0.417 0.165398 0.131524
0.418 0.165362 0.131225
0.419 0.165325 0.130926
0.42 0.165287 0.130627
0.421 0.165248 0.130327
0.422 0.165208 0.130026
0.423 0.165167 0.129726
0.424 0.165125 0.129424
0.425 0.165082 0.129123
0.426 0.165037 0.12882
0.427 0.164992 0.128518
0.428 0.164945 0.128215
0.429 0.164898 0.127911
0.43 0.164849 0.127608
0.431 0.1648 0.127303
0.432 0.164749 0.126999
0.433 0.164697 0.126694
0.434 0.164644 0.126388
0.435 0.16459 0.126083
0.436 0.164535 0.125776
0.437 0.164479 0.12547
0.438 0.164422 0.125163
0.439 0.164364 0.124856
0.44 0.164305 0.124548
0.441 0.164244 0.12424
0.442 0.164183 0.123931
0.443 0.164121 0.123623
0.444 0.164057 0.123314
0.445 0.163993 0.123004
0.446 0.163927 0.122694
0.447 0.163861 0.122384
0.448 0.163793 0.122074
0.449 0.163725 0.121763
0.45 0.163655 0.121452
0.451 0.163584 0.12114
0.452 0.163512 0.120829
0.453 0.16344 0.120517
0.454 0.163366 0.120204
0.455 0.163291 0.119892
0.456 0.163215 0.119579
0.457 0.163138 0.119265
0.458 0.16306 0.118952
0.459 0.162981 0.118638
0.46 0.162901 0.118324
0.461 0.16282 0.118009
0.462 0.162738 0.117695
0.463 0.162655 0.11738
0.464 0.162571 0.117065
0.465 0.162486 0.116749
0.466 0.1624 0.116433
0.467 0.162312 0.116117
0.468 0.162224 0.115801
0.469 0.162135 0.115485
0.47 0.162045 0.115168
0.471 0.161954 0.114851
0.472 0.161861 0.114534
0.473 0.161768 0.114216
0.474 0.161674 0.113899
0.475 0.161578 0.113581
0.476 0.161482 0.113263
0.477 0.161385 0.112945
0.478 0.161287 0.112626
0.479 0.161187 0.112307
0.48 0.161087 0.111988
0.481 0.160986 0.111669
0.482 0.160883 0.11135
0.483 0.16078 0.111031
0.484 0.160676 0.110711
0.485 0.16057 0.110391
0.486 0.160464 0.110071
0.487 0.160357 0.109751
0.488 0.160248 0.10943
0.489 0.160139 0.10911
0.49 0.160029 0.108789
0.491 0.159917 0.108468
0.492 0.159805 0.108147
0.493 0.159692 0.107826
0.494 0.159577 0.107505
0.495 0.159462 0.107183
0.496 0.159346 0.106862
0.497 0.159229 0.10654
0.498 0.15911 0.106218
0.499 0.158991 0.105896
0.5 0.158871 0.105574
0.501 0.15875 0.105252
0.502 0.158628 0.104929
0.503 0.158505 0.104607
0.504 0.158381 0.104284
0.505 0.158256 0.103962
0.506 0.158129 0.103639
0.507 0.158002 0.103316
0.508 0.157874 0.102993
0.509 0.157745 0.10267
0.51 0.157616 0.102347
0.511 0.157485 0.102023
0.512 0.157353 0.1017
0.513 0.15722 0.101377
0.514 0.157086 0.101053
0.515 0.156951 0.10073
0.516 0.156816 0.100406
0.517 0.156679 0.100083
0.518 0.156541 0.0997588
0.519 0.156403 0.099435
0.52 0.156263 0.0991112
0.521 0.156122 0.0987874
0.522 0.155981 0.0984635
0.523 0.155839 0.0981395
0.524 0.155695 0.0978156
0.525 0.155551 0.0974916
0.526 0.155405 0.0971675
0.527 0.155259 0.0968435
0.528 0.155112 0.0965194
0.529 0.154964 0.0961953
0.53 0.154815 0.0958712
0.531 0.154665 0.0955471
0.532 0.154514 0.095223
0.533 0.154362 0.0948989
0.534 0.154209 0.0945748
0.535 0.154055 0.0942507
0.536 0.1539 0.0939266
0.537 0.153744 0.0936025
0.538 0.153588 0.0932784
0.539 0.15343 0.0929544
0.54 0.153272 0.0926303
0.541 0.153112 0.0923063
0.542 0.152952 0.0919824
0.543 0.15279 0.0916584
0.544 0.152628 0.0913345
0.545 0.152465 0.0910107
0.546 0.152301 0.0906869
0.547 0.152136 0.0903631
0.548 0.15197 0.0900394
0.549 0.151803 0.0897157
0.55 0.151635 0.0893921
0.551 0.151466 0.0890686
0.552 0.151296 0.0887451
0.553 0.151126 0.0884217
0.554 0.150954 0.0880984
0.555 0.150782 0.0877752
0.556 0.150608 0.087452
0.557 0.150434 0.0871289
0.558 0.150259 0.0868059
0.559 0.150083 0.086483
0.56 0.149906 0.0861602
0.561 0.149728 0.0858375
0.562 0.149549 0.0855149
0.563 0.149369 0.0851924
0.564 0.149188 0.08487
0.565 0.149006 0.0845477
0.566 0.148824 0.0842255
0.567 0.148641 0.0839035
0.568 0.148456 0.0835815
0.569 0.148271 0.0832597
0.57 0.148085 0.082938
0.571 0.147898 0.0826165
0.572 0.14771 0.0822951
0.573 0.147521 0.0819738
0.574 0.147331 0.0816527
0.575 0.14714 0.0813317
0.576 0.146949 0.0810109
0.577 0.146756 0.0806902
0.578 0.146563 0.0803697
0.579 0.146369 0.0800493
0.58 0.146174 0.0797291
0.581 0.145978 0.0794091
0.582 0.145781 0.0790892
0.583 0.145583 0.0787695
0.584 0.145384 0.07845
0.585 0.145185 0.0781307
0.586 0.144984 0.0778115
0.587 0.144783 0.0774925
0.588 0.14458 0.0771738
0.589 0.144377 0.0768552
0.59 0.144173 0.0765368
0.591 0.143968 0.0762186
0.592 0.143763 0.0759006
0.593 0.143556 0.0755829
0.594 0.143348 0.0752653
0.595 0.14314 0.074948
0.596 0.142931 0.0746308
0.597 0.142721 0.0743139
0.598 0.142509 0.0739973
0.599 0.142298 0.0736808
0.6 0.142085 0.0733646
0.601 0.141871 0.0730486
0.602 0.141657 0.0727328
0.603 0.141441 0.0724173
0.604 0.141225 0.072102
0.605 0.141008 0.071787
0.606 0.14079 0.0714722
0.607 0.140571 0.0711577
0.608 0.140351 0.0708435
0.609 0.140131 0.0705295
0.61 0.139909 0.0702157
0.611 0.139687 0.0699023
0.612 0.139464 0.0695891
0.613 0.13924 0.0692761
0.614 0.139015 0.0689635
0.615 0.138789 0.0686511
0.616 0.138562 0.0683391
0.617 0.138335 0.0680273
0.618 0.138107 0.0677158
0.619 0.137878 0.0674045
0.62 0.137648 0.0670936
0.621 0.137417 0.066783
0.622 0.137185 0.0664727
0.623 0.136953 0.0661627
0.624 0.136719 0.065853
0.625 0.136485 0.0655436
0.626 0.13625 0.0652346
0.627 0.136014 0.0649258
0.628 0.135777 0.0646174
0.629 0.13554 0.0643093
0.63 0.135301 0.0640016
0.631 0.135062 0.0636941
0.632 0.134822 0.063387
0.633 0.134581 0.0630803
0.634 0.134339 0.0627739
0.635 0.134096 0.0624678
0.636 0.133853 0.0621621
0.637 0.133609 0.0618567
0.638 0.133364 0.0615517
0.639 0.133118 0.0612471
0.64 0.132871 0.0609428
0.641 0.132623 0.0606389
0.642 0.132375 0.0603353
0.643 0.132126 0.0600321
0.644 0.131876 0.0597293
0.645 0.131625 0.0594269
0.646 0.131373 0.0591249
0.647 0.131121 0.0588232
0.648 0.130867 0.0585219
0.649 0.130613 0.0582211
0.65 0.130358 0.0579206
0.651 0.130103 0.0576205
0.652 0.129846 0.0573208
0.653 0.129589 0.0570215
0.654 0.12933 0.0567226
0.655 0.129071 0.0564242
0.656 0.128811 0.0561261
0.657 0.128551 0.0558285
0.658 0.128289 0.0555313
0.659 0.128027 0.0552345
0.66 0.127764 0.0549381
0.661 0.1275 0.0546422
0.662 0.127236 0.0543467
0.663 0.12697 0.0540516
0.664 0.126704 0.053757
0.665 0.126437 0.0534628
0.666 0.126169 0.0531691
0.667 0.1259 0.0528758
0.668 0.125631 0.052583
0.669 0.125361 0.0522906
0.67 0.12509 0.0519987
0.671 0.124818 0.0517072
0.672 0.124545 0.0514162
0.673 0.124272 0.0511257
0.674 0.123998 0.0508356
0.675 0.123723 0.050546
0.676 0.123447 0.0502569
0.677 0.12317 0.0499683
0.678 0.122893 0.0496801
0.679 0.122615 0.0493925
0.68 0.122336 0.0491053
0.681 0.122056 0.0488187
0.682 0.121776 0.0485325
0.683 0.121495 0.0482468
0.684 0.121213 0.0479616
0.685 0.12093 0.047677
0.686 0.120646 0.0473928
0.687 0.120362 0.0471092
0.688 0.120077 0.046826
0.689 0.119791 0.0465434
0.69 0.119504 0.0462613
0.691 0.119217 0.0459798
0.692 0.118929 0.0456987
0.693 0.11864 0.0454182
0.694 0.11835 0.0451382
0.695 0.11806 0.0448588
0.696 0.117768 0.0445799
0.697 0.117476 0.0443015
0.698 0.117184 0.0440237
0.699 0.11689 0.0437465
0.7 0.116596 0.0434698
0.701 0.116301 0.0431936
0.702 0.116005 0.042918
0.703 0.115709 0.042643
0.704 0.115411 0.0423685
0.705 0.115113 0.0420946
0.706 0.114815 0.0418213
0.707 0.114515 0.0415486
0.708 0.114215 0.0412764
0.709 0.113914 0.0410048
0.71 0.113612 0.0407338
0.711 0.113309 0.0404634
0.712 0.113006 0.0401935
0.713 0.112702 0.0399243
0.714 0.112398 0.0396557
0.715 0.112092 0.0393876
0.716 0.111786 0.0391202
0.717 0.111479 0.0388534
0.718 0.111171 0.0385871
0.719 0.110863 0.0383215
0.72 0.110554 0.0380565
0.721 0.110244 0.0377921
0.722 0.109933 0.0375284
0.723 0.109622 0.0372652
0.724 0.10931 0.0370027
0.725 0.108997 0.0367408
0.726 0.108684 0.0364796
0.727 0.108369 0.036219
0.728 0.108054 0.035959
0.729 0.107739 0.0356997
0.73 0.107422 0.035441
0.731 0.107105 0.035183
0.732 0.106787 0.0349256
0.733 0.106469 0.0346689
0.734 0.10615 0.0344128
0.735 0.10583 0.0341574
0.736 0.105509 0.0339026
0.737 0.105187 0.0336486
0.738 0.104865 0.0333952
0.739 0.104543 0.0331424
0.74 0.104219 0.0328904
0.741 0.103895 0.032639
0.742 0.10357 0.0323883
0.743 0.103244 0.0321383
0.744 0.102918 0.031889
0.745 0.102591 0.0316403
0.746 0.102263 0.0313924
0.747 0.101935 0.0311451
0.748 0.101605 0.0308986
0.749 0.101276 0.0306528
0.75 0.100945 0.0304076
0.751 0.100614 0.0301632
0.752 0.100282 0.0299195
0.753 0.0999494 0.0296765
0.754 0.0996161 0.0294342
0.755 0.0992821 0.0291927
0.756 0.0989474 0.0289519
0.757 0.0986121 0.0287118
0.758 0.098276 0.0284724
0.759 0.0979393 0.0282338
0.76 0.0976019 0.0279959
0.761 0.0972638 0.0277587
0.762 0.0969251 0.0275223
0.763 0.0965856 0.0272866
0.764 0.0962455 0.0270517
0.765 0.0959047 0.0268176
0.766 0.0955633 0.0265841
0.767 0.0952211 0.0263515
0.768 0.0948783 0.0261196
0.769 0.0945349 0.0258885
0.77 0.0941907 0.0256581
0.771 0.0938459 0.0254285
0.772 0.0935004 0.0251997
0.773 0.0931543 0.0249717
0.774 0.0928075 0.0247444
0.775 0.09246 0.0245179
0.776 0.0921119 0.0242922
0.777 0.0917631 0.0240673
0.778 0.0914137 0.0238432
0.779 0.0910636 0.0236199
0.78 0.0907128 0.0233974
0.781 0.0903614 0.0231756
0.782 0.0900094 0.0229547
0.783 0.0896566 0.0227346
0.784 0.0893033 0.0225153
0.785 0.0889493 0.0222968
0.786 0.0885946 0.0220791
0.787 0.0882393 0.0218623
0.788 0.0878834 0.0216463
0.789 0.0875268 0.021431
0.79 0.0871696 0.0212167
0.791 0.0868117 0.0210031
0.792 0.0864532 0.0207904
0.793 0.086094 0.0205785
0.794 0.0857343 0.0203675
0.795 0.0853739 0.0201573
0.796 0.0850128 0.0199479
0.797 0.0846511 0.0197394
0.798 0.0842888 0.0195317
0.799 0.0839259 0.0193249
0.8 0.0835623 0.019119
0.801 0.0831981 0.0189139
0.802 0.0828333 0.0187097
0.803 0.0824679 0.0185063
0.804 0.0821018 0.0183038
0.805 0.0817351 0.0181022
0.806 0.0813678 0.0179015
0.807 0.0809999 0.0177016
0.808 0.0806314 0.0175026
0.809 0.0802622 0.0173045
0.81 0.0798924 0.0171073
0.811 0.0795221 0.016911
0.812 0.0791511 0.0167155
0.813 0.0787795 0.016521
0.814 0.0784073 0.0163274
0.815 0.0780345 0.0161346
0.816 0.077661 0.0159428
0.817 0.077287 0.0157519
0.818 0.0769124 0.0155619
0.819 0.0765372 0.0153728
0.82 0.0761613 0.0151846
0.821 0.0757849 0.0149973
0.822 0.0754079 0.014811
0.823 0.0750303 0.0146256
0.824 0.0746521 0.0144411
0.825 0.0742733 0.0142575
0.826 0.0738939 0.0140749
0.827 0.0735139 0.0138932
0.828 0.0731333 0.0137125
0.829 0.0727522 0.0135327
0.83 0.0723704 0.0133538
0.831 0.0719881 0.0131759
0.832 0.0716052 0.012999
0.833 0.0712217 0.012823
0.834 0.0708376 0.0126479
0.835 0.070453 0.0124739
0.836 0.0700678 0.0123008
0.837 0.069682 0.0121286
0.838 0.0692956 0.0119574
0.839 0.0689087 0.0117872
0.84 0.0685212 0.011618
0.841 0.0681331 0.0114497
0.842 0.0677444 0.0112825
0.843 0.0673552 0.0111162
0.844 0.0669654 0.0109509
0.845 0.0665751 0.0107865
0.846 0.0661842 0.0106232
0.847 0.0657927 0.0104609
0.848 0.0654007 0.0102996
0.849 0.0650081 0.0101393
0.85 0.064615 0.00997994
0.851 0.0642213 0.00982163
0.852 0.063827 0.00966433
0.853 0.0634322 0.00950804
0.854 0.0630369 0.00935277
0.855 0.062641 0.00919851
0.856 0.0622445 0.00904528
0.857 0.0618475 0.00889308
0.858 0.06145 0.0087419
0.859 0.0610519 0.00859176
0.86 0.0606533 0.00844264
0.861 0.0602542 0.00829457
0.862 0.0598545 0.00814753
0.863 0.0594542 0.00800154
0.864 0.0590535 0.00785659
0.865 0.0586522 0.00771269
0.866 0.0582504 0.00756984
0.867 0.057848 0.00742805
0.868 0.0574451 0.00728731
0.869 0.0570417 0.00714763
0.87 0.0566377 0.00700902
0.871 0.0562333 0.00687147
0.872 0.0558283 0.00673498
0.873 0.0554228 0.00659957
0.874 0.0550168 0.00646524
0.875 0.0546102 0.00633198
0.876 0.0542031 0.0061998
0.877 0.0537956 0.00606871
0.878 0.0533875 0.0059387
0.879 0.0529789 0.00580978
0.88 0.0525698 0.00568195
0.881 0.0521601 0.00555522
0.882 0.05175 0.00542958
0.883 0.0513394 0.00530504
0.884 0.0509282 0.00518161
0.885 0.0505166 0.00505928
0.886 0.0501044 0.00493807
0.887 0.0496918 0.00481796
0.888 0.0492786 0.00469897
0.889 0.048865 0.00458109
0.89 0.0484509 0.00446434
0.891 0.0480362 0.00434871
0.892 0.0476211 0.00423421
0.893 0.0472055 0.00412083
0.894 0.0467894 0.00400859
0.895 0.0463728 0.00389748
0.896 0.0459558 0.00378751
0.897 0.0455382 0.00367868
0.898 0.0451202 0.003571
0.899 0.0447017 0.00346446
0.9 0.0442827 0.00335906
0.901 0.0438632 0.00325483
0.902 0.0434433 0.00315174
0.903 0.0430228 0.00304982
0.904 0.0426019 0.00294905
0.905 0.0421806 0.00284945
0.906 0.0417588 0.00275101
0.907 0.0413365 0.00265375
0.908 0.0409137 0.00255765
0.909 0.0404905 0.00246273
0.91 0.0400668 0.00236899
0.911 0.0396426 0.00227643
0.912 0.039218 0.00218505
0.913 0.0387929 0.00209486
0.914 0.0383674 0.00200585
0.915 0.0379414 0.00191804
0.916 0.037515 0.00183143
0.917 0.0370881 0.00174601
0.918 0.0366607 0.00166179
0.919 0.0362329 0.00157878
0.92 0.0358047 0.00149697
0.921 0.035376 0.00141637
0.922 0.0349469 0.00133698
0.923 0.0345173 0.00125881
0.924 0.0340873 0.00118185
0.925 0.0336569 0.00110612
0.926 0.033226 0.00103161
0.927 0.0327947 0.000958319
0.928 0.032363 0.000886262
0.929 0.0319308 0.000815436
0.93 0.0314982 0.000745845
0.931 0.0310651 0.000677491
0.932 0.0306317 0.000610378
0.933 0.0301978 0.000544507
0.934 0.0297635 0.000479882
0.935 0.0293287 0.000416505
0.936 0.0288936 0.00035438
0.937 0.028458 0.000293509
0.938 0.028022 0.000233895
0.939 0.0275856 0.000175541
0.94 0.0271488 0.00011845
0.941 0.0267115 6.26243e-05
0.942 0.0262739 8.0667e-06
0.943 0.0258359 4.52198e-05
0.944 0.0253974 9.72324e-05
0.945 0.0249585 0.000147968
0.946 0.0245193 0.000197425
0.947 0.0240796 0.000245599
0.948 0.0236395 0.000292488
0.949 0.0231991 0.000338089
0.95 0.0227582 0.000382399
0.951 0.022317 0.000425416
0.952 0.0218753 0.000467136
0.953 0.0214333 0.000507557
0.954 0.0209908 0.000546677
0.955 0.020548 0.000584492
0.956 0.0201048 0.000620999
0.957 0.0196612 0.000656196
0.958 0.0192173 0.000690079
0.959 0.0187729 0.000722647
0.96 0.0183282 0.000753897
0.961 0.0178831 0.000783825
0.962 0.0174376 0.000812428
0.963 0.0169917 0.000839705
0.964 0.0165455 0.000865652
0.965 0.0160989 0.000890266
0.966 0.0156519 0.000913545
0.967 0.0152046 0.000935485
0.968 0.0147569 0.000956085
0.969 0.0143088 0.000975341
0.97 0.0138604 0.000993251
0.971 0.0134116 0.00100981
0.972 0.0129625 0.00102502
0.973 0.012513 0.00103887
0.974 0.0120631 0.00105137
0.975 0.0116129 0.00106251
0.976 0.0111623 0.00107228
0.977 0.0107114 0.00108069
0.978 0.0102602 0.00108772
0.979 0.00980855 0.00109339
0.98 0.0093566 0.00109768
0.981 0.0089043 0.0011006
0.982 0.00845167 0.00110213
0.983 0.0079987 0.00110229
0.984 0.00754539 0.00110106
0.985 0.00709174 0.00109844
0.986 0.00663777 0.00109443
0.987 0.00618346 0.00108902
0.988 0.00572881 0.00108223
0.989 0.00527385 0.00107403
0.99 0.00481855 0.00106443
0.991 0.00436293 0.00105342
0.992 0.00390699 0.00104101
0.993 0.00345073 0.00102719
0.994 0.00299414 0.00101195
0.995 0.00253724 0.000995305
0.996 0.00208003 0.000977237
0.997 0.0016225 0.000957749
0.998 0.00116466 0.000936837
0.999 0.000706508 0.000914498
1 0.000248049 0.000890731
1.001 0.000210717 0.000865531
1.002 0.000669788 0.000838897
1.003 0.00112916 0.000810826
1.004 0.00158884 0.000781315
1.005 0.00204881 0.000750362
1.006 0.00250908 0.000717962
1.007 0.00296965 0.000684115
1.008 0.00343051 0.000648817
1.009 0.00389166 0.000612065
1.01 0.0043531 0.000573857
1.011 0.00481483 0.00053419
1.012 0.00527685 0.000493061
1.013 0.00573915 0.000450468
1.014 0.00620173 0.000406408
1.015 0.0066646 0.000360877
1.016 0.00712774 0.000313875
1.017 0.00759116 0.000265396
1.018 0.00805486 0.00021544
1.019 0.00851882 0.000164004
1.02 0.00898306 0.000111083
1.021 0.00944757 5.6677e-05
1.022 0.00991235 7.81937e-07
1.023 0.0103774 5.66047e-05
1.024 0.0108427 0.000115485
1.025 0.0113083 0.000175863
1.026 0.0117741 0.00023774
1.027 0.0122402 0.00030112
1.028 0.0127065 0.000366005
1.029 0.0131731 0.000432397
1.03 0.01364 0.000500299
1.031 0.0141071 0.000569715
1.032 0.0145744 0.000640646
1.033 0.015042 0.000713096
1.034 0.0155099 0.000787066
1.035 0.015978 0.000862561
1.036 0.0164463 0.000939582
1.037 0.0169149 0.00101813
1.038 0.0173837 0.00109821
1.039 0.0178527 0.00117983
1.04 0.018322 0.00126298
1.041 0.0187915 0.00134768
1.042 0.0192612 0.00143391
1.043 0.0197312 0.00152169
1.044 0.0202014 0.00161102
1.045 0.0206718 0.0017019
1.046 0.0211424 0.00179433
1.047 0.0216133 0.00188832
1.048 0.0220843 0.00198387
1.049 0.0225556 0.00208098
1.05 0.0230271 0.00217965
1.051 0.0234989 0.00227988
1.052 0.0239708 0.00238169
1.053 0.0244429 0.00248507
1.054 0.0249153 0.00259002
1.055 0.0253878 0.00269655
1.056 0.0258606 0.00280466
1.057 0.0263335 0.00291436
1.058 0.0268067 0.00302563
1.059 0.02728 0.0031385
1.06 0.0277536 0.00325295
1.061 0.0282273 0.003369
1.062 0.0287012 0.00348664
1.063 0.0291753 0.00360588
1.064 0.0296496 0.00372673
1.065 0.0301241 0.00384917
1.066 0.0305988 0.00397322
1.067 0.0310736 0.00409888
1.068 0.0315487 0.00422615
1.069 0.0320239 0.00435504
1.07 0.0324993 0.00448554
1.071 0.0329748 0.00461766
1.072 0.0334505 0.00475141
1.073 0.0339264 0.00488677
1.074 0.0344025 0.00502377
1.075 0.0348787 0.00516239
1.076 0.0353551 0.00530265
1.077 0.0358317 0.00544454
1.078 0.0363084 0.00558807
1.079 0.0367853 0.00573323
1.08 0.0372623 0.00588005
1.081 0.0377395 0.0060285
1.082 0.0382168 0.00617861
1.083 0.0386943 0.00633036
1.084 0.0391719 0.00648377
1.085 0.0396497 0.00663883
1.086 0.0401276 0.00679555
1.087 0.0406057 0.00695394
1.088 0.0410838 0.00711398
1.089 0.0415622 0.00727569
1.09 0.0420406 0.00743907
1.091 0.0425192 0.00760413
1.092 0.042998 0.00777085
1.093 0.0434768 0.00793925
1.094 0.0439558 0.00810933
1.095 0.0444349 0.0082811
1.096 0.0449142 0.00845454
1.097 0.0453935 0.00862968
1.098 0.045873 0.0088065
1.099 0.0463526 0.00898501
1.1 0.0468323 0.00916522
1.101 0.0473121 0.00934713
1.102 0.0477921 0.00953073
1.103 0.0482721 0.00971604
1.104 0.0487522 0.00990305
1.105 0.0492325 0.0100918
1.106 0.0497128 0.0102822
1.107 0.0501933 0.0104743
1.108 0.0506739 0.0106682
1.109 0.0511545 0.0108638
1.11 0.0516352 0.0110611
1.111 0.0521161 0.0112601
1.112 0.052597 0.0114608
1.113 0.053078 0.0116633
1.114 0.0535591 0.0118675
1.115 0.0540403 0.0120734
1.116 0.0545215 0.0122811
1.117 0.0550029 0.0124905
1.118 0.0554843 0.0127016
1.119 0.0559658 0.0129145
1.12 0.0564474 0.0131292
1.121 0.056929 0.0133455
1.122 0.0574107 0.0135637
1.123 0.0578925 0.0137835
1.124 0.0583743 0.0140052
1.125 0.0588562 0.0142286
1.126 0.0593382 0.0144537
1.127 0.0598202 0.0146807
1.128 0.0603023 0.0149093
1.129 0.0607844 0.0151398
1.13 0.0612666 0.015372
1.131 0.0617488 0.015606
1.132 0.0622311 0.0158418
1.133 0.0627134 0.0160794
1.134 0.0631958 0.0163187
1.135 0.0636782 0.0165598
1.136 0.0641607 0.0168027
1.137 0.0646432 0.0170474
1.138 0.0651257 0.0172939
1.139 0.0656083 0.0175421
1.14 0.0660908 0.0177922
1.141 0.0665735 0.0180441
1.142 0.0670561 0.0182977
1.143 0.0675388 0.0185532
1.144 0.0680215 0.0188105
1.145 0.0685042 0.0190696
1.146 0.0689869 0.0193305
1.147 0.0694696 0.0195932
1.148 0.0699524 0.0198577
1.149 0.0704352 0.020124
1.15 0.070918 0.0203922
1.151 0.0714007 0.0206622
1.152 0.0718835 0.020934
1.153 0.0723663 0.0212076
1.154 0.0728491 0.0214831
1.155 0.0733319 0.0217604
1.156 0.0738147 0.0220395
1.157 0.0742975 0.0223205
1.158 0.0747803 0.0226033
1.159 0.075263 0.022888
1.16 0.0757458 0.0231745
1.161 0.0762285 0.0234628
1.162 0.0767112 0.023753
1.163 0.0771939 0.024045
1.164 0.0776766 0.0243389
1.165 0.0781593 0.0246347
1.166 0.0786419 0.0249323
1.167 0.0791245 0.0252318
1.168 0.0796071 0.0255332
1.169 0.0800896 0.0258364
1.17 0.0805721 0.0261415
1.171 0.0810546 0.0264484
1.172 0.081537 0.0267572
1.173 0.0820194 0.0270679
1.174 0.0825018 0.0273805
1.175 0.0829841 0.027695
1.176 0.0834663 0.0280113
1.177 0.0839485 0.0283296
1.178 0.0844307 0.0286497
1.179 0.0849128 0.0289717
1.18 0.0853948 0.0292956
1.181 0.0858768 0.0296214
1.182 0.0863587 0.0299491
1.183 0.0868406 0.0302787
1.184 0.0873224 0.0306102
1.185 0.0878041 0.0309436
1.186 0.0882857 0.031279
1.187 0.0887673 0.0316162
1.188 0.0892488 0.0319553
1.189 0.0897303 0.0322964
1.19 0.0902116 0.0326394
1.191 0.0906929 0.0329843
1.192 0.0911741 0.0333311
1.193 0.0916552 0.0336798
1.194 0.0921362 0.0340305
1.195 0.0926171 0.0343831
1.196 0.0930979 0.0347376
1.197 0.0935787 0.0350941
1.198 0.0940593 0.0354525
1.199 0.0945398 0.0358128
1.2 0.0950203 0.0361751
1.201 0.0955006 0.0365393
1.202 0.0959808 0.0369055
1.203 0.0964609 0.0372736
1.204 0.0969409 0.0376436
1.205 0.0974208 0.0380157
1.206 0.0979006 0.0383896
1.207 0.0983803 0.0387656
1.208 0.0988598 0.0391435
1.209 0.0993392 0.0395233
1.21 0.0998185 0.0399051
1.211 0.100298 0.0402889
1.212 0.100777 0.0406747
1.213 0.101256 0.0410624
1.214 0.101734 0.0414521
1.215 0.102213 0.0418438
1.216 0.102692 0.0422374
1.217 0.10317 0.042633
1.218 0.103648 0.0430307
1.219 0.104126 0.0434303
1.22 0.104604 0.0438319
1.221 0.105082 0.0442354
1.222 0.105559 0.044641
1.223 0.106037 0.0450486
1.224 0.106514 0.0454581
1.225 0.106991 0.0458697
1.226 0.107468 0.0462833
1.227 0.107945 0.0466988
1.228 0.108422 0.0471164
1.229 0.108898 0.047536
1.23 0.109375 0.0479576
1.231 0.109851 0.0483812
1.232 0.110327 0.0488068
1.233 0.110803 0.0492344
1.234 0.111278 0.0496641
1.235 0.111754 0.0500958
1.236 0.112229 0.0505295
1.237 0.112704 0.0509652
1.238 0.113179 0.051403
1.239 0.113653 0.0518428
1.24 0.114128 0.0522846
1.241 0.114602 0.0527284
1.242 0.115076 0.0531743
1.243 0.11555 0.0536223
1.244 0.116024 0.0540723
1.245 0.116497 0.0545243
1.246 0.11697 0.0549784
1.247 0.117443 0.0554345
1.248 0.117916 0.0558926
1.249 0.118389 0.0563529
1.25 0.118861 0.0568152
1.251 0.119334 0.0572795
1.252 0.119805 0.0577459
1.253 0.120277 0.0582144
1.254 0.120749 0.0586849
1.255 0.12122 0.0591575
1.256 0.121691 0.0596321
1.257 0.122162 0.0601089
1.258 0.122632 0.0605877
1.259 0.123103 0.0610686
1.26 0.123573 0.0615515
1.261 0.124043 0.0620366
1.262 0.124512 0.0625237
1.263 0.124982 0.0630129
1.264 0.125451 0.0635042
1.265 0.125919 0.0639976
1.266 0.126388 0.064493
1.267 0.126856 0.0649906
1.268 0.127324 0.0654903
1.269 0.127792 0.065992
1.27 0.12826 0.0664959
1.271 0.128727 0.0670018
1.272 0.129194 0.0675099
1.273 0.129661 0.0680201
1.274 0.130127 0.0685324
1.275 0.130593 0.0690467
1.276 0.131059 0.0695633
1.277 0.131525 0.0700819
1.278 0.13199 0.0706026
1.279 0.132455 0.0711255
1.28 0.13292 0.0716504
1.281 0.133384 0.0721775
1.282 0.133848 0.0727068
1.283 0.134312 0.0732381
1.284 0.134776 0.0737716
1.285 0.135239 0.0743072
1.286 0.135702 0.074845
1.287 0.136165 0.0753849
1.288 0.136627 0.0759269
1.289 0.137089 0.076471
1.29 0.137551 0.0770174
1.291 0.138012 0.0775658
1.292 0.138473 0.0781164
1.293 0.138934 0.0786692
1.294 0.139394 0.0792241
1.295 0.139854 0.0797811
1.296 0.140314 0.0803403
1.297 0.140773 0.0809017
1.298 0.141232 0.0814652
1.299 0.141691 0.0820309
1.3 0.14215 0.0825987
1.301 0.142608 0.0831688
1.302 0.143065 0.083741
1.303 0.143523 0.0843153
1.304 0.14398 0.0848918
1.305 0.144436 0.0854705
1.306 0.144893 0.0860514
1.307 0.145349 0.0866345
1.308 0.145804 0.0872197
1.309 0.146259 0.0878071
1.31 0.146714 0.0883967
1.311 0.147169 0.0889885
1.312 0.147623 0.0895825
1.313 0.148077 0.0901787
1.314 0.14853 0.090777
1.315 0.148983 0.0913776
1.316 0.149436 0.0919803
1.317 0.149888 0.0925853
1.318 0.15034 0.0931924
1.319 0.150791 0.0938018
1.32 0.151242 0.0944134
1.321 0.151693 0.0950271
1.322 0.152143 0.0956431
1.323 0.152593 0.0962613
1.324 0.153043 0.0968817
1.325 0.153492 0.0975043
1.326 0.15394 0.0981292
1.327 0.154389 0.0987562
1.328 0.154837 0.0993855
1.329 0.155284 0.100017
1.33 0.155731 0.100651
1.331 0.156178 0.101287
1.332 0.156624 0.101925
1.333 0.15707 0.102565
1.334 0.157515 0.103208
1.335 0.15796 0.103853
1.336 0.158404 0.1045
1.337 0.158848 0.105149
1.338 0.159292 0.105801
1.339 0.159735 0.106455
1.34 0.160178 0.107111
1.341 0.16062 0.107769
1.342 0.161062 0.10843
1.343 0.161503 0.109092
1.344 0.161944 0.109758
1.345 0.162385 0.110425
1.346 0.162825 0.111094
1.347 0.163264 0.111766
1.348 0.163704 0.11244
1.349 0.164142 0.113117
1.35 0.16458 0.113795
1.351 0.165018 0.114476
1.352 0.165455 0.11516
1.353 0.165892 0.115845
1.354 0.166328 0.116533
1.355 0.166764 0.117223
1.356 0.167199 0.117915
1.357 0.167634 0.118609
1.358 0.168069 0.119306
1.359 0.168503 0.120005
1.36 0.168936 0.120707
1.361 0.169369 0.12141
1.362 0.169801 0.122116
1.363 0.170233 0.122825
1.364 0.170664 0.123535
1.365 0.171095 0.124248
1.366 0.171526 0.124963
1.367 0.171955 0.125681
1.368 0.172385 0.1264
1.369 0.172814 0.127122
1.37 0.173242 0.127847
1.371 0.17367 0.128573
1.372 0.174097 0.129302
1.373 0.174524 0.130034
1.374 0.17495 0.130767
1.375 0.175375 0.131503
1.376 0.175801 0.132241
1.377 0.176225 0.132982
1.378 0.176649 0.133724
1.379 0.177073 0.13447
1.38 0.177496 0.135217
1.381 0.177918 0.135967
1.382 0.17834 0.136719
1.383 0.178761 0.137473
1.384 0.179182 0.13823
1.385 0.179602 0.138989
1.386 0.180022 0.139751
1.387 0.180441 0.140514
1.388 0.180859 0.14128
1.389 0.181277 0.142049
1.39 0.181695 0.14282
1.391 0.182112 0.143593
1.392 0.182528 0.144368
1.393 0.182943 0.145146
1.394 0.183358 0.145926
1.395 0.183773 0.146709
1.396 0.184187 0.147493
1.397 0.1846 0.148281
1.398 0.185013 0.14907
1.399 0.185425 0.149862
1.4 0.185836 0.150656
1.401 0.186247 0.151453
1.402 0.186658 0.152252
1.403 0.187067 0.153053
1.404 0.187476 0.153857
1.405 0.187885 0.154663
1.406 0.188293 0.155471
1.407 0.1887 0.156282
1.408 0.189106 0.157095
1.409 0.189512 0.157911
1.41 0.189918 0.158729
1.411 0.190323 0.159549
1.412 0.190727 0.160372
1.413 0.19113 0.161197
1.414 0.191533 0.162024
1.415 0.191935 0.162854
1.416 0.192337 0.163686
1.417 0.192738 0.164521
1.418 0.193138 0.165358
1.419 0.193538 0.166197
1.42 0.193937 0.167039
1.421 0.194335 0.167883
1.422 0.194732 0.168729
1.423 0.195129 0.169578
1.424 0.195526 0.17043
1.425 0.195921 0.171283
1.426 0.196316 0.17214
1.427 0.196711 0.172998
1.428 0.197104 0.173859
1.429 0.197497 0.174722
1.43 0.19789 0.175588
1.431 0.198281 0.176456
1.432 0.198672 0.177327
1.433 0.199062 0.1782
1.434 0.199452 0.179075
1.435 0.199841 0.179953
1.436 0.200229 0.180833
1.437 0.200617 0.181716
1.438 0.201003 0.182601
1.439 0.201389 0.183489
1.44 0.201775 0.184379
1.441 0.202159 0.185271
1.442 0.202543 0.186166
1.443 0.202926 0.187063
1.444 0.203309 0.187962
1.445 0.203691 0.188865
1.446 0.204072 0.189769
1.447 0.204452 0.190676
1.448 0.204832 0.191585
1.449 0.205211 0.192497
1.45 0.205589 0.193411
1.451 0.205966 0.194328
1.452 0.206343 0.195247
1.453 0.206719 0.196169
1.454 0.207094 0.197093
1.455 0.207468 0.198019
1.456 0.207842 0.198948
1.457 0.208215 0.19988
1.458 0.208587 0.200813
1.459 0.208958 0.20175
1.46 0.209329 0.202689
1.461 0.209699 0.20363
1.462 0.210068 0.204573
1.463 0.210436 0.205519
1.464 0.210804 0.206468
1.465 0.211171 0.207419
1.466 0.211537 0.208373
1.467 0.211902 0.209329
1.468 0.212266 0.210287
1.469 0.21263 0.211248
1.47 0.212993 0.212211
1.471 0.213355 0.213177
1.472 0.213716 0.214145
1.473 0.214077 0.215116
1.474 0.214436 0.21609
1.475 0.214795 0.217065
1.476 0.215153 0.218044
1.477 0.215511 0.219024
1.478 0.215867 0.220007
1.479 0.216223 0.220993
1.48 0.216577 0.221981
1.481 0.216931 0.222972
1.482 0.217285 0.223965
1.483 0.217637 0.224961
1.484 0.217988 0.225959
1.485 0.218339 0.226959
1.486 0.218689 0.227963
1.487 0.219038 0.228968
1.488 0.219386 0.229976
1.489 0.219733 0.230987
1.49 0.22008 0.232
1.491 0.220426 0.233016
1.492 0.22077 0.234034
1.493 0.221114 0.235054
1.494 0.221457 0.236077
1.495 0.2218 0.237103
1.496 0.222141 0.238131
1.497 0.222481 0.239162
1.498 0.222821 0.240195
1.499 0.22316 0.241231
1.5 0.223498 0.242269
1.501 0.223835 0.24331
1.502 0.224171 0.244353
1.503 0.224506 0.245398
1.504 0.22484 0.246447
1.505 0.225174 0.247497
1.506 0.225506 0.248551
1.507 0.225838 0.249607
1.508 0.226169 0.250665
1.509 0.226499 0.251726
1.51 0.226828 0.252789
1.511 0.227156 0.253855
1.512 0.227483 0.254924
1.513 0.227809 0.255994
1.514 0.228134 0.257068
1.515 0.228459 0.258144
1.516 0.228782 0.259223
1.517 0.229105 0.260304
1.518 0.229426 0.261387
1.519 0.229747 0.262474
1.52 0.230067 0.263562
1.521 0.230386 0.264654
1.522 0.230704 0.265747
1.523 0.231021 0.266844
1.524 0.231337 0.267943
1.525 0.231652 0.269044
1.526 0.231966 0.270148
1.527 0.232279 0.271255
1.528 0.232591 0.272364
1.529 0.232903 0.273475
1.53 0.233213 0.27459
1.531 0.233522 0.275706
1.532 0.233831 0.276826
1.533 0.234138 0.277948
1.534 0.234445 0.279072
1.535 0.23475 0.280199
1.536 0.235055 0.281328
1.537 0.235358 0.282461
1.538 0.235661 0.283595
1.539 0.235962 0.284732
1.54 0.236263 0.285872
1.541 0.236562 0.287015
1.542 0.236861 0.28816
1.543 0.237159 0.289307
1.544 0.237455 0.290457
1.545 0.237751 0.29161
1.546 0.238045 0.292765
1.547 0.238339 0.293923
1.548 0.238631 0.295083
1.549 0.238923 0.296246
1.55 0.239213 0.297412
1.551 0.239503 0.29858
1.552 0.239791 0.29975
1.553 0.240079 0.300924
1.554 0.240365 0.302099
1.555 0.240651 0.303278
1.556 0.240935 0.304459
1.557 0.241218 0.305642
1.558 0.241501 0.306829
1.559 0.241782 0.308017
1.56 0.242062 0.309209
1.561 0.242341 0.310403
1.562 0.242619 0.311599
1.563 0.242896 0.312798
1.564 0.243172 0.314
1.565 0.243447 0.315204
1.566 0.243721 0.316411
1.567 0.243994 0.31762
1.568 0.244266 0.318833
1.569 0.244536 0.320047
1.57 0.244806 0.321265
1.571 0.245074 0.322484
1.572 0.245342 0.323707
1.573 0.245608 0.324932
1.574 0.245873 0.32616
1.575 0.246137 0.32739
1.576 0.2464 0.328623
1.577 0.246662 0.329858
1.578 0.246923 0.331096
1.579 0.247183 0.332337
1.58 0.247442 0.33358
1.581 0.247699 0.334826
1.582 0.247956 0.336075
1.583 0.248211 0.337326
1.584 0.248465 0.33858
1.585 0.248718 0.339836
1.586 0.24897 0.341095
1.587 0.249221 0.342357
1.588 0.249471 0.343621
1.589 0.249719 0.344888
1.59 0.249967 0.346157
1.591 0.250213 0.347429
1.592 0.250458 0.348704
1.593 0.250702 0.349981
1.594 0.250945 0.351261
1.595 0.251187 0.352544
1.596 0.251427 0.353829
1.597 0.251667 0.355117
1.598 0.251905 0.356407
1.599 0.252142 0.3577
1.6 0.252378 0.358996
1.601 0.252613 0.360294
1.602 0.252847 0.361595
1.603 0.253079 0.362899
1.604 0.25331 0.364205
1.605 0.25354 0.365514
1.606 0.253769 0.366825
1.607 0.253997 0.36814
1.608 0.254223 0.369456
1.609 0.254449 0.370776
1.61 0.254673 0.372098
1.611 0.254896 0.373422
1.612 0.255118 0.37475
1.613 0.255338 0.37608
1.614 0.255558 0.377412
1.615 0.255776 0.378747
1.616 0.255993 0.380085
1.617 0.256208 0.381426
1.618 0.256423 0.382769
1.619 0.256636 0.384115
1.62 0.256848 0.385463
1.621 0.257059 0.386814
1.622 0.257269 0.388168
1.623 0.257477 0.389524
1.624 0.257684 0.390883
1.625 0.25789 0.392245
1.626 0.258095 0.393609
1.627 0.258298 0.394976
1.628 0.2585 0.396346
1.629 0.258701 0.397718
1.63 0.258901 0.399093
1.631 0.259099 0.400471
1.632 0.259296 0.401851
1.633 0.259492 0.403234
1.634 0.259687 0.404619
1.635 0.25988 0.406008
1.636 0.260072 0.407398
1.637 0.260263 0.408792
1.638 0.260452 0.410188
1.639 0.260641 0.411587
1.64 0.260828 0.412989
1.641 0.261013 0.414393
1.642 0.261198 0.4158
1.643 0.261381 0.417209
1.644 0.261563 0.418621
1.645 0.261743 0.420036
1.646 0.261922 0.421453
1.647 0.2621 0.422874
1.648 0.262277 0.424296
1.649 0.262452 0.425722
1.65 0.262626 0.42715
1.651 0.262799 0.428581
1.652 0.26297 0.430014
1.653 0.26314 0.43145
1.654 0.263309 0.432889
1.655 0.263476 0.434331
1.656 0.263642 0.435775
1.657 0.263807 0.437222
1.658 0.26397 0.438671
1.659 0.264132 0.440123
1.66 0.264293 0.441578
1.661 0.264452 0.443036
1.662 0.26461 0.444496
1.663 0.264767 0.445959
1.664 0.264922 0.447424
1.665 0.265076 0.448893
1.666 0.265229 0.450363
1.667 0.26538 0.451837
1.668 0.26553 0.453313
1.669 0.265678 0.454792
1.67 0.265826 0.456274
1.671 0.265971 0.457758
1.672 0.266116 0.459245
1.673 0.266259 0.460735
1.674 0.2664 0.462227
1.675 0.26654 0.463722
1.676 0.266679 0.46522
1.677 0.266817 0.46672
1.678 0.266953 0.468223
1.679 0.267087 0.469729
1.68 0.267221 0.471237
1.681 0.267352 0.472748
1.682 0.267483 0.474262
1.683 0.267612 0.475779
1.684 0.267739 0.477298
1.685 0.267865 0.47882
1.686 0.26799 0.480344
1.687 0.268114 0.481871
1.688 0.268235 0.483401
1.689 0.268356 0.484934
1.69 0.268475 0.486469
1.691 0.268593 0.488007
1.692 0.268709 0.489548
1.693 0.268823 0.491091
1.694 0.268937 0.492637
1.695 0.269048 0.494186
1.696 0.269159 0.495738
1.697 0.269268 0.497292
1.698 0.269375 0.498848
1.699 0.269481 0.500408
1.7 0.269586 0.50197
1.701 0.269689 0.503535
1.702 0.26979 0.505103
1.703 0.269891 0.506673
1.704 0.269989 0.508246
1.705 0.270086 0.509822
1.706 0.270182 0.5114
1.707 0.270276 0.512981
1.708 0.270369 0.514565
1.709 0.27046 0.516151
1.71 0.27055 0.51774
1.711 0.270638 0.519332
1.712 0.270725 0.520927
1.713 0.27081 0.522524
1.714 0.270894 0.524124
1.715 0.270976 0.525727
1.716 0.271057 0.527332
1.717 0.271136 0.52894
1.718 0.271214 0.530551
1.719 0.27129 0.532164
1.72 0.271365 0.53378
1.721 0.271438 0.535399
1.722 0.271509 0.537021
1.723 0.27158 0.538645
1.724 0.271648 0.540272
1.725 0.271715 0.541902
1.726 0.27178 0.543534
1.727 0.271844 0.545169
1.728 0.271907 0.546807
1.729 0.271968 0.548447
1.73 0.272027 0.55009
1.731 0.272084 0.551736
1.732 0.272141 0.553385
1.733 0.272195 0.555036
1.734 0.272248 0.55669
1.735 0.2723 0.558347
1.736 0.27235 0.560006
1.737 0.272398 0.561668
1.738 0.272445 0.563333
1.739 0.27249 0.565
1.74 0.272533 0.56667
1.741 0.272575 0.568343
1.742 0.272616 0.570019
1.743 0.272654 0.571697
1.744 0.272691 0.573378
1.745 0.272727 0.575062
1.746 0.272761 0.576748
1.747 0.272793 0.578437
1.748 0.272824 0.580129
1.749 0.272853 0.581824
1.75 0.272881 0.583521
1.751 0.272907 0.585221
1.752 0.272931 0.586923
1.753 0.272954 0.588629
1.754 0.272975 0.590337
1.755 0.272994 0.592047
1.756 0.273012 0.593761
1.757 0.273028 0.595477
1.758 0.273043 0.597196
1.759 0.273056 0.598918
1.76 0.273067 0.600642
1.761 0.273076 0.602369
1.762 0.273084 0.604098
1.763 0.273091 0.605831
1.764 0.273095 0.607566
1.765 0.273098 0.609304
1.766 0.2731 0.611044
1.767 0.273099 0.612787
1.768 0.273097 0.614533
1.769 0.273093 0.616282
1.77 0.273088 0.618033
1.771 0.273081 0.619787
1.772 0.273072 0.621544
1.773 0.273062 0.623304
1.774 0.27305 0.625066
1.775 0.273036 0.626831
1.776 0.27302 0.628598
1.777 0.273003 0.630368
1.778 0.272984 0.632141
1.779 0.272964 0.633917
1.78 0.272941 0.635695
1.781 0.272917 0.637477
1.782 0.272892 0.63926
1.783 0.272864 0.641047
1.784 0.272835 0.642836
1.785 0.272804 0.644628
1.786 0.272772 0.646423
1.787 0.272737 0.64822
1.788 0.272701 0.65002
1.789 0.272663 0.651823
1.79 0.272624 0.653628
1.791 0.272583 0.655436
1.792 0.27254 0.657247
1.793 0.272495 0.659061
1.794 0.272448 0.660877
1.795 0.2724 0.662696
1.796 0.27235 0.664517
1.797 0.272298 0.666342
1.798 0.272245 0.668169
1.799 0.272189 0.669999
1.8 0.272132 0.671831
1.801 0.272074 0.673666
1.802 0.272013 0.675504
1.803 0.271951 0.677345
1.804 0.271886 0.679188
1.805 0.271821 0.681034
1.806 0.271753 0.682883
1.807 0.271683 0.684734
1.808 0.271612 0.686588
1.809 0.271539 0.688445
1.81 0.271464 0.690304
1.811 0.271387 0.692166
1.812 0.271309 0.694031
1.813 0.271229 0.695899
1.814 0.271146 0.697769
1.815 0.271062 0.699642
1.816 0.270977 0.701518
1.817 0.270889 0.703396
1.818 0.2708 0.705277
1.819 0.270709 0.707161
1.82 0.270616 0.709047
1.821 0.270521 0.710937
1.822 0.270424 0.712828
1.823 0.270326 0.714723
1.824 0.270225 0.71662
1.825 0.270123 0.71852
1.826 0.270019 0.720423
1.827 0.269913 0.722328
1.828 0.269805 0.724236
1.829 0.269696 0.726147
1.83 0.269584 0.72806
1.831 0.269471 0.729976
1.832 0.269356 0.731895
1.833 0.269239 0.733817
1.834 0.26912 0.735741
1.835 0.268999 0.737668
1.836 0.268876 0.739597
1.837 0.268752 0.74153
1.838 0.268625 0.743464
1.839 0.268497 0.745402
1.84 0.268367 0.747342
1.841 0.268235 0.749285
1.842 0.268101 0.751231
1.843 0.267965 0.75318
1.844 0.267827 0.755131
1.845 0.267687 0.757084
1.846 0.267546 0.759041
1.847 0.267402 0.761
1.848 0.267257 0.762962
1.849 0.267109 0.764926
1.85 0.26696 0.766893
1.851 0.266809 0.768863
1.852 0.266656 0.770836
1.853 0.266501 0.772811
1.854 0.266344 0.774789
1.855 0.266185 0.77677
1.856 0.266024 0.778753
1.857 0.265861 0.780739
1.858 0.265696 0.782727
1.859 0.26553 0.784719
1.86 0.265361 0.786713
1.861 0.265191 0.788709
1.862 0.265018 0.790709
1.863 0.264844 0.792711
1.864 0.264667 0.794716
1.865 0.264489 0.796723
1.866 0.264308 0.798733
1.867 0.264126 0.800746
1.868 0.263942 0.802761
1.869 0.263755 0.804779
1.87 0.263567 0.8068
1.871 0.263377 0.808823
1.872 0.263185 0.81085
1.873 0.26299 0.812878
1.874 0.262794 0.81491
1.875 0.262596 0.816944
1.876 0.262396 0.818981
1.877 0.262194 0.82102
1.878 0.261989 0.823062
1.879 0.261783 0.825107
1.88 0.261575 0.827154
1.881 0.261365 0.829205
1.882 0.261153 0.831257
1.883 0.260938 0.833313
1.884 0.260722 0.835371
1.885 0.260504 0.837432
1.886 0.260283 0.839495
1.887 0.260061 0.841561
1.888 0.259837 0.84363
1.889 0.25961 0.845701
1.89 0.259382 0.847775
1.891 0.259151 0.849852
1.892 0.258918 0.851931
1.893 0.258684 0.854013
1.894 0.258447 0.856098
1.895 0.258208 0.858185
1.896 0.257968 0.860275
1.897 0.257725 0.862368
1.898 0.25748 0.864463
1.899 0.257233 0.866561
1.9 0.256984 0.868662
1.901 0.256733 0.870765
1.902 0.25648 0.872871
1.903 0.256224 0.87498
1.904 0.255967 0.877091
1.905 0.255708 0.879205
1.906 0.255446 0.881321
1.907 0.255182 0.88344
1.908 0.254917 0.885562
1.909 0.254649 0.887686
1.91 0.254379 0.889813
1.911 0.254107 0.891943
1.912 0.253833 0.894076
1.913 0.253557 0.89621
1.914 0.253278 0.898348
1.915 0.252998 0.900488
1.916 0.252715 0.902631
1.917 0.252431 0.904777
1.918 0.252144 0.906925
1.919 0.251855 0.909076
1.92 0.251564 0.911229
1.921 0.251271 0.913385
1.922 0.250975 0.915544
1.923 0.250678 0.917705
1.924 0.250378 0.919869
1.925 0.250076 0.922036
1.926 0.249773 0.924205
1.927 0.249466 0.926377
1.928 0.249158 0.928551
1.929 0.248848 0.930728
1.93 0.248535 0.932908
1.931 0.248221 0.93509
1.932 0.247904 0.937275
1.933 0.247585 0.939463
1.934 0.247264 0.941653
1.935 0.24694 0.943845
1.936 0.246615 0.946041
1.937 0.246287 0.948239
1.938 0.245957 0.950439
1.939 0.245625 0.952643
1.94 0.245291 0.954848
1.941 0.244954 0.957057
1.942 0.244616 0.959268
1.943 0.244275 0.961482
1.944 0.243932 0.963698
1.945 0.243586 0.965917
1.946 0.243239 0.968138
1.947 0.242889 0.970362
1.948 0.242537 0.972589
1.949 0.242183 0.974818
1.95 0.241827 0.97705
1.951 0.241468 0.979285
1.952 0.241107 0.981522
1.953 0.240744 0.983761
1.954 0.240379 0.986004
1.955 0.240012 0.988249
1.956 0.239642 0.990496
1.957 0.23927 0.992746
1.958 0.238896 0.994999
1.959 0.238519 0.997254
1.96 0.238141 0.999512
1.961 0.23776 1.00177
1.962 0.237377 1.00404
1.963 0.236991 1.0063
1.964 0.236603 1.00857
1.965 0.236213 1.01084
1.966 0.235821 1.01311
1.967 0.235427 1.01539
1.968 0.23503 1.01767
1.969 0.234631 1.01995
1.97 0.23423 1.02223
1.971 0.233826 1.02452
1.972 0.23342 1.02681
1.973 0.233012 1.0291
1.974 0.232601 1.03139
1.975 0.232189 1.03369
1.976 0.231774 1.03599
1.977 0.231356 1.03829
1.978 0.230937 1.04059
1.979 0.230515 1.0429
1.98 0.23009 1.04521
1.981 0.229664 1.04752
1.982 0.229235 1.04984
1.983 0.228804 1.05215
1.984 0.22837 1.05447
1.985 0.227934 1.05679
1.986 0.227496 1.05912
1.987 0.227055 1.06145
1.988 0.226613 1.06378
1.989 0.226167 1.06611
1.99 0.22572 1.06844
1.991 0.22527 1.07078
1.992 0.224818 1.07312
1.993 0.224363 1.07546
1.994 0.223907 1.07781
1.995 0.223447 1.08015
1.996 0.222986 1.0825
1.997 0.222522 1.08486
1.998 0.222055 1.08721
1.999 0.221587 1.08957
2 0.221116 1.09193
2.001 0.220642 1.09429
2.002 0.220167 1.09666
2.003 0.219688 1.09903
2.004 0.219208 1.1014
2.005 0.218725 1.10377
2.006 0.21824 1.10614
2.007 0.217752 1.10852
2.008 0.217262 1.1109
2.009 0.21677 1.11328
2.01 0.216275 1.11567
2.011 0.215777 1.11806
2.012 0.215278 1.12045
2.013 0.214776 1.12284
2.014 0.214271 1.12524
2.015 0.213764 1.12764
2.016 0.213255 1.13004
2.017 0.212743 1.13244
2.018 0.212229 1.13484
2.019 0.211713 1.13725
2.02 0.211194 1.13966
2.021 0.210673 1.14208
2.022 0.210149 1.14449
2.023 0.209622 1.14691
2.024 0.209094 1.14933
2.025 0.208563 1.15175
2.026 0.208029 1.15418
2.027 0.207493 1.15661
2.028 0.206955 1.15904
2.029 0.206414 1.16147
2.03 0.20587 1.1639
2.031 0.205325 1.16634
2.032 0.204776 1.16878
2.033 0.204226 1.17122
2.034 0.203673 1.17367
2.035 0.203117 1.17612
2.036 0.202559 1.17857
2.037 0.201998 1.18102
2.038 0.201435 1.18348
2.039 0.20087 1.18593
2.04 0.200302 1.18839
2.041 0.199731 1.19086
2.042 0.199158 1.19332
2.043 0.198583 1.19579
2.044 0.198005 1.19826
2.045 0.197424 1.20073
2.046 0.196841 1.20321
2.047 0.196256 1.20568
2.048 0.195668 1.20816
2.049 0.195077 1.21064
2.05 0.194484 1.21313
2.051 0.193889 1.21562
2.052 0.193291 1.21811
2.053 0.19269 1.2206
2.054 0.192087 1.22309
2.055 0.191482 1.22559
2.056 0.190874 1.22809
2.057 0.190263 1.23059
2.058 0.18965 1.23309
2.059 0.189034 1.2356
2.06 0.188416 1.23811
2.061 0.187795 1.24062
2.062 0.187172 1.24313
2.063 0.186546 1.24565
2.064 0.185918 1.24817
2.065 0.185287 1.25069
2.066 0.184653 1.25321
2.067 0.184017 1.25574
2.068 0.183378 1.25827
2.069 0.182737 1.2608
2.07 0.182094 1.26333
2.071 0.181447 1.26587
2.072 0.180798 1.2684
2.073 0.180147 1.27094
2.074 0.179493 1.27349
2.075 0.178836 1.27603
2.076 0.178177 1.27858
2.077 0.177515 1.28113
2.078 0.176851 1.28368
2.079 0.176184 1.28624
2.08 0.175514 1.28879
2.081 0.174842 1.29135
2.082 0.174168 1.29391
2.083 0.17349 1.29648
2.084 0.17281 1.29905
2.085 0.172128 1.30161
2.086 0.171443 1.30419
2.087 0.170755 1.30676
2.088 0.170064 1.30934
2.089 0.169371 1.31191
2.09 0.168676 1.31449
2.091 0.167977 1.31708
2.092 0.167277 1.31966
2.093 0.166573 1.32225
2.094 0.165867 1.32484
2.095 0.165158 1.32743
2.096 0.164447 1.33003
2.097 0.163733 1.33263
2.098 0.163016 1.33522
2.099 0.162297 1.33783
2.1 0.161575 1.34043
2.101 0.16085 1.34304
2.102 0.160123 1.34565
2.103 0.159393 1.34826
2.104 0.15866 1.35087
2.105 0.157925 1.35349
2.106 0.157187 1.35611
2.107 0.156446 1.35873
2.108 0.155703 1.36135
2.109 0.154957 1.36397
2.11 0.154209 1.3666
2.111 0.153457 1.36923
2.112 0.152703 1.37186
2.113 0.151947 1.3745
2.114 0.151187 1.37713
2.115 0.150425 1.37977
2.116 0.149661 1.38241
2.117 0.148893 1.38506
2.118 0.148123 1.3877
2.119 0.14735 1.39035
2.12 0.146575 1.393
2.121 0.145797 1.39566
2.122 0.145016 1.39831
2.123 0.144232 1.40097
2.124 0.143446 1.40363
2.125 0.142657 1.40629
2.126 0.141865 1.40895
2.127 0.14107 1.41162
2.128 0.140273 1.41429
2.129 0.139473 1.41696
2.13 0.138671 1.41963
2.131 0.137865 1.42231
2.132 0.137057 1.42499
2.133 0.136246 1.42767
2.134 0.135433 1.43035
2.135 0.134616 1.43303
2.136 0.133797 1.43572
2.137 0.132975 1.43841
2.138 0.132151 1.4411
2.139 0.131323 1.4438
2.14 0.130493 1.44649
2.141 0.12966 1.44919
2.142 0.128825 1.45189
2.143 0.127986 1.45459
2.144 0.127145 1.4573
2.145 0.126301 1.46
2.146 0.125455 1.46271
2.147 0.124605 1.46542
2.148 0.123753 1.46814
2.149 0.122898 1.47085
2.15 0.12204 1.47357
2.151 0.121179 1.47629
2.152 0.120316 1.47902
2.153 0.11945 1.48174
2.154 0.118581 1.48447
2.155 0.117709 1.4872
2.156 0.116835 1.48993
2.157 0.115957 1.49266
2.158 0.115077 1.4954
2.159 0.114194 1.49813
2.16 0.113308 1.50087
2.161 0.11242 1.50362
2.162 0.111528 1.50636
2.163 0.110634 1.50911
2.164 0.109737 1.51186
2.165 0.108837 1.51461
2.166 0.107935 1.51736
2.167 0.107029 1.52012
2.168 0.106121 1.52287
2.169 0.10521 1.52563
2.17 0.104296 1.5284
2.171 0.103379 1.53116
2.172 0.102459 1.53393
2.173 0.101537 1.53669
2.174 0.100611 1.53947
2.175 0.0996833 1.54224
2.176 0.0987523 1.54501
2.177 0.0978184 1.54779
2.178 0.0968816 1.55057
2.179 0.0959421 1.55335
2.18 0.0949996 1.55613
2.181 0.0940543 1.55892
2.182 0.0931061 1.56171
2.183 0.0921551 1.5645
2.184 0.0912011 1.56729
2.185 0.0902444 1.57008
2.186 0.0892847 1.57288
2.187 0.0883222 1.57568
2.188 0.0873567 1.57848
2.189 0.0863884 1.58128
2.19 0.0854173 1.58408
2.191 0.0844432 1.58689
2.192 0.0834662 1.5897
2.193 0.0824864 1.59251
2.194 0.0815036 1.59532
2.195 0.080518 1.59814
2.196 0.0795295 1.60095
2.197 0.078538 1.60377
2.198 0.0775437 1.60659
2.199 0.0765464 1.60942
2.2 0.0755463 1.61224
2.201 0.0745432 1.61507
2.202 0.0735372 1.6179
2.203 0.0725283 1.62073
2.204 0.0715165 1.62357
2.205 0.0705017 1.6264
2.206 0.0694841 1.62924
2.207 0.0684635 1.63208
2.208 0.06744 1.63492
2.209 0.0664135 1.63776
2.21 0.0653841 1.64061
2.211 0.0643518 1.64346
2.212 0.0633165 1.64631
2.213 0.0622783 1.64916
2.214 0.0612372 1.65201
2.215 0.0601931 1.65487
2.216 0.0591461 1.65773
2.217 0.0580961 1.66059
2.218 0.0570431 1.66345
2.219 0.0559872 1.66631
2.22 0.0549284 1.66918
2.221 0.0538665 1.67205
2.222 0.0528018 1.67492
2.223 0.051734 1.67779
2.224 0.0506633 1.68067
2.225 0.0495896 1.68354
2.226 0.0485129 1.68642
2.227 0.0474333 1.6893
2.228 0.0463507 1.69218
2.229 0.0452651 1.69507
2.23 0.0441765 1.69795
2.231 0.043085 1.70084
2.232 0.0419904 1.70373
2.233 0.0408929 1.70662
2.234 0.0397924 1.70952
2.235 0.0386888 1.71241
2.236 0.0375823 1.71531
2.237 0.0364728 1.71821
2.238 0.0353603 1.72111
2.239 0.0342448 1.72402
2.24 0.0331262 1.72692
2.241 0.0320047 1.72983
2.242 0.0308802 1.73274
2.243 0.0297526 1.73565
2.244 0.028622 1.73856
2.245 0.0274884 1.74148
2.246 0.0263518 1.7444
2.247 0.0252122 1.74732
2.248 0.0240695 1.75024
2.249 0.0229238 1.75316
2.25 0.0217751 1.75608
2.251 0.0206234 1.75901
2.252 0.0194686 1.76194
2.253 0.0183108 1.76487
2.254 0.0171499 1.7678
2.255 0.015986 1.77074
2.256 0.014819 1.77367
2.257 0.0136491 1.77661
2.258 0.012476 1.77955
2.259 0.0112999 1.78249
2.26 0.0101208 1.78544
2.261 0.00893859 1.78838
2.262 0.00775333 1.79133
2.263 0.00656502 1.79428
2.264 0.00537365 1.79723
2.265 0.00417921 1.80019
2.266 0.0029817 1.80314
2.267 0.00178112 1.8061
2.268 0.000577479 1.80906
2.269 0.000629241 1.81202
2.27 0.00183904 1.81498
2.271 0.00305191 1.81794
2.272 0.00426786 1.82091
2.273 0.0054869 1.82388
2.274 0.00670902 1.82685
2.275 0.00793422 1.82982
2.276 0.00916252 1.83279
2.277 0.0103939 1.83577
2.278 0.0116284 1.83874
2.279 0.012866 1.84172
2.28 0.0141066 1.8447
2.281 0.0153504 1.84769
2.282 0.0165973 1.85067
2.283 0.0178473 1.85366
2.284 0.0191004 1.85664
2.285 0.0203566 1.85963
2.286 0.0216159 1.86263
2.287 0.0228783 1.86562
2.288 0.0241438 1.86861
2.289 0.0254125 1.87161
2.29 0.0266843 1.87461
2.291 0.0279592 1.87761
2.292 0.0292372 1.88061
2.293 0.0305183 1.88361
2.294 0.0318026 1.88662
2.295 0.03309 1.88963
2.296 0.0343806 1.89264
2.297 0.0356743 1.89565
2.298 0.0369711 1.89866
2.299 0.038271 1.90167
2.3 0.0395741 1.90469
2.301 0.0408804 1.90771
2.302 0.0421898 1.91073
2.303 0.0435023 1.91375
2.304 0.044818 1.91677
2.305 0.0461368 1.91979
2.306 0.0474588 1.92282
2.307 0.048784 1.92585
2.308 0.0501123 1.92888
2.309 0.0514438 1.93191
2.31 0.0527784 1.93494
2.311 0.0541162 1.93798
2.312 0.0554572 1.94101
2.313 0.0568013 1.94405
2.314 0.0581486 1.94709
2.315 0.0594991 1.95013
2.316 0.0608528 1.95318
2.317 0.0622096 1.95622
2.318 0.0635696 1.95927
2.319 0.0649328 1.96231
2.32 0.0662992 1.96536
2.321 0.0676688 1.96842
2.322 0.0690416 1.97147
2.323 0.0704175 1.97452
2.324 0.0717967 1.97758
2.325 0.073179 1.98064
2.326 0.0745645 1.9837
2.327 0.0759533 1.98676
2.328 0.0773452 1.98982
2.329 0.0787404 1.99288
2.33 0.0801387 1.99595
2.331 0.0815403 1.99902
2.332 0.082945 2.00209
2.333 0.084353 2.00516
2.334 0.0857642 2.00823
2.335 0.0871786 2.0113
2.336 0.0885962 2.01438
2.337 0.090017 2.01746
2.338 0.0914411 2.02053
2.339 0.0928684 2.02362
2.34 0.0942989 2.0267
2.341 0.0957326 2.02978
2.342 0.0971696 2.03287
2.343 0.0986098 2.03595
2.344 0.100053 2.03904
2.345 0.1015 2.04213
2.346 0.10295 2.04522
2.347 0.104403 2.04831
2.348 0.105859 2.05141
2.349 0.107319 2.0545
2.35 0.108782 2.0576
2.351 0.110248 2.0607
2.352 0.111717 2.0638
2.353 0.11319 2.0669
2.354 0.114666 2.07
2.355 0.116145 2.07311
2.356 0.117627 2.07622
2.357 0.119113 2.07932
2.358 0.120602 2.08243
2.359 0.122094 2.08554
2.36 0.12359 2.08866
2.361 0.125088 2.09177
2.362 0.12659 2.09488
2.363 0.128095 2.098
2.364 0.129604 2.10112
2.365 0.131116 2.10424
2.366 0.132631 2.10736
2.367 0.134149 2.11048
2.368 0.135671 2.11361
2.369 0.137196 2.11673
2.37 0.138724 2.11986
2.371 0.140255 2.12299
2.372 0.14179 2.12612
2.373 0.143328 2.12925
2.374 0.14487 2.13238
2.375 0.146414 2.13551
2.376 0.147962 2.13865
2.377 0.149513 2.14179
2.378 0.151068 2.14492
2.379 0.152626 2.14806
2.38 0.154187 2.1512
2.381 0.155751 2.15435
2.382 0.157319 2.15749
2.383 0.15889 2.16064
2.384 0.160464 2.16378
2.385 0.162042 2.16693
2.386 0.163623 2.17008
2.387 0.165207 2.17323
2.388 0.166795 2.17638
2.389 0.168386 2.17954
2.39 0.16998 2.18269
2.391 0.171578 2.18585
2.392 0.173179 2.189
2.393 0.174783 2.19216
2.394 0.176391 2.19532
2.395 0.178001 2.19848
2.396 0.179616 2.20165
2.397 0.181233 2.20481
2.398 0.182854 2.20798
2.399 0.184478 2.21114
2.4 0.186106 2.21431
2.401 0.187737 2.21748
2.402 0.189371 2.22065
2.403 0.191009 2.22382
2.404 0.19265 2.22699
2.405 0.194294 2.23017
2.406 0.195942 2.23334
2.407 0.197593 2.23652
2.408 0.199247 2.2397
2.409 0.200905 2.24288
2.41 0.202566 2.24606
2.411 0.20423 2.24924
2.412 0.205898 2.25242
2.413 0.207569 2.25561
2.414 0.209243 2.25879
2.415 0.210921 2.26198
2.416 0.212602 2.26517
2.417 0.214287 2.26836
2.418 0.215975 2.27155
2.419 0.217666 2.27474
2.42 0.219361 2.27793
2.421 0.221059 2.28113
2.422 0.222761 2.28432
2.423 0.224465 2.28752
2.424 0.226174 2.29072
2.425 0.227885 2.29392
2.426 0.2296 2.29712
2.427 0.231319 2.30032
2.428 0.23304 2.30352
2.429 0.234766 2.30672
2.43 0.236494 2.30993
2.431 0.238226 2.31314
2.432 0.239961 2.31634
2.433 0.2417 2.31955
2.434 0.243442 2.32276
2.435 0.245188 2.32597
2.436 0.246937 2.32918
2.437 0.248689 2.3324
2.438 0.250445 2.33561
2.439 0.252204 2.33882
2.44 0.253966 2.34204
2.441 0.255732 2.34526
2.442 0.257501 2.34848
2.443 0.259274 2.3517
2.444 0.26105 2.35492
2.445 0.26283 2.35814
2.446 0.264613 2.36136
2.447 0.266399 2.36458
2.448 0.268189 2.36781
2.449 0.269982 2.37103
2.45 0.271779 2.37426
2.451 0.273579 2.37749
2.452 0.275383 2.38072
2.453 0.27719 2.38395
2.454 0.279 2.38718
2.455 0.280814 2.39041
2.456 0.282631 2.39365
2.457 0.284452 2.39688
2.458 0.286276 2.40012
2.459 0.288103 2.40335
2.46 0.289934 2.40659
2.461 0.291768 2.40983
2.462 0.293606 2.41307
2.463 0.295448 2.41631
2.464 0.297292 2.41955
2.465 0.29914 2.42279
2.466 0.300992 2.42603
2.467 0.302847 2.42928
2.468 0.304706 2.43252
2.469 0.306568 2.43577
2.47 0.308433 2.43902
2.471 0.310302 2.44226
2.472 0.312174 2.44551
2.473 0.31405 2.44876
2.474 0.315929 2.45201
2.475 0.317812 2.45527
2.476 0.319698 2.45852
2.477 0.321587 2.46177
2.478 0.323481 2.46503
2.479 0.325377 2.46828
2.48 0.327277 2.47154
2.481 0.32918 2.4748
2.482 0.331087 2.47805
2.483 0.332998 2.48131
2.484 0.334912 2.48457
2.485 0.336829 2.48783
2.486 0.33875 2.4911
2.487 0.340674 2.49436
2.488 0.342602 2.49762
2.489 0.344533 2.50089
2.49 0.346468 2.50415
2.491 0.348406 2.50742
2.492 0.350348 2.51069
2.493 0.352293 2.51395
2.494 0.354241 2.51722
2.495 0.356193 2.52049
2.496 0.358149 2.52376
2.497 0.360108 2.52703
2.498 0.362071 2.5303
2.499 0.364037 2.53358
2.5 0.366006 2.53685
2.501 0.367979 2.54012
2.502 0.369956 2.5434
2.503 0.371936 2.54667
2.504 0.37392 2.54995
2.505 0.375907 2.55323
2.506 0.377897 2.55651
2.507 0.379891 2.55979
2.508 0.381889 2.56307
2.509 0.38389 2.56635
2.51 0.385894 2.56963
2.511 0.387902 2.57291
2.512 0.389914 2.57619
2.513 0.391929 2.57947
2.514 0.393948 2.58276
2.515 0.39597 2.58604
2.516 0.397995 2.58933
2.517 0.400025 2.59261
2.518 0.402057 2.5959
2.519 0.404093 2.59919
2.52 0.406133 2.60248
2.521 0.408176 2.60577
2.522 0.410223 2.60906
2.523 0.412273 2.61235
2.524 0.414327 2.61564
2.525 0.416384 2.61893
2.526 0.418445 2.62222
2.527 0.420509 2.62551
2.528 0.422577 2.62881
2.529 0.424648 2.6321
2.53 0.426723 2.6354
2.531 0.428802 2.63869
2.532 0.430884 2.64199
2.533 0.432969 2.64529
2.534 0.435058 2.64858
2.535 0.437151 2.65188
2.536 0.439247 2.65518
2.537 0.441346 2.65848
2.538 0.44345 2.66178
2.539 0.445556 2.66508
2.54 0.447666 2.66838
2.541 0.44978 2.67168
2.542 0.451898 2.67498
2.543 0.454018 2.67828
2.544 0.456143 2.68159
2.545 0.458271 2.68489
2.546 0.460402 2.6882
2.547 0.462537 2.6915
2.548 0.464676 2.69481
2.549 0.466818 2.69811
2.55 0.468964 2.70142
2.551 0.471113 2.70472
2.552 0.473266 2.70803
2.553 0.475422 2.71134
2.554 0.477582 2.71465
2.555 0.479745 2.71796
2.556 0.481912 2.72127
2.557 0.484083 2.72458
2.558 0.486257 2.72789
2.559 0.488435 2.7312
2.56 0.490616 2.73451
2.561 0.492801 2.73782
2.562 0.494989 2.74113
2.563 0.497181 2.74444
2.564 0.499376 2.74776
2.565 0.501575 2.75107
2.566 0.503778 2.75438
2.567 0.505984 2.7577
2.568 0.508194 2.76101
2.569 0.510407 2.76433
2.57 0.512624 2.76764
2.571 0.514844 2.77096
2.572 0.517068 2.77427
2.573 0.519296 2.77759
2.574 0.521527 2.78091
2.575 0.523762 2.78423
2.576 0.526 2.78754
2.577 0.528242 2.79086
2.578 0.530487 2.79418
2.579 0.532736 2.7975
2.58 0.534989 2.80082
2.581 0.537245 2.80414
2.582 0.539505 2.80746
2.583 0.541768 2.81078
2.584 0.544035 2.8141
2.585 0.546306 2.81742
2.586 0.54858 2.82074
2.587 0.550858 2.82406
2.588 0.553139 2.82738
2.589 0.555424 2.8307
2.59 0.557712 2.83403
2.591 0.560004 2.83735
2.592 0.5623 2.84067
2.593 0.564599 2.84399
2.594 0.566902 2.84732
2.595 0.569208 2.85064
2.596 0.571518 2.85396
2.597 0.573831 2.85729
2.598 0.576148 2.86061
2.599 0.578469 2.86394
2.6 0.580794 2.86726
2.601 0.583121 2.87059
2.602 0.585453 2.87391
2.603 0.587788 2.87724
2.604 0.590127 2.88056
2.605 0.592469 2.88389
2.606 0.594815 2.88721
2.607 0.597164 2.89054
2.608 0.599517 2.89386
2.609 0.601874 2.89719
2.61 0.604234 2.90052
2.611 0.606598 2.90384
2.612 0.608966 2.90717
2.613 0.611337 2.9105
2.614 0.613712 2.91382
2.615 0.61609 2.91715
2.616 0.618472 2.92048
2.617 0.620857 2.92381
2.618 0.623246 2.92713
2.619 0.625639 2.93046
2.62 0.628035 2.93379
2.621 0.630435 2.93712
2.622 0.632839 2.94044
2.623 0.635246 2.94377
2.624 0.637657 2.9471
2.625 0.640071 2.95043
2.626 0.642489 2.95375
2.627 0.644911 2.95708
2.628 0.647336 2.96041
2.629 0.649765 2.96374
2.63 0.652197 2.96707
2.631 0.654633 2.9704
2.632 0.657073 2.97372
2.633 0.659516 2.97705
2.634 0.661963 2.98038
2.635 0.664413 2.98371
2.636 0.666867 2.98704
2.637 0.669325 2.99036
2.638 0.671786 2.99369
2.639 0.674251 2.99702
2.64 0.67672 3.00035
2.641 0.679192 3.00368
2.642 0.681668 3.007
2.643 0.684147 3.01033
2.644 0.68663 3.01366
2.645 0.689117 3.01699
2.646 0.691607 3.02032
2.647 0.694101 3.02364
2.648 0.696599 3.02697
2.649 0.6991 3.0303
2.65 0.701605 3.03363
2.651 0.704113 3.03695
2.652 0.706625 3.04028
2.653 0.709141 3.04361
2.654 0.71166 3.04693
2.655 0.714183 3.05026
2.656 0.716709 3.05359
2.657 0.719239 3.05691
2.658 0.721773 3.06024
2.659 0.724311 3.06357
2.66 0.726852 3.06689
2.661 0.729396 3.07022
2.662 0.731945 3.07354
2.663 0.734496 3.07687
2.664 0.737052 3.08019
2.665 0.739611 3.08352
2.666 0.742174 3.08684
2.667 0.74474 3.09017
2.668 0.74731 3.09349
2.669 0.749884 3.09682
2.67 0.752461 3.10014
2.671 0.755042 3.10346
2.672 0.757627 3.10679
2.673 0.760215 3.11011
2.674 0.762807 3.11343
2.675 0.765402 3.11676
2.676 0.768001 3.12008
2.677 0.770604 3.1234
2.678 0.77321 3.12672
2.679 0.77582 3.13004
2.68 0.778434 3.13337
2.681 0.781051 3.13669
2.682 0.783672 3.14001
2.683 0.786296 3.14333
2.684 0.788924 3.14665
2.685 0.791556 3.14997
2.686 0.794192 3.15329
2.687 0.796831 3.15661
2.688 0.799473 3.15992
2.689 0.80212 3.16324
2.69 0.804769 3.16656
2.691 0.807423 3.16988
2.692 0.81008 3.17319
2.693 0.812741 3.17651
2.694 0.815405 3.17983
2.695 0.818074 3.18314
2.696 0.820745 3.18646
2.697 0.823421 3.18977
2.698 0.8261 3.19309
2.699 0.828782 3.1964
2.7 0.831469 3.19972
2.701 0.834158 3.20303
2.702 0.836852 3.20634
2.703 0.839549 3.20965
2.704 0.84225 3.21297
2.705 0.844954 3.21628
2.706 0.847663 3.21959
2.707 0.850374 3.2229
2.708 0.85309 3.22621
2.709 0.855809 3.22952
2.71 0.858531 3.23283
2.711 0.861257 3.23614
2.712 0.863987 3.23944
2.713 0.866721 3.24275
2.714 0.869458 3.24606
2.715 0.872199 3.24936
2.716 0.874943 3.25267
2.717 0.877691 3.25597
2.718 0.880443 3.25928
2.719 0.883198 3.26258
2.72 0.885957 3.26589
2.721 0.88872 3.26919
2.722 0.891486 3.27249
2.723 0.894256 3.27579
2.724 0.89703 3.27909
2.725 0.899807 3.2824
2.726 0.902588 3.2857
2.727 0.905372 3.28899
2.728 0.90816 3.29229
2.729 0.910952 3.29559
2.73 0.913747 3.29889
2.731 0.916546 3.30218
2.732 0.919349 3.30548
2.733 0.922155 3.30878
2.734 0.924965 3.31207
2.735 0.927779 3.31536
2.736 0.930596 3.31866
2.737 0.933417 3.32195
2.738 0.936241 3.32524
2.739 0.939069 3.32853
2.74 0.941901 3.33182
2.741 0.944736 3.33511
2.742 0.947575 3.3384
2.743 0.950418 3.34169
2.744 0.953264 3.34498
2.745 0.956114 3.34826
2.746 0.958967 3.35155
2.747 0.961824 3.35484
2.748 0.964685 3.35812
2.749 0.967549 3.3614
2.75 0.970417 3.36469
2.751 0.973289 3.36797
2.752 0.976164 3.37125
2.753 0.979043 3.37453
2.754 0.981926 3.37781
2.755 0.984812 3.38109
2.756 0.987702 3.38437
2.757 0.990595 3.38764
2.758 0.993492 3.39092
2.759 0.996393 3.39419
2.76 0.999297 3.39747
2.761 1.00221 3.40074
2.762 1.00512 3.40401
2.763 1.00803 3.40729
2.764 1.01095 3.41056
2.765 1.01387 3.41383
2.766 1.0168 3.4171
2.767 1.01973 3.42036
2.768 1.02266 3.42363
2.769 1.0256 3.4269
2.77 1.02854 3.43016
2.771 1.03148 3.43343
2.772 1.03443 3.43669
2.773 1.03738 3.43995
2.774 1.04034 3.44321
2.775 1.0433 3.44648
2.776 1.04626 3.44974
2.777 1.04923 3.45299
2.778 1.0522 3.45625
2.779 1.05517 3.45951
2.78 1.05815 3.46276
2.781 1.06113 3.46602
2.782 1.06411 3.46927
2.783 1.0671 3.47252
2.784 1.07009 3.47578
2.785 1.07308 3.47903
2.786 1.07608 3.48227
2.787 1.07908 3.48552
2.788 1.08209 3.48877
2.789 1.0851 3.49202
2.79 1.08811 3.49526
2.791 1.09113 3.49851
2.792 1.09415 3.50175
2.793 1.09717 3.50499
2.794 1.1002 3.50823
2.795 1.10323 3.51147
2.796 1.10627 3.51471
2.797 1.10931 3.51794
2.798 1.11235 3.52118
2.799 1.11539 3.52442
2.8 1.11844 3.52765
2.801 1.1215 3.53088
2.802 1.12455 3.53411
2.803 1.12761 3.53734
2.804 1.13068 3.54057
2.805 1.13374 3.5438
2.806 1.13681 3.54703
2.807 1.13989 3.55025
2.808 1.14297 3.55348
2.809 1.14605 3.5567
2.81 1.14913 3.55992
2.811 1.15222 3.56314
2.812 1.15531 3.56636
2.813 1.15841 3.56958
2.814 1.16151 3.57279
2.815 1.16461 3.57601
2.816 1.16772 3.57922
2.817 1.17083 3.58244
2.818 1.17394 3.58565
2.819 1.17706 3.58886
2.82 1.18018 3.59207
2.821 1.18331 3.59527
2.822 1.18644 3.59848
2.823 1.18957 3.60168
2.824 1.1927 3.60489
2.825 1.19584 3.60809
2.826 1.19899 3.61129
2.827 1.20213 3.61449
2.828 1.20528 3.61769
2.829 1.20844 3.62088
2.83 1.21159 3.62408
2.831 1.21475 3.62727
2.832 1.21792 3.63047
2.833 1.22109 3.63366
2.834 1.22426 3.63685
2.835 1.22743 3.64003
2.836 1.23061 3.64322
2.837 1.23379 3.64641
2.838 1.23698 3.64959
2.839 1.24017 3.65277
2.84 1.24336 3.65595
2.841 1.24656 3.65913
2.842 1.24976 3.66231
2.843 1.25296 3.66549
2.844 1.25617 3.66866
2.845 1.25938 3.67183
2.846 1.2626 3.67501
2.847 1.26582 3.67818
2.848 1.26904 3.68135
2.849 1.27226 3.68451
2.85 1.27549 3.68768
2.851 1.27872 3.69084
2.852 1.28196 3.69401
2.853 1.2852 3.69717
2.854 1.28844 3.70033
2.855 1.29169 3.70348
2.856 1.29494 3.70664
2.857 1.29819 3.70979
2.858 1.30145 3.71295
2.859 1.30471 3.7161
2.86 1.30798 3.71925
2.861 1.31124 3.7224
2.862 1.31452 3.72554
2.863 1.31779 3.72869
2.864 1.32107 3.73183
2.865 1.32435 3.73497
2.866 1.32764 3.73811
2.867 1.33093 3.74125
2.868 1.33422 3.74439
2.869 1.33752 3.74752
2.87 1.34082 3.75065
2.871 1.34412 3.75378
2.872 1.34743 3.75691
2.873 1.35074 3.76004
2.874 1.35405 3.76317
2.875 1.35737 3.76629
2.876 1.36069 3.76941
2.877 1.36402 3.77254
2.878 1.36735 3.77565
2.879 1.37068 3.77877
2.88 1.37401 3.78189
2.881 1.37735 3.785
2.882 1.38069 3.78811
2.883 1.38404 3.79122
2.884 1.38739 3.79433
2.885 1.39074 3.79744
2.886 1.3941 3.80054
2.887 1.39746 3.80364
2.888 1.40082 3.80674
2.889 1.40419 3.80984
2.89 1.40756 3.81294
2.891 1.41094 3.81604
2.892 1.41432 3.81913
2.893 1.4177 3.82222
2.894 1.42108 3.82531
2.895 1.42447 3.8284
2.896 1.42786 3.83148
2.897 1.43126 3.83457
2.898 1.43466 3.83765
2.899 1.43806 3.84073
2.9 1.44147 3.84381
2.901 1.44488 3.84688
2.902 1.44829 3.84996
2.903 1.45171 3.85303
2.904 1.45513 3.8561
2.905 1.45855 3.85917
2.906 1.46198 3.86223
2.907 1.46541 3.8653
2.908 1.46884 3.86836
2.909 1.47228 3.87142
2.91 1.47572 3.87448
2.911 1.47916 3.87753
2.912 1.48261 3.88059
2.913 1.48606 3.88364
2.914 1.48952 3.88669
2.915 1.49298 3.88974
2.916 1.49644 3.89278
2.917 1.49991 3.89582
2.918 1.50338 3.89887
2.919 1.50685 3.90191
2.92 1.51032 3.90494
2.921 1.5138 3.90798
2.922 1.51729 3.91101
2.923 1.52077 3.91404
2.924 1.52426 3.91707
2.925 1.52776 3.9201
2.926 1.53125 3.92312
2.927 1.53475 3.92614
2.928 1.53826 3.92916
2.929 1.54177 3.93218
2.93 1.54528 3.9352
2.931 1.54879 3.93821
2.932 1.55231 3.94122
2.933 1.55583 3.94423
2.934 1.55936 3.94724
2.935 1.56288 3.95024
2.936 1.56642 3.95324
2.937 1.56995 3.95624
2.938 1.57349 3.95924
2.939 1.57703 3.96224
2.94 1.58058 3.96523
2.941 1.58413 3.96822
2.942 1.58768 3.97121
2.943 1.59123 3.97419
2.944 1.59479 3.97718
2.945 1.59836 3.98016
2.946 1.60192 3.98314
2.947 1.60549 3.98612
2.948 1.60907 3.98909
2.949 1.61264 3.99206
2.95 1.61622 3.99503
2.951 1.61981 3.998
2.952 1.62339 4.00097
2.953 1.62698 4.00393
2.954 1.63058 4.00689
2.955 1.63417 4.00985
2.956 1.63777 4.0128
2.957 1.64138 4.01575
2.958 1.64499 4.0187
2.959 1.6486 4.02165
2.96 1.65221 4.0246
2.961 1.65583 4.02754
2.962 1.65945 4.03048
2.963 1.66307 4.03342
2.964 1.6667 4.03636
2.965 1.67033 4.03929
2.966 1.67397 4.04222
2.967 1.67761 4.04515
2.968 1.68125 4.04808
2.969 1.68489 4.051
2.97 1.68854 4.05392
2.971 1.69219 4.05684
2.972 1.69585 4.05975
2.973 1.69951 4.06267
2.974 1.70317 4.06558
2.975 1.70683 4.06848
2.976 1.7105 4.07139
2.977 1.71418 4.07429
2.978 1.71785 4.07719
2.979 1.72153 4.08009
2.98 1.72521 4.08299
2.981 1.7289 4.08588
2.982 1.73259 4.08877
2.983 1.73628 4.09165
2.984 1.73998 4.09454
2.985 1.74367 4.09742
2.986 1.74738 4.1003
2.987 1.75108 4.10318
2.988 1.75479 4.10605
2.989 1.7585 4.10892
2.99 1.76222 4.11179
2.991 1.76594 4.11465
2.992 1.76966 4.11752
2.993 1.77339 4.12038
2.994 1.77712 4.12323
2.995 1.78085 4.12609
2.996 1.78459 4.12894
2.997 1.78833 4.13179
2.998 1.79207 4.13464
2.999 1.79582 4.13748
3 1.79957 4.14032
3.001 1.80332 4.14316
