0.1 0.113978 0.16584
0.2 0.154877 0.178355
0.3 0.177803 0.163848
0.4 0.187501 0.13525
0.5 0.185693 0.0985875
0.6 0.173315 0.0579388
0.7 0.151094 0.016681
0.8 0.119773 0.0220766
0.9 0.0802192 0.0553157
1 0.033486 0.0800384
1.1 0.0191459 0.0932492
1.2 0.0761445 0.0919653
1.3 0.13571 0.0732466
1.4 0.195769 0.0342393
1.5 0.253973 0.027771
1.6 0.307704 0.115297
1.7 0.354095 0.230583
1.8 0.39005 0.375527
1.9 0.412272 0.551611
2 0.417309 0.759813
2.1 0.401593 1.00054
2.2 0.361503 1.27352
2.3 0.293426 1.57778
2.4 0.193825 1.91151
2.5 0.059323 2.27206
2.6 0.113216 2.65584
2.7 0.326596 3.0583
2.8 0.583193 3.47388
2.9 0.884859 3.89605
3 1.23282 4.31723
