0.005 0.0255153 0.0530267
0.01 0.0359711 0.0721978
0.015 0.0439439 0.0858105
0.02 0.0506261 0.0965482
0.025 0.0564791 0.105449
0.03 0.0617392 0.113046
0.035 0.0665467 0.119654
0.04 0.0709928 0.125478
0.045 0.0751408 0.130662
0.05 0.0790367 0.13531
0.055 0.0827151 0.139499
0.06 0.0862031 0.143291
0.065 0.089522 0.146733
0.07 0.0926891 0.149866
0.075 0.0957186 0.152721
0.08 0.0986224 0.155325
0.085 0.101411 0.157702
0.09 0.104092 0.15987
0.095 0.106673 0.161847
0.1 0.109161 0.163648
0.105 0.111561 0.165284
0.11 0.113878 0.166769
0.115 0.116117 0.16811
0.12 0.118282 0.169319
0.125 0.120375 0.170403
0.13 0.122401 0.171368
0.135 0.124361 0.172223
0.14 0.126259 0.172972
0.145 0.128096 0.173622
0.15 0.129876 0.174177
0.155 0.131599 0.174642
0.16 0.133268 0.175021
0.165 0.134884 0.175319
0.17 0.136449 0.175538
0.175 0.137964 0.175683
0.18 0.139431 0.175757
0.185 0.14085 0.175762
0.19 0.142223 0.175702
0.195 0.143551 0.175578
0.2 0.144835 0.175395
0.205 0.146076 0.175153
0.21 0.147274 0.174855
0.215 0.148431 0.174503
0.22 0.149547 0.174099
0.225 0.150624 0.173645
0.23 0.15166 0.173143
0.235 0.152658 0.172595
0.24 0.153618 0.172001
0.245 0.15454 0.171364
0.25 0.155426 0.170685
0.255 0.156274 0.169966
0.26 0.157087 0.169208
0.265 0.157864 0.168411
0.27 0.158607 0.167579
0.275 0.159314 0.16671
0.28 0.159987 0.165808
0.285 0.160627 0.164872
0.29 0.161233 0.163905
0.295 0.161805 0.162906
0.3 0.162345 0.161878
0.305 0.162853 0.16082
0.31 0.163329 0.159735
0.315 0.163772 0.158622
0.32 0.164184 0.157484
0.325 0.164565 0.15632
0.33 0.164915 0.155131
0.335 0.165234 0.153919
0.34 0.165523 0.152684
0.345 0.165781 0.151427
0.35 0.16601 0.150148
0.355 0.166209 0.148849
0.36 0.166378 0.14753
0.365 0.166518 0.146192
0.37 0.166629 0.144836
0.375 0.166711 0.143462
0.38 0.166764 0.142071
0.385 0.166789 0.140663
0.39 0.166786 0.13924
0.395 0.166755 0.137801
0.4 0.166696 0.136348
0.405 0.166609 0.134881
0.41 0.166494 0.133401
0.415 0.166352 0.131908
0.42 0.166183 0.130403
0.425 0.165987 0.128887
0.43 0.165764 0.127359
0.435 0.165515 0.125821
0.44 0.165238 0.124273
0.445 0.164936 0.122716
0.45 0.164607 0.12115
0.455 0.164252 0.119576
0.46 0.163872 0.117994
0.465 0.163465 0.116405
0.47 0.163033 0.114809
0.475 0.162576 0.113207
0.48 0.162093 0.111599
0.485 0.161585 0.109986
0.49 0.161051 0.108368
0.495 0.160493 0.106746
0.5 0.159911 0.10512
0.505 0.159303 0.103491
0.51 0.158671 0.101859
0.515 0.158015 0.100225
0.52 0.157335 0.0985889
0.525 0.15663 0.0969514
0.53 0.155902 0.0953129
0.535 0.15515 0.0936739
0.54 0.154374 0.0920349
0.545 0.153574 0.0903962
0.55 0.152751 0.0887584
0.555 0.151905 0.0871219
0.56 0.151036 0.0854871
0.565 0.150144 0.0838544
0.57 0.149229 0.0822243
0.575 0.148291 0.0805973
0.58 0.147331 0.0789737
0.585 0.146348 0.0773539
0.59 0.145343 0.0757385
0.595 0.144315 0.0741278
0.6 0.143266 0.0725222
0.605 0.142195 0.0709222
0.61 0.141102 0.0693282
0.615 0.139987 0.0677405
0.62 0.138851 0.0661597
0.625 0.137693 0.064586
0.63 0.136515 0.06302
0.635 0.135315 0.0614621
0.64 0.134094 0.0599125
0.645 0.132852 0.0583718
0.65 0.13159 0.0568404
0.655 0.130307 0.0553186
0.66 0.129004 0.0538069
0.665 0.127681 0.0523056
0.67 0.126337 0.0508151
0.675 0.124974 0.0493359
0.68 0.12359 0.0478684
0.685 0.122187 0.0464129
0.69 0.120765 0.0449698
0.695 0.119323 0.0435395
0.7 0.117862 0.0421224
0.705 0.116382 0.0407189
0.71 0.114883 0.0393295
0.715 0.113365 0.0379544
0.72 0.111828 0.036594
0.725 0.110273 0.0352489
0.73 0.1087 0.0339192
0.735 0.107109 0.0326055
0.74 0.105499 0.0313081
0.745 0.103872 0.0300274
0.75 0.102227 0.0287637
0.755 0.100564 0.0275175
0.76 0.0988845 0.0262891
0.765 0.0971873 0.025079
0.77 0.0954732 0.0238874
0.775 0.0937421 0.0227148
0.78 0.0919943 0.0215615
0.785 0.09023 0.020428
0.79 0.0884492 0.0193145
0.795 0.0866523 0.0182215
0.8 0.0848393 0.0171494
0.805 0.0830104 0.0160985
0.81 0.0811658 0.0150691
0.815 0.0793057 0.0140618
0.82 0.0774302 0.0130767
0.825 0.0755395 0.0121144
0.83 0.0736338 0.0111751
0.835 0.0717132 0.0102593
0.84 0.069778 0.00936732
0.845 0.0678284 0.00849949
0.85 0.0658644 0.0076562
0.855 0.0638864 0.00683782
0.86 0.0618944 0.00604472
0.865 0.0598887 0.00527727
0.87 0.0578694 0.00453582
0.875 0.0558368 0.00382073
0.88 0.053791 0.00313238
0.885 0.0517322 0.00247113
0.89 0.0496607 0.00183733
0.895 0.0475765 0.00123134
0.9 0.04548 0.000653535
0.905 0.0433712 0.000104263
0.91 0.0412505 0.000416115
0.915 0.0391179 0.000907241
0.92 0.0369737 0.00136876
0.925 0.0348182 0.00180031
0.93 0.0326514 0.00220154
0.935 0.0304737 0.00257209
0.94 0.0282851 0.00291161
0.945 0.026086 0.00321975
0.95 0.0238766 0.00349615
0.955 0.0216569 0.00374046
0.96 0.0194274 0.00395234
0.965 0.0171881 0.00413142
0.97 0.0149393 0.00427736
0.975 0.0126811 0.00438981
0.98 0.0104139 0.00446843
0.985 0.0081379 0.00451287
0.99 0.00585321 0.00452277
0.995 0.0035601 0.0044978
1 0.0012588 0.0044376
1.005 0.00105047 0.00434185
1.01 0.00336748 0.00421018
1.015 0.005692 0.00404227
1.02 0.0080238 0.00383777
1.025 0.0103627 0.00359633
1.03 0.0127083 0.00331763
1.035 0.0150606 0.00300132
1.04 0.0174192 0.00264706
1.045 0.0197839 0.00225452
1.05 0.0221545 0.00182337
1.055 0.0245308 0.00135326
1.06 0.0269124 0.000843862
1.065 0.0292992 0.000294849
1.07 0.0316908 0.000294115
1.075 0.0340872 0.000923359
1.08 0.0364879 0.00159321
1.085 0.0388929 0.00230401
1.09 0.0413017 0.00305606
1.095 0.0437142 0.00384971
1.1 0.0461301 0.00468528
1.105 0.0485492 0.00556309
1.11 0.0509711 0.00648346
1.115 0.0533957 0.00744672
1.12 0.0558227 0.00845319
1.125 0.0582518 0.00950318
1.13 0.0606828 0.010597
1.135 0.0631154 0.011735
1.14 0.0655493 0.0129175
1.145 0.0679843 0.0141448
1.15 0.07042 0.0154171
1.155 0.0728563 0.0167349
1.16 0.0752929 0.0180985
1.165 0.0777295 0.019508
1.17 0.0801657 0.0209639
1.175 0.0826015 0.0224665
1.18 0.0850363 0.024016
1.185 0.0874701 0.0256128
1.19 0.0899025 0.0272571
1.195 0.0923332 0.0289493
1.2 0.094762 0.0306897
1.205 0.0971885 0.0324785
1.21 0.0996125 0.0343161
1.215 0.102034 0.0362028
1.22 0.104452 0.0381388
1.225 0.106867 0.0401245
1.23 0.109278 0.0421601
1.235 0.111685 0.0442459
1.24 0.114088 0.0463822
1.245 0.116486 0.0485694
1.25 0.118879 0.0508076
1.255 0.121268 0.0530972
1.26 0.12365 0.0554384
1.265 0.126028 0.0578316
1.27 0.128399 0.0602769
1.275 0.130764 0.0627748
1.28 0.133122 0.0653254
1.285 0.135473 0.067929
1.29 0.137817 0.070586
1.295 0.140153 0.0732965
1.3 0.142482 0.0760608
1.305 0.144802 0.0788793
1.31 0.147114 0.0817521
1.315 0.149417 0.0846796
1.32 0.151711 0.0876619
1.325 0.153995 0.0906994
1.33 0.15627 0.0937924
1.335 0.158534 0.0969409
1.34 0.160789 0.100145
1.345 0.163032 0.103406
1.35 0.165265 0.106723
1.355 0.167486 0.110097
1.36 0.169696 0.113528
1.365 0.171893 0.117015
1.37 0.174078 0.120561
1.375 0.176251 0.124163
1.38 0.178411 0.127824
1.385 0.180557 0.131543
1.39 0.182689 0.13532
1.395 0.184808 0.139156
1.4 0.186913 0.14305
1.405 0.189002 0.147003
1.41 0.191077 0.151016
1.415 0.193137 0.155088
1.42 0.19518 0.15922
1.425 0.197208 0.163412
1.43 0.19922 0.167664
1.435 0.201215 0.171976
1.44 0.203193 0.176349
1.445 0.205153 0.180782
1.45 0.207096 0.185277
1.455 0.209021 0.189832
1.46 0.210927 0.194449
1.465 0.212815 0.199127
1.47 0.214684 0.203868
1.475 0.216533 0.20867
1.48 0.218363 0.213534
1.485 0.220172 0.21846
1.49 0.221961 0.223449
1.495 0.223729 0.228501
1.5 0.225476 0.233616
1.505 0.227201 0.238793
1.51 0.228905 0.244034
1.515 0.230586 0.249338
1.52 0.232245 0.254706
1.525 0.23388 0.260138
1.53 0.235493 0.265633
1.535 0.237081 0.271192
1.54 0.238646 0.276816
1.545 0.240186 0.282504
1.55 0.241702 0.288256
1.555 0.243192 0.294073
1.56 0.244657 0.299955
1.565 0.246096 0.305902
1.57 0.247509 0.311914
1.575 0.248896 0.317991
1.58 0.250255 0.324134
1.585 0.251587 0.330342
1.59 0.252891 0.336616
1.595 0.254168 0.342955
1.6 0.255416 0.349361
1.605 0.256635 0.355832
1.61 0.257825 0.362369
1.615 0.258985 0.368973
1.62 0.260116 0.375643
1.625 0.261216 0.38238
1.63 0.262286 0.389183
1.635 0.263324 0.396052
1.64 0.264331 0.402989
1.645 0.265307 0.409992
1.65 0.26625 0.417062
1.655 0.267161 0.4242
1.66 0.268039 0.431404
1.665 0.268884 0.438676
1.67 0.269695 0.446015
1.675 0.270472 0.453421
1.68 0.271214 0.460895
1.685 0.271922 0.468436
1.69 0.272595 0.476045
1.695 0.273232 0.483721
1.7 0.273833 0.491465
1.705 0.274398 0.499277
1.71 0.274926 0.507157
1.715 0.275417 0.515104
1.72 0.275871 0.523119
1.725 0.276287 0.531203
1.73 0.276665 0.539354
1.735 0.277004 0.547573
1.74 0.277304 0.555861
1.745 0.277565 0.564216
1.75 0.277786 0.57264
1.755 0.277967 0.581131
1.76 0.278107 0.589691
1.765 0.278207 0.598319
1.77 0.278265 0.607015
1.775 0.278282 0.615779
1.78 0.278257 0.624611
1.785 0.278189 0.633512
1.79 0.278079 0.64248
1.795 0.277925 0.651517
1.8 0.277728 0.660622
1.805 0.277487 0.669795
1.81 0.277201 0.679036
1.815 0.276871 0.688345
1.82 0.276496 0.697722
1.825 0.276075 0.707167
1.83 0.275608 0.716681
1.835 0.275096 0.726262
1.84 0.274536 0.735911
1.845 0.27393 0.745627
1.85 0.273276 0.755412
1.855 0.272574 0.765264
1.86 0.271824 0.775184
1.865 0.271026 0.785172
1.87 0.270179 0.795227
1.875 0.269283 0.805349
1.88 0.268336 0.815539
1.885 0.26734 0.825796
1.89 0.266293 0.836121
1.895 0.265196 0.846512
1.9 0.264047 0.856971
1.905 0.262847 0.867496
1.91 0.261595 0.878089
1.915 0.26029 0.888748
1.92 0.258933 0.899473
1.925 0.257523 0.910266
1.93 0.256059 0.921124
1.935 0.254541 0.932049
1.94 0.252969 0.94304
1.945 0.251343 0.954097
1.95 0.249661 0.96522
1.955 0.247925 0.976408
1.96 0.246132 0.987662
1.965 0.244283 0.998982
1.97 0.242378 1.01037
1.975 0.240416 1.02182
1.98 0.238397 1.03333
1.985 0.236321 1.04491
1.99 0.234186 1.05656
1.995 0.231993 1.06826
2 0.229741 1.08004
2.005 0.227431 1.09188
2.01 0.22506 1.10378
2.015 0.22263 1.11574
2.02 0.22014 1.12777
2.025 0.21759 1.13986
2.03 0.214978 1.15202
2.035 0.212305 1.16423
2.04 0.209571 1.17651
2.045 0.206775 1.18886
2.05 0.203916 1.20126
2.055 0.200995 1.21373
2.06 0.19801 1.22626
2.065 0.194963 1.23885
2.07 0.191851 1.2515
2.075 0.188676 1.26421
2.08 0.185435 1.27698
2.085 0.182131 1.28982
2.09 0.17876 1.30271
2.095 0.175325 1.31567
2.1 0.171823 1.32868
2.105 0.168256 1.34175
2.11 0.164622 1.35489
2.115 0.16092 1.36808
2.12 0.157152 1.38133
2.125 0.153316 1.39463
2.13 0.149412 1.408
2.135 0.14544 1.42142
2.14 0.141399 1.43491
2.145 0.13729 1.44844
2.15 0.133111 1.46204
2.155 0.128862 1.47569
2.16 0.124544 1.4894
2.165 0.120155 1.50316
2.17 0.115696 1.51698
2.175 0.111165 1.53085
2.18 0.106564 1.54478
2.185 0.101891 1.55876
2.19 0.0971458 1.5728
2.195 0.0923286 1.58689
2.2 0.0874388 1.60103
2.205 0.0824762 1.61523
2.21 0.0774404 1.62948
2.215 0.0723312 1.64378
2.22 0.0671481 1.65813
2.225 0.0618909 1.67254
2.23 0.0565593 1.68699
2.235 0.051153 1.7015
2.24 0.0456717 1.71605
2.245 0.040115 1.73066
2.25 0.0344827 1.74531
2.255 0.0287745 1.76002
2.26 0.02299 1.77477
2.265 0.0171291 1.78957
2.27 0.0111913 1.80442
2.275 0.00517637 1.81931
2.28 0.000915928 1.83426
2.285 0.0070859 1.84924
2.29 0.0133338 1.86428
2.295 0.01966 1.87936
2.3 0.0260648 1.89448
2.305 0.0325483 1.90965
2.31 0.0391109 1.92486
2.315 0.0457529 1.94012
2.32 0.0524744 1.95542
2.325 0.0592759 1.97076
2.33 0.0661576 1.98614
2.335 0.0731197 2.00156
2.34 0.0801624 2.01703
2.345 0.0872862 2.03253
2.35 0.0944911 2.04808
2.355 0.101777 2.06367
2.36 0.109146 2.07929
2.365 0.116596 2.09495
2.37 0.124128 2.11065
2.375 0.131743 2.12639
2.38 0.13944 2.14216
2.385 0.147221 2.15797
2.39 0.155084 2.17382
2.395 0.163031 2.1897
2.4 0.171062 2.20561
2.405 0.179176 2.22156
2.41 0.187375 2.23754
2.415 0.195658 2.25356
2.42 0.204025 2.26961
2.425 0.212477 2.28569
2.43 0.221014 2.30179
2.435 0.229637 2.31793
2.44 0.238344 2.3341
2.445 0.247138 2.3503
2.45 0.256017 2.36653
2.455 0.264982 2.38278
2.46 0.274034 2.39907
2.465 0.283171 2.41538
2.47 0.292396 2.43171
2.475 0.301707 2.44807
2.48 0.311105 2.46445
2.485 0.32059 2.48086
2.49 0.330163 2.49729
2.495 0.339823 2.51375
2.5 0.349571 2.53023
2.505 0.359406 2.54672
2.51 0.36933 2.56324
2.515 0.379342 2.57978
2.52 0.389442 2.59634
2.525 0.399631 2.61292
2.53 0.409908 2.62951
2.535 0.420274 2.64612
2.54 0.430729 2.66275
2.545 0.441273 2.67939
2.55 0.451907 2.69605
2.555 0.462629 2.71272
2.56 0.473442 2.72941
2.565 0.484344 2.74611
2.57 0.495335 2.76282
2.575 0.506417 2.77955
2.58 0.517588 2.79628
2.585 0.52885 2.81302
2.59 0.540202 2.82978
2.595 0.551644 2.84654
2.6 0.563177 2.86331
2.605 0.5748 2.88008
2.61 0.586514 2.89686
2.615 0.598319 2.91365
2.62 0.610214 2.93044
2.625 0.6222 2.94724
2.63 0.634278 2.96403
2.635 0.646446 2.98083
2.64 0.658706 2.99764
2.645 0.671057 3.01444
2.65 0.683499 3.03124
2.655 0.696032 3.04804
2.66 0.708657 3.06484
2.665 0.721374 3.08163
2.67 0.734182 3.09843
2.675 0.747081 3.11521
2.68 0.760072 3.132
2.685 0.773155 3.14877
2.69 0.78633 3.16554
2.695 0.799596 3.1823
2.7 0.812954 3.19905
2.705 0.826404 3.2158
2.71 0.839945 3.23253
2.715 0.853578 3.24925
2.72 0.867304 3.26596
2.725 0.881121 3.28266
2.73 0.895029 3.29934
2.735 0.90903 3.31601
2.74 0.923123 3.33266
2.745 0.937307 3.34929
2.75 0.951583 3.36591
2.755 0.965951 3.38251
2.76 0.980411 3.39909
2.765 0.994962 3.41565
2.77 1.00961 3.43219
2.775 1.02434 3.4487
2.78 1.03917 3.4652
2.785 1.05408 3.48167
2.79 1.06909 3.49811
2.795 1.0842 3.51453
2.8 1.09939 3.53092
2.805 1.11467 3.54728
2.81 1.13005 3.56362
2.815 1.14551 3.57992
2.82 1.16107 3.5962
2.825 1.17672 3.61244
2.83 1.19246 3.62865
2.835 1.20829 3.64483
2.84 1.22421 3.66097
2.845 1.24022 3.67708
2.85 1.25633 3.69315
2.855 1.27252 3.70919
2.86 1.2888 3.72518
2.865 1.30518 3.74114
2.87 1.32164 3.75705
2.875 1.33819 3.77293
2.88 1.35484 3.78876
2.885 1.37157 3.80455
2.89 1.38839 3.82029
2.895 1.40531 3.83599
2.9 1.42231 3.85164
2.905 1.4394 3.86725
2.91 1.45658 3.8828
2.915 1.47385 3.89831
2.92 1.4912 3.91377
2.925 1.50865 3.92917
2.93 1.52618 3.94452
2.935 1.54381 3.95982
2.94 1.56152 3.97507
2.945 1.57931 3.99025
2.95 1.5972 4.00538
2.955 1.61517 4.02046
2.96 1.63323 4.03547
2.965 1.65138 4.05043
2.97 1.66961 4.06532
2.975 1.68793 4.08015
2.98 1.70634 4.09492
2.985 1.72483 4.10962
2.99 1.74341 4.12426
2.995 1.76207 4.13883
3 1.78082 4.15334
3.005 1.79965 4.16777
