0.1 -0.962972 -0.786327
0.2 -0.840734 -0.756212
0.3 -0.791734 -0.790794
0.4 -0.780876 -0.864639
0.5 -0.799666 -0.975962
0.6 -0.848355 -1.13324
0.7 -0.934493 -1.3584
0.8 -1.07964 -1.70734
0.9 -1.35668 -2.39323
1 -6.63724 -5.29752
1.1 -1.32789 -1.98738
1.2 -1.02193 -1.42532
1.3 -0.847539 -1.07447
1.4 -0.731527 -0.816541
1.5 -0.651716 -0.611829
1.6 -0.599283 -0.442
1.7 -0.571044 -0.297055
1.8 -0.567486 -0.170934
1.9 -0.593119 -0.0596944
2 -0.659672 0.03937
2.1 -0.798614 0.128188
2.2 -1.13931 0.208177
2.3 -1.36691 0.280397
2.4 -0.721535 0.345655
2.5 -0.431661 0.404569
2.6 -0.232702 0.457607
2.7 -0.0777505 0.505124
2.8 0.0504502 0.547375
2.9 0.160235 0.58453
3 0.256286 0.616683
