0.01 -1.44435 -1.14155
0.02 -1.29606 -1.01536
0.03 -1.20997 -0.946878
0.04 -1.14941 -0.901586
0.05 -1.10287 -0.868844
0.06 -1.06525 -0.843973
0.07 -1.03382 -0.824503
0.08 -1.00694 -0.808976
0.09 -0.98356 -0.796461
0.1 -0.962971 -0.786327
0.11 -0.944656 -0.77813
0.12 -0.928239 -0.771543
0.13 -0.913431 -0.766323
0.14 -0.900011 -0.76228
0.15 -0.887802 -0.759266
0.16 -0.87666 -0.757165
0.17 -0.866471 -0.75588
0.18 -0.857138 -0.755334
0.19 -0.848581 -0.755462
0.2 -0.840733 -0.756213
0.21 -0.833535 -0.75754
0.22 -0.826939 -0.759407
0.23 -0.820902 -0.761781
0.24 -0.815388 -0.764635
0.25 -0.810363 -0.767948
0.26 -0.805802 -0.771699
0.27 -0.801678 -0.775872
0.28 -0.797971 -0.780453
0.29 -0.794661 -0.785431
0.3 -0.791733 -0.790795
0.31 -0.78917 -0.796538
0.32 -0.78696 -0.802654
0.33 -0.785092 -0.809138
0.34 -0.783555 -0.815985
0.35 -0.782341 -0.823193
0.36 -0.781442 -0.830762
0.37 -0.780851 -0.83869
0.38 -0.780562 -0.846978
0.39 -0.780571 -0.855628
0.4 -0.780874 -0.864641
0.41 -0.781467 -0.874023
0.42 -0.782348 -0.883776
0.43 -0.783515 -0.893905
0.44 -0.784966 -0.904417
0.45 -0.786702 -0.915319
0.46 -0.788721 -0.926617
0.47 -0.791026 -0.938322
0.48 -0.793616 -0.950441
0.49 -0.796495 -0.962986
0.5 -0.799664 -0.975968
0.51 -0.803127 -0.989399
0.52 -0.806887 -1.00329
0.53 -0.810949 -1.01767
0.54 -0.815317 -1.03254
0.55 -0.819998 -1.04792
0.56 -0.824999 -1.06383
0.57 -0.830326 -1.0803
0.58 -0.835988 -1.09734
0.59 -0.841993 -1.11498
0.6 -0.848352 -1.13325
0.61 -0.855076 -1.15218
0.62 -0.862177 -1.17179
0.63 -0.869669 -1.19213
0.64 -0.877565 -1.21322
0.65 -0.885883 -1.23512
0.66 -0.894641 -1.25787
0.67 -0.903857 -1.28152
0.68 -0.913554 -1.30612
0.69 -0.923756 -1.33173
0.7 -0.93449 -1.35843
0.71 -0.945784 -1.38628
0.72 -0.957672 -1.41538
0.73 -0.97019 -1.44581
0.74 -0.98338 -1.47769
0.75 -0.997286 -1.51114
0.76 -1.01196 -1.54628
0.77 -1.02746 -1.58328
0.78 -1.04386 -1.62233
0.79 -1.06122 -1.66362
0.8 -1.07964 -1.70741
0.81 -1.09921 -1.75398
0.82 -1.12006 -1.80367
0.83 -1.14232 -1.85691
0.84 -1.16615 -1.91419
0.85 -1.19175 -1.97614
0.86 -1.21935 -2.04354
0.87 -1.24924 -2.1174
0.88 -1.28177 -2.19905
0.89 -1.31739 -2.2903
0.9 -1.35668 -2.39367
0.91 -1.40039 -2.51296
0.92 -1.44957 -2.65415
0.93 -1.50565 -2.82776
0.94 -1.57075 -3.05551
0.95 -1.64815 -3.39783
0.96 -1.74334 -4.30305
0.97 -1.86662 -3.77424
0.98 -2.04112 -3.6004
0.99 -2.34061 -3.70816
1 -10.218 -9.27155
1.01 -2.33774 -3.46952
1.02 -2.03536 -3.08378
1.03 -1.85799 -2.83603
1.04 -1.73183 -2.6489
1.05 -1.63376 -2.49699
1.06 -1.55348 -2.36845
1.07 -1.48551 -2.25671
1.08 -1.42654 -2.15767
1.09 -1.37448 -2.06862
1.1 -1.32788 -1.98763
1.11 -1.28571 -1.91332
1.12 -1.2472 -1.84461
1.13 -1.21179 -1.7807
1.14 -1.17901 -1.72092
1.15 -1.14852 -1.66476
1.16 -1.12003 -1.61178
1.17 -1.0933 -1.56163
1.18 -1.06815 -1.51401
1.19 -1.0444 -1.46867
1.2 -1.02192 -1.4254
1.21 -1.00059 -1.384
1.22 -0.980322 -1.34431
1.23 -0.961015 -1.30619
1.24 -0.942597 -1.26952
1.25 -0.925002 -1.23419
1.26 -0.908171 -1.20009
1.27 -0.892052 -1.16715
1.28 -0.8766 -1.13529
1.29 -0.861772 -1.10443
1.3 -0.847532 -1.07451
1.31 -0.833846 -1.04547
1.32 -0.820686 -1.01726
1.33 -0.808023 -0.989842
1.34 -0.795834 -0.963159
1.35 -0.784095 -0.937176
1.36 -0.772788 -0.911855
1.37 -0.761893 -0.887164
1.38 -0.751393 -0.863071
1.39 -0.741273 -0.839547
1.4 -0.731519 -0.816566
1.41 -0.722117 -0.794101
1.42 -0.713057 -0.772131
1.43 -0.704327 -0.750634
1.44 -0.695916 -0.729589
1.45 -0.687817 -0.708977
1.46 -0.680019 -0.688782
1.47 -0.672516 -0.668987
1.48 -0.665301 -0.649575
1.49 -0.658367 -0.630532
1.5 -0.651707 -0.611846
1.51 -0.645317 -0.593502
1.52 -0.639192 -0.575488
1.53 -0.633327 -0.557794
1.54 -0.627719 -0.540407
1.55 -0.622363 -0.523318
1.56 -0.617256 -0.506517
1.57 -0.612396 -0.489994
1.58 -0.60778 -0.473742
1.59 -0.603406 -0.45775
1.6 -0.599273 -0.442012
1.61 -0.595379 -0.42652
1.62 -0.591723 -0.411266
1.63 -0.588305 -0.396245
1.64 -0.585123 -0.381448
1.65 -0.582179 -0.36687
1.66 -0.579472 -0.352505
1.67 -0.577002 -0.338347
1.68 -0.574772 -0.324391
1.69 -0.572781 -0.310632
1.7 -0.571032 -0.297063
1.71 -0.569527 -0.283682
1.72 -0.568269 -0.270482
1.73 -0.567259 -0.25746
1.74 -0.5665 -0.244611
1.75 -0.565998 -0.231932
1.76 -0.565755 -0.219417
1.77 -0.565775 -0.207065
1.78 -0.566065 -0.19487
1.79 -0.566629 -0.18283
1.8 -0.567472 -0.170941
1.81 -0.568603 -0.159199
1.82 -0.570027 -0.147602
1.83 -0.571753 -0.136147
1.84 -0.573789 -0.124831
1.85 -0.576144 -0.113651
1.86 -0.578829 -0.102604
1.87 -0.581855 -0.0916881
1.88 -0.585233 -0.0809002
1.89 -0.588977 -0.070238
1.9 -0.593102 -0.0596992
1.91 -0.597623 -0.0492816
1.92 -0.602557 -0.0389829
1.93 -0.607924 -0.028801
1.94 -0.613744 -0.0187339
1.95 -0.62004 -0.00877948
1.96 -0.626838 0.00106407
1.97 -0.634165 0.0107986
1.98 -0.642052 0.0204261
1.99 -0.650534 0.0299481
2 -0.659649 0.0393664
2.01 -0.66944 0.0486827
2.02 -0.679954 0.0578985
2.03 -0.691248 0.0670155
2.04 -0.703381 0.076035
2.05 -0.716424 0.0849586
2.06 -0.730458 0.0937877
2.07 -0.745574 0.102524
2.08 -0.761879 0.111168
2.09 -0.779498 0.119721
2.1 -0.798578 0.128186
2.11 -0.819295 0.136562
2.12 -0.841856 0.144852
2.13 -0.866517 0.153056
2.14 -0.893591 0.161175
2.15 -0.923468 0.169211
2.16 -0.956646 0.177165
2.17 -0.993772 0.185037
2.18 -1.0357 0.192829
2.19 -1.08363 0.200541
2.2 -1.13923 0.208175
2.21 -1.20502 0.215732
2.22 -1.28505 0.223212
2.23 -1.38635 0.230616
2.24 -1.523 0.237946
2.25 -1.73049 0.245201
2.26 -2.16079 0.252384
2.27 -2.29295 0.259494
2.28 -1.75942 0.266532
2.29 -1.52261 0.273499
2.3 -1.36706 0.280396
2.31 -1.25034 0.287224
2.32 -1.15645 0.293983
2.33 -1.07765 0.300674
2.34 -1.00954 0.307297
2.35 -0.949435 0.313854
2.36 -0.895536 0.320344
2.37 -0.846596 0.326769
2.38 -0.801713 0.333129
2.39 -0.760212 0.339424
2.4 -0.721572 0.345655
2.41 -0.685388 0.351823
2.42 -0.651336 0.357929
2.43 -0.619151 0.363972
2.44 -0.588616 0.369953
2.45 -0.559552 0.375873
2.46 -0.531806 0.381732
2.47 -0.505249 0.387531
2.48 -0.479771 0.39327
2.49 -0.455276 0.398949
2.5 -0.431681 0.404569
2.51 -0.408914 0.410131
2.52 -0.38691 0.415634
2.53 -0.365614 0.42108
2.54 -0.344975 0.426467
2.55 -0.324947 0.431798
2.56 -0.305492 0.437072
2.57 -0.286572 0.44229
2.58 -0.268155 0.447452
2.59 -0.250212 0.452558
2.6 -0.232714 0.457608
2.61 -0.215639 0.462603
2.62 -0.198963 0.467544
2.63 -0.182665 0.47243
2.64 -0.166727 0.477261
2.65 -0.151131 0.482039
2.66 -0.135861 0.486763
2.67 -0.120903 0.491433
2.68 -0.106241 0.49605
2.69 -0.091864 0.500614
2.7 -0.0777592 0.505125
2.71 -0.0639157 0.509584
2.72 -0.050323 0.51399
2.73 -0.0369713 0.518344
2.74 -0.0238515 0.522646
2.75 -0.0109549 0.526897
2.76 0.00172633 0.531095
2.77 0.0141999 0.535243
2.78 0.026473 0.539338
2.79 0.0385523 0.543383
2.8 0.0504441 0.547377
2.81 0.0621544 0.55132
2.82 0.073689 0.555212
2.83 0.0850533 0.559053
2.84 0.0962522 0.562844
2.85 0.107291 0.566584
2.86 0.118173 0.570274
2.87 0.128905 0.573914
2.88 0.139489 0.577504
2.89 0.149929 0.581043
2.9 0.16023 0.584533
2.91 0.170395 0.587972
2.92 0.180428 0.591362
2.93 0.190331 0.594702
2.94 0.200108 0.597992
2.95 0.209762 0.601232
2.96 0.219296 0.604422
2.97 0.228713 0.607563
2.98 0.238014 0.610653
2.99 0.247204 0.613694
3 0.256283 0.616686
3.01 0.265255 0.619627
