0.1 0.00507814 0.102282
0.2 0.0205774 0.208176
0.3 0.046781 0.316082
0.4 0.0838008 0.424178
0.5 0.131556 0.530434
0.6 0.189753 0.632635
0.7 0.257869 0.728409
0.8 0.335137 0.815257
0.9 0.420537 0.890598
1 0.512786 0.951811
1.1 0.610341 0.996289
1.2 0.711401 1.02149
1.3 0.813917 1.02501
1.4 0.915607 1.00464
1.5 1.01398 0.958415
1.6 1.10637 0.884722
1.7 1.18997 0.782341
1.8 1.26186 0.650519
1.9 1.31908 0.489037
2 1.35869 0.29827
2.1 1.37779 0.0792454
2.2 1.37365 -0.166317
2.3 1.34372 -0.435961
2.4 1.28576 -0.726472
2.5 1.19787 -1.03386
2.6 1.07858 -1.35338
2.7 0.926968 -1.67951
2.8 0.742666 -2.00603
2.9 0.525977 -2.32606
3 0.277917 -2.63214
