0.01 5.00828e-05 0.0100248
0.02 0.000200658 0.0200983
0.03 0.000452207 0.0302193
0.04 0.000805198 0.0403864
0.05 0.00126008 0.0505983
0.06 0.00181731 0.0608537
0.07 0.0024773 0.0711512
0.08 0.00324047 0.0814893
0.09 0.00410722 0.0918666
0.1 0.00507793 0.102282
0.11 0.00615297 0.112733
0.12 0.00733271 0.12322
0.13 0.00861747 0.133739
0.14 0.0100076 0.14429
0.15 0.0115034 0.154872
0.16 0.0131051 0.165482
0.17 0.0148131 0.176119
0.18 0.0166276 0.186782
0.19 0.0185488 0.197468
0.2 0.020577 0.208176
0.21 0.0227124 0.218904
0.22 0.0249552 0.229651
0.23 0.0273055 0.240415
0.24 0.0297635 0.251194
0.25 0.0323294 0.261986
0.26 0.0350033 0.27279
0.27 0.0377853 0.283603
0.28 0.0406754 0.294425
0.29 0.0436738 0.305251
0.3 0.0467804 0.316082
0.31 0.0499954 0.326915
0.32 0.0533187 0.337749
0.33 0.0567504 0.34858
0.34 0.0602903 0.359407
0.35 0.0639385 0.370229
0.36 0.0676949 0.381043
0.37 0.0715593 0.391847
0.38 0.0755318 0.402639
0.39 0.0796121 0.413417
0.4 0.0838001 0.424179
0.41 0.0880956 0.434922
0.42 0.0924984 0.445645
0.43 0.0970084 0.456346
0.44 0.101625 0.467022
0.45 0.106349 0.477671
0.46 0.111179 0.488291
0.47 0.116114 0.49888
0.48 0.121156 0.509435
0.49 0.126303 0.519954
0.5 0.131555 0.530435
0.51 0.136912 0.540876
0.52 0.142372 0.551274
0.53 0.147937 0.561627
0.54 0.153605 0.571932
0.55 0.159375 0.582188
0.56 0.165248 0.592392
0.57 0.171223 0.602541
0.58 0.177299 0.612633
0.59 0.183476 0.622666
0.6 0.189752 0.632637
0.61 0.196128 0.642544
0.62 0.202603 0.652384
0.63 0.209176 0.662156
0.64 0.215846 0.671856
0.65 0.222612 0.681481
0.66 0.229475 0.69103
0.67 0.236433 0.7005
0.68 0.243485 0.709889
0.69 0.25063 0.719193
0.7 0.257868 0.728411
0.71 0.265198 0.73754
0.72 0.272619 0.746577
0.73 0.280129 0.755519
0.74 0.287729 0.764365
0.75 0.295416 0.773111
0.76 0.303191 0.781755
0.77 0.311051 0.790295
0.78 0.318996 0.798727
0.79 0.327025 0.80705
0.8 0.335137 0.81526
0.81 0.34333 0.823355
0.82 0.351604 0.831333
0.83 0.359956 0.83919
0.84 0.368387 0.846924
0.85 0.376894 0.854533
0.86 0.385477 0.862014
0.87 0.394134 0.869363
0.88 0.402864 0.87658
0.89 0.411665 0.88366
0.9 0.420537 0.890602
0.91 0.429477 0.897403
0.92 0.438484 0.904059
0.93 0.447558 0.910569
0.94 0.456695 0.91693
0.95 0.465896 0.923139
0.96 0.475158 0.929194
0.97 0.484479 0.935092
0.98 0.493859 0.94083
0.99 0.503295 0.946405
1 0.512786 0.951816
1.01 0.522331 0.95706
1.02 0.531927 0.962134
1.03 0.541573 0.967035
1.04 0.551267 0.971761
1.05 0.561008 0.976309
1.06 0.570793 0.980677
1.07 0.580621 0.984862
1.08 0.590489 0.988862
1.09 0.600397 0.992674
1.1 0.610342 0.996295
1.11 0.620322 0.999724
1.12 0.630336 1.00296
1.13 0.640381 1.00599
1.14 0.650455 1.00883
1.15 0.660557 1.01146
1.16 0.670684 1.01389
1.17 0.680834 1.01611
1.18 0.691005 1.01812
1.19 0.701196 1.01992
1.2 0.711403 1.0215
1.21 0.721625 1.02287
1.22 0.731859 1.02401
1.23 0.742104 1.02494
1.24 0.752358 1.02564
1.25 0.762616 1.02611
1.26 0.772879 1.02636
1.27 0.783143 1.02638
1.28 0.793406 1.02616
1.29 0.803665 1.02571
1.3 0.813919 1.02502
1.31 0.824165 1.02409
1.32 0.8344 1.02293
1.33 0.844623 1.02151
1.34 0.85483 1.01986
1.35 0.865019 1.01795
1.36 0.875188 1.0158
1.37 0.885334 1.01339
1.38 0.895455 1.01073
1.39 0.905548 1.00782
1.4 0.91561 1.00465
1.41 0.92564 1.00122
1.42 0.935634 0.997527
1.43 0.94559 0.993575
1.44 0.955504 0.989358
1.45 0.965376 0.984876
1.46 0.975201 0.980127
1.47 0.984978 0.975108
1.48 0.994702 0.969819
1.49 1.00437 0.964259
1.5 1.01399 0.958424
1.51 1.02354 0.952314
1.52 1.03303 0.945928
1.53 1.04246 0.939265
1.54 1.05182 0.932322
1.55 1.0611 0.925098
1.56 1.07032 0.917593
1.57 1.07945 0.909805
1.58 1.08851 0.901733
1.59 1.09749 0.893376
1.6 1.10638 0.884732
1.61 1.11518 0.875801
1.62 1.12389 0.866582
1.63 1.13251 0.857074
1.64 1.14103 0.847276
1.65 1.14946 0.837187
1.66 1.15778 0.826806
1.67 1.16599 0.816132
1.68 1.1741 0.805166
1.69 1.18209 0.793906
1.7 1.18998 0.782351
1.71 1.19774 0.770502
1.72 1.20539 0.758357
1.73 1.21291 0.745917
1.74 1.2203 0.73318
1.75 1.22757 0.720147
1.76 1.2347 0.706818
1.77 1.2417 0.693191
1.78 1.24857 0.679267
1.79 1.25529 0.665047
1.8 1.26187 0.650529
1.81 1.2683 0.635714
1.82 1.27458 0.620602
1.83 1.28071 0.605193
1.84 1.28668 0.589488
1.85 1.2925 0.573486
1.86 1.29815 0.557189
1.87 1.30364 0.540595
1.88 1.30896 0.523707
1.89 1.31411 0.506524
1.9 1.31909 0.489046
1.91 1.32389 0.471276
1.92 1.32852 0.453213
1.93 1.33296 0.434857
1.94 1.33721 0.416211
1.95 1.34128 0.397275
1.96 1.34516 0.37805
1.97 1.34884 0.358536
1.98 1.35233 0.338736
1.99 1.35561 0.31865
2 1.3587 0.298279
2.01 1.36158 0.277626
2.02 1.36425 0.25669
2.03 1.36671 0.235474
2.04 1.36896 0.21398
2.05 1.37099 0.192208
2.06 1.3728 0.170161
2.07 1.37439 0.14784
2.08 1.37576 0.125247
2.09 1.3769 0.102384
2.1 1.37781 0.0792531
2.11 1.37848 0.0558563
2.12 1.37892 0.0321956
2.13 1.37912 0.00827317
2.14 1.37909 -0.0159086
2.15 1.37881 -0.0403475
2.16 1.37828 -0.065041
2.17 1.3775 -0.0899867
2.18 1.37648 -0.115182
2.19 1.3752 -0.140624
2.2 1.37367 -0.166311
2.21 1.37187 -0.192239
2.22 1.36982 -0.218405
2.23 1.3675 -0.244807
2.24 1.36492 -0.271442
2.25 1.36207 -0.298307
2.26 1.35896 -0.325397
2.27 1.35557 -0.352711
2.28 1.3519 -0.380244
2.29 1.34796 -0.407994
2.3 1.34374 -0.435957
2.31 1.33924 -0.464129
2.32 1.33446 -0.492507
2.33 1.32939 -0.521087
2.34 1.32403 -0.549864
2.35 1.31839 -0.578837
2.36 1.31246 -0.607999
2.37 1.30623 -0.637348
2.38 1.29971 -0.666879
2.39 1.29289 -0.696588
2.4 1.28578 -0.726471
2.41 1.27836 -0.756523
2.42 1.27065 -0.786741
2.43 1.26263 -0.817118
2.44 1.2543 -0.847652
2.45 1.24567 -0.878337
2.46 1.23674 -0.909169
2.47 1.22749 -0.940143
2.48 1.21793 -0.971253
2.49 1.20806 -1.0025
2.5 1.19788 -1.03387
2.51 1.18739 -1.06536
2.52 1.17657 -1.09696
2.53 1.16545 -1.12868
2.54 1.154 -1.16051
2.55 1.14224 -1.19244
2.56 1.13015 -1.22446
2.57 1.11775 -1.25657
2.58 1.10502 -1.28876
2.59 1.09197 -1.32104
2.6 1.0786 -1.35338
2.61 1.0649 -1.3858
2.62 1.05088 -1.41827
2.63 1.03654 -1.4508
2.64 1.02187 -1.48338
2.65 1.00687 -1.516
2.66 0.991547 -1.54865
2.67 0.975897 -1.58134
2.68 0.95992 -1.61405
2.69 0.943616 -1.64678
2.7 0.926984 -1.67952
2.71 0.910025 -1.71226
2.72 0.892739 -1.745
2.73 0.875125 -1.77773
2.74 0.857185 -1.81045
2.75 0.838916 -1.84315
2.76 0.820322 -1.87581
2.77 0.8014 -1.90844
2.78 0.782153 -1.94103
2.79 0.76258 -1.97356
2.8 0.742682 -2.00604
2.81 0.722459 -2.03846
2.82 0.701913 -2.0708
2.83 0.681044 -2.10307
2.84 0.659852 -2.13524
2.85 0.638339 -2.16733
2.86 0.616506 -2.19931
2.87 0.594353 -2.23119
2.88 0.571882 -2.26294
2.89 0.549095 -2.29458
2.9 0.525991 -2.32608
2.91 0.502573 -2.35745
2.92 0.478843 -2.38866
2.93 0.454801 -2.41973
2.94 0.430449 -2.45063
2.95 0.405789 -2.48136
2.96 0.380822 -2.51191
2.97 0.355551 -2.54227
2.98 0.329977 -2.57244
2.99 0.304103 -2.60241
3 0.27793 -2.63217
3.01 0.25146 -2.6617
