0.05 0.00126009 0.0505983
0.1 0.00507794 0.102282
0.15 0.0115034 0.154872
0.2 0.0205771 0.208176
0.25 0.0323295 0.261986
0.3 0.0467805 0.316082
0.35 0.0639386 0.370229
0.4 0.0838001 0.424179
0.45 0.106349 0.477671
0.5 0.131555 0.530435
0.55 0.159375 0.582188
0.6 0.189752 0.632637
0.65 0.222612 0.681481
0.7 0.257868 0.728411
0.75 0.295416 0.773111
0.8 0.335137 0.81526
0.85 0.376894 0.854533
0.9 0.420537 0.890602
0.95 0.465896 0.923139
1 0.512786 0.951816
1.05 0.561008 0.976308
1.1 0.610342 0.996295
1.15 0.660557 1.01146
1.2 0.711403 1.0215
1.25 0.762616 1.02611
1.3 0.813919 1.02502
1.35 0.865019 1.01795
1.4 0.91561 1.00465
1.45 0.965376 0.984876
1.5 1.01399 0.958423
1.55 1.0611 0.925098
1.6 1.10638 0.884732
1.65 1.14946 0.837186
1.7 1.18998 0.782351
1.75 1.22757 0.720147
1.8 1.26187 0.650528
1.85 1.2925 0.573486
1.9 1.31909 0.489046
1.95 1.34128 0.397275
2 1.3587 0.298279
2.05 1.37099 0.192207
2.1 1.3778 0.0792527
2.15 1.3788 -0.0403479
2.2 1.37366 -0.166311
2.25 1.36207 -0.298307
2.3 1.34374 -0.435957
2.35 1.31839 -0.578837
2.4 1.28578 -0.726471
2.45 1.24567 -0.878337
2.5 1.19788 -1.03387
2.55 1.14224 -1.19244
2.6 1.0786 -1.35338
2.65 1.00687 -1.516
2.7 0.926983 -1.67952
2.75 0.838916 -1.84315
2.8 0.742681 -2.00604
2.85 0.638338 -2.16733
2.9 0.52599 -2.32608
2.95 0.405788 -2.48135
3 0.277929 -2.63216
3.05 0.142663 -2.7775
