0.3 0.0194022
0.63 -0.00374426
0.92 0.0128912
1.26 -0.0116135
1.56 0.00554112
1.88 -0.0168274
2.2 0.00326054
2.5 -0.0159118
2.83 0.00674438
3.13 -0.0111505
3.46 0.0114713
3.76 -0.00764291
4.08 0.0129294
4.4 -0.0082674
4.7 0.0107263
5.03 -0.0112333
5.33 0.00788632
5.65 -0.0132036
5.96 0.00705647
6.28 -0.0128512
6.6 0.00836906
6.9 -0.0110597
7.22 0.0102604
7.53 -0.0091327
7.85 0.0122265
8.16 -0.0071071
8.48 0.0143618
8.79 -0.00508628
9.11 0.0158774
9.42 -0.00464118
9.73 0.0147048
10.06 -0.00775114
10.35 0.0099293
10.69 -0.0136137
10.98 0.00408861
11.31 -0.018097
11.62 0.00196503
11.93 -0.0171843
12.26 0.005924
12.55 -0.0111758
12.88 0.0126398
13.18 -0.00524646
13.5 0.0161129
13.82 -0.00492204
14.12 0.0133
14.46 -0.0101746
14.75 0.00728593
15.08 -0.0152881
15.39 0.00444639
15.7 -0.0149362
16.03 0.00802746
16.32 -0.00913725
16.65 0.0146619
16.95 -0.00318158
17.27 0.0183151
17.59 -0.00248987
17.89 0.015989
18.23 -0.00730127
18.52 0.0100485
18.85 -0.0131842
19.15 0.00522216
19.47 -0.0160764
19.79 0.0042807
20.1 -0.0154189
20.42 0.00608566
20.73 -0.0131217
21.05 0.00845097
21.35 -0.0108706
21.67 0.0104325
21.98 -0.00894692
22.3 0.0123101
22.61 -0.00730195
22.93 0.0134672
23.24 -0.00702793
23.55 0.0125538
23.88 -0.00912668
24.18 0.00973352
24.5 -0.0120508
24.81 0.00751397
25.13 -0.0127015
25.45 0.00896313
25.75 -0.00937589
26.08 0.0135504
26.38 -0.00474504
26.7 0.0168007
27.02 -0.00396211
27.32 0.0145004
27.65 -0.00929263
27.94 0.00724295
28.28 -0.0169852
28.58 0.000878351
28.9 -0.0203838
29.22 0.00117997
29.52 -0.0164434
29.85 0.00800082
30.14 -0.00843553
30.48 0.0153843
30.78 -0.00314511
31.09 0.0174302
31.42 -0.00427068
31.72 0.0138457
32.05 -0.00927387
32.35 0.00893455
32.67 -0.0128115
32.98 0.00734475
33.29 -0.0122338
33.61 0.00952752
33.92 -0.00928675
34.24 0.0123753
34.55 -0.00730397
34.87 0.0131277
35.18 -0.0077622
35.49 0.0117394
35.81 -0.00962115
36.12 0.00977027
36.44 -0.0115585
36.75 0.00791704
37.07 -0.0134315
37.38 0.00603728
37.7 -0.0151763
38.01 0.00481313
38.32 -0.015336
38.64 0.00617342
38.94 -0.0121861
39.27 0.0109651
39.57 -0.00647806
39.9 0.0166113
40.2 -0.00212056
40.52 0.0184482
40.84 -0.00332704
41.14 0.0143972
41.48 -0.00957431
41.77 0.0075549
42.1 -0.0153991
42.41 0.00402763
42.72 -0.0156758
43.04 0.00693865
43.34 -0.0104828
43.67 0.0129957
43.97 -0.00527077
44.29 0.0157574
44.61 -0.00567228
44.91 0.0122765
45.24 -0.0114804
45.54 0.00569107
45.87 -0.0172265
46.18 0.00215095
46.49 -0.0176891
46.81 0.00474385
47.11 -0.0127737
47.44 0.0108852
47.74 -0.006768
48.07 0.0155995
48.37 -0.0039093
48.69 0.016327
49.01 -0.00493949
49.31 0.0141962
49.64 -0.00753042
49.94 0.0116163
50.26 -0.00984071
50.57 0.00952765
50.89 -0.0117701
51.2 0.00776245
51.52 -0.0133001
51.83 0.0067616
52.14 -0.0133984
52.46 0.0077381
52.77 -0.0113364
53.09 0.0106208
53.4 -0.00836809
53.72 0.0128387
54.03 -0.00769095
54.34 0.0115001
54.67 -0.0109815
54.97 0.00709331
55.29 -0.0153937
55.6 0.00393001
55.91 -0.0160409
56.24 0.00639032
56.53 -0.0108072
56.87 0.0136053
57.16 -0.00327853
57.49 0.019616
57.8 -7.70033e-05
58.11 0.0190498
58.44 -0.0044204
58.73 0.0121157
59.07 -0.0125502
59.36 0.00461452
59.69 -0.0176601
60 0.00259957
60.31 -0.0163812
60.64 0.0065341
60.93 -0.0111659
61.26 0.0115542
61.57 -0.0074704
61.88 0.013139
62.2 -0.00799666
62.51 0.0109844
62.83 -0.0109891
63.14 0.00814683
63.46 -0.012939
63.77 0.00745148
64.08 -0.0123734
64.4 0.00891041
64.71 -0.0104634
65.03 0.0109323
65.34 -0.00856957
65.66 0.0126921
65.97 -0.00688757
66.28 0.0142843
66.6 -0.0054225
66.91 0.0152555
67.23 -0.00548632
67.53 0.0137095
67.86 -0.00872964
68.16 0.00902375
68.49 -0.0143574
68.79 0.00357233
69.11 -0.0183405
69.43 0.00197093
69.73 -0.0169489
70.06 0.00629124
70.36 -0.0106968
70.69 0.01321
70.99 -0.00475992
71.31 0.0166116
71.63 -0.00454939
71.93 0.0136736
72.26 -0.00984897
72.56 0.00760341
72.88 -0.0149418
73.19 0.00473932
73.5 -0.0145659
73.83 0.00832927
74.13 -0.00888709
74.46 0.0148382
74.76 -0.00323603
75.08 0.0181095
75.4 -0.00298704
75.7 0.0153411
76.03 -0.00814032
76.33 0.00911843
76.66 -0.0141493
76.96 0.00441352
77.28 -0.016748
77.59 0.00387571
77.9 -0.0154598
78.23 0.006337
78.53 -0.0126125
78.85 0.00910808
79.16 -0.0101245
79.48 0.0112587
79.79 -0.00825543
80.11 0.0129279
80.42 -0.00688622
80.73 0.0137243
81.05 -0.00689081
81.36 0.0126724
81.68 -0.00906303
81.99 0.00978108
82.31 -0.0120467
82.62 0.00755828
82.93 -0.012704
83.25 0.00883356
83.55 -0.0095612
83.88 0.0131414
84.18 -0.00524523
84.5 0.0160757
84.82 -0.00472486
85.12 0.0136536
85.46 -0.0100714
85.75 0.00664941
86.08 -0.0173319
86.38 0.000728018
86.7 -0.0201737
87.02 0.00162217
87.32 -0.0157266
87.66 0.00890388
87.95 -0.0075218
88.28 0.0162652
88.58 -0.00231587
88.9 0.0180742
89.22 -0.00386073
89.52 0.0139935
89.85 -0.00928184
90.15 0.00872893
90.48 -0.0131002
90.79 0.00705645
91.1 -0.0125695
91.42 0.00927449
91.72 -0.0095172
92.05 0.0121262
92.36 -0.00762364
92.67 0.0127463
92.99 -0.00823536
93.3 0.0112368
93.62 -0.0102231
93.93 0.00920671
94.25 -0.0120778
94.55 0.00751881
94.87 -0.0135398
95.18 0.0061302
95.5 -0.01475
95.81 0.00544606
96.13 -0.0144823
96.45 0.0071773
96.75 -0.0112199
97.08 0.0118933
97.38 -0.00577066
97.7 0.0170368
98.01 -0.00195741
98.32 0.018338
98.65 -0.00366138
98.94 0.0138907
99.28 -0.0101283
99.57 0.00692967
99.9 -0.0159281
