1.72 0.634816
4.21 -1.08247
7.15 0.719675
9.55 -0.0195856
10.87 0.167116
13.17 -1.03839
15.67 1.08047
18.03 -0.233659
19.38 -0.0307478
21.66 -0.672488
24.62 1.08034
27.14 -0.698719
28.93 0.00542451
30.6 -0.568839
33.05 1.07897
35.97 -0.764289
38.48 0.0753903
39.78 -0.104646
42.03 0.991055
44.53 -1.11693
46.92 0.303034
48.33 0.0738911
50.49 0.622894
53.46 -1.07285
56.01 0.759869
57.87 -0.021665
59.48 0.501581
61.89 -1.06981
64.79 0.806269
67.39 -0.134972
68.71 0.0476441
70.89 -0.938777
73.38 1.14739
75.81 -0.374192
77.29 -0.108177
79.32 -0.57089
82.3 1.0601
84.88 -0.817634
86.81 0.0481643
88.37 -0.434
90.73 1.0549
93.6 -0.845459
96.3 0.196897
97.64 0.00248228
99.75 0.882003
