1.41 0.00482938
3.48 -0.00687969
5.17 0.00120637
6.59 -0.00233295
8.41 0.00704522
10.39 -0.00389033
11.87 0.000382318
13.46 -0.00590164
15.52 0.0060834
17.19 -0.000553451
18.38 0.003276
20.42 -0.00730799
22.4 0.00258452
23.6 -0.000991626
25.3 0.0064912
27.36 -0.00537589
28.92 0.000241499
30.42 -0.00452184
32.42 0.00686827
34.21 -0.00172968
35.56 0.00169957
37.35 -0.00712416
39.4 0.00418829
40.65 -0.000151791
42.24 0.00541773
44.31 -0.00653967
45.96 0.000807647
47.4 -0.00296326
49.25 0.00711944
51.21 -0.00324082
52.67 0.000629909
54.3 -0.00635757
56.35 0.00559292
57.97 -0.000209794
59.19 0.0039612
61.26 -0.00720418
63.02 0.00196777
64.41 -0.00150577
66.14 0.00680821
68.19 -0.00479272
69.71 0.000207602
71.25 -0.00511924
73.25 0.00659198
75.02 -0.00117525
76.19 0.00234813
78.19 -0.00727
80.21 0.00351395
81.44 -0.000437873
83.07 0.00593939
85.15 -0.006115
86.76 0.000503001
88.22 -0.00360468
90.09 0.00708965
92.03 -0.00259239
93.44 0.000980611
95.13 -0.00673101
97.18 0.00503176
98.55 -2.14052e-05
