2.53 1.12041
4.38 0.878968
5.21 0.900666
8.85 -0.0946797
11.53 0.930711
14.03 0.0482125
14.88 0.0953057
17.32 -0.719614
19.93 0.282288
23.64 -0.81852
24.59 -0.786093
26.35 -0.999667
28.82 0.0227175
31.42 -1.19225
33.35 -0.920882
34.09 -0.936993
37.62 -0.0620765
40.39 -1.11793
42.92 -0.182056
43.82 -0.237937
46.17 0.496914
48.74 -0.488763
52.47 0.697926
53.58 0.647807
55.24 0.835152
57.65 -0.0893305
60.3 1.21294
62.29 0.909035
63.01 0.923342
66.38 0.177863
69.25 1.27031
71.8 0.295441
72.79 0.370041
75.02 -0.275503
77.55 0.700854
81.29 -0.548972
82.57 -0.472103
84.14 -0.634858
86.49 0.194974
89.17 -1.1835
91.22 -0.843422
91.96 -0.859009
95.12 -0.245365
98.11 -1.37895
