1.41 0.00105755
3.48 -0.000730206
5.17 -0.00692549
6.59 0.00828747
8.41 -0.00405595
10.39 0.00488221
11.87 -0.00254534
13.46 -0.00412118
15.52 0.00465949
17.19 0.0010522
18.38 -0.00529413
20.42 0.00428085
22.4 -0.00747189
23.6 0.00611851
25.3 0.00152498
27.36 -0.00155114
28.92 1.61425e-05
30.42 -0.00117055
32.42 0.00134585
34.21 0.00523298
35.56 -0.00883028
37.35 0.00443314
39.4 -0.0048934
40.65 0.00186981
42.24 0.00435034
44.31 -0.00449956
45.96 -0.00176653
47.4 0.00527293
49.25 -0.00444806
51.21 0.0076308
52.67 -0.00787904
54.3 -0.000253278
56.35 0.0013995
57.97 -7.1141e-05
59.19 0.000711687
61.26 -0.00108406
63.02 -0.00569358
64.41 0.00894429
66.14 -0.00397024
68.19 0.00452412
69.71 -0.00323017
71.25 -0.0035711
73.25 0.00480868
75.02 0.00018297
76.19 -0.0056644
78.19 0.00425019
80.21 -0.00669273
81.44 0.00713856
83.07 0.00116607
85.15 -0.001827
86.76 0.000159298
88.22 -0.000794425
90.09 0.000769022
92.03 0.00414518
93.44 -0.00942419
95.13 0.00475715
97.18 -0.00452775
98.55 0.00295667
