-1 -1.46877 -0.421661 -0.0409789
-1.12494 -1.72452 -0.511113 -0.230125
-1.24988 -1.97766 -0.607814 -0.398905
-1.37482 -2.22937 -0.710568 -0.554642
-1.49975 -2.48028 -0.818255 -0.701626
-1.62469 -2.73073 -0.92989 -0.84255
-1.74963 -2.98093 -1.04464 -0.979185
-1.87457 -3.23099 -1.1618 -1.11274
-1.99951 -3.48097 -1.28084 -1.24405
-2.12445 -3.73091 -1.40131 -1.37373
-2.24939 -3.98082 -1.52288 -1.50219
-2.37433 -4.23071 -1.64527 -1.62976
-2.49926 -4.4806 -1.76829 -1.75666
-2.6242 -4.73048 -1.89179 -1.88306
-2.74914 -4.98036 -2.01565 -2.0091
-2.87408 -5.23025 -2.13977 -2.13486
-2.99902 -5.48013 -2.2641 -2.26042
-3.12396 -5.72997 -2.38858 -2.38582
-3.2489 -5.97974 -2.51317 -2.5111
-3.37384 -6.22972 -2.63785 -2.6363
-3.49877 -6.48006 -2.7626 -2.76143
-3.62371 -6.72937 -2.88739 -2.88652
-3.74865 -6.9613 -3.01222 -3.01157
-3.87359 -7.22199 -3.13708 -3.13659
-3.99853 -7.57844 -3.26197 -3.26159
-4.12347 -7.67674 -3.38687 -3.38659
-4.24841 -8.35489 -3.51181 -3.51155
-4.37335 -7.59939 -3.63663 -3.63643
-4.49828 -6.89349 -3.76225 -3.76139
-4.62322 -7.01484 -3.88684 -3.88654
-4.74816 -7.42179 -4.01128 -4.0115
-4.8731 -6.32929 -4.13908 -4.13729
-4.99804 -6.217 -4.26118 -4.26907
-5.12298 -7.54011 -4.3886 -4.39178
-5.24792 -6.23505 -4.47419 -4.45938
-5.37286 -5.76801 -4.68249 -4.65881
-5.49779 -5.76801 -4.49129 -4.59033
-5.62273 -5.40602 -4.85901 -4.95739
-5.74767 -5.49779 -5.49779 -4.65595
-5.87261 -4.66913 -5.98643 -5.98643
-5.99755 -5.45264 -4.2491 -4.11741
-6.12249 -3.87892 -3.87892 -3.43817
-6.24743 -3.65977 -3.38518 -3.79697
-6.37237 -3.46619 -2.95232 -3.46619
-6.4973 -4.49509 -3.08121 -2.80605
-6.62224 -2.91774 -2.70304 -3.30132
-6.74718 -2.71729 -2.909 -2.50537
-6.87212 -3.09842 -2.84069 -2.51747
-6.99706 -2.08275 -2.24604 -1.9337
-7.122 -2.26331 -2.28674 -2.26331
-7.24694 -2.15322 -1.87546 -1.74116
-7.37188 -1.81386 -2.15322 -1.81386
-7.49681 -1.07072 -1.02662 -1.12982
-7.62175 -1.21538 -0.589443 -0.693887
-7.74669 -2.22978 -0.510816 -0.880652
-7.87163 -0.929382 -0.975209 -0.109876
-7.99657 -0.71632 -0.393709 -0.229474
-8.12151 -0.384114 -0.115673 0
-8.24645 0 0.353329 0.179521
-8.37139 0 0 0
-8.49632 0 0.95128 0.841286
-8.62126 1.11772 1.17936 1.17936
-8.7462 0 1.38185 0
-8.87114 0 1.63954 1.65902
-8.99608 1.89375 1.90471 1.90471
-9.12102 0 0 0
-9.24596 0 2.39728 2.40075
-9.3709 0 2.64987 2.64792
-9.49583 0 0 0
-9.62077 0 3.14834 3.14896
-9.74571 0 3.39836 0
-9.87065 0 0 0
-9.99559 0 3.89823 3.89834
-10.1205 0 0 0
-10.2455 0 4.39802 4.39806
-10.3704 0 4.64793 4.94894
-10.4953 4.89779 4.8978 0
-10.6203 0 5.14767 5.14768
-10.7452 0 5.39755 5.39755
-10.8702 0 5.64743 5.64743
-10.9951 0 5.89731 5.8973
-11.12 6.14718 6.14718 6.14718
-11.245 6.39706 6.39706 6.39706
-11.3699 0 6.64694 6.94797
-11.4949 6.89682 6.89682 6.89682
-11.6198 0 7.14669 7.14669
-11.7447 7.39657 7.39657 7.39657
-11.8697 0 0 0
-11.9946 0 0 0
