-1 -0.741592 -0.219516 0.471558
-1.12494 -1.0167 -0.290074 0.209017
-1.24988 -1.28026 -0.370604 -0.00369434
-1.37482 -1.53767 -0.459901 -0.1877
-1.49975 -1.79175 -0.556647 -0.353722
-1.62469 -2.04397 -0.659547 -0.507863
-1.74963 -2.29516 -0.767419 -0.65387
-1.87457 -2.54577 -0.879241 -0.794168
-1.99951 -2.79607 -0.994156 -0.930389
-2.12445 -3.04618 -1.11147 -1.06366
-2.24939 -3.29619 -1.23063 -1.19478
-2.37433 -3.54614 -1.3512 -1.32431
-2.49926 -3.79606 -1.47284 -1.45267
-2.6242 -4.04595 -1.59529 -1.58017
-2.74914 -4.29585 -1.71836 -1.70702
-2.87408 -4.546 -1.84189 -1.83338
-2.99902 -4.79577 -1.96577 -1.95939
-3.12396 -5.04282 -2.08991 -2.08514
-3.2489 -5.29351 -2.21425 -2.21068
-3.37384 -5.57035 -2.33877 -2.33603
-3.49877 -5.7848 -2.46339 -2.46129
-3.62371 -5.41937 -2.5879 -2.58791
-3.74865 -5.6307 -2.70959 -2.71116
-3.87359 -6.08463 -2.83206 -2.83254
-3.99853 -4.78841 -2.99452 -2.95388
-4.12347 -4.44923 -3.14174 -3.05739
-4.24841 -4.13185 -3.39454 -3.20342
-4.37335 -3.86458 -3.10215 -3.73194
-4.49828 -3.17085 -2.57202 -2.88898
-4.62322 -3.28711 -4.49509 -2.94749
-4.74816 -4.49509 -3.20914 -2.70304
-4.8731 -2.46122 -2.13525 -2.37226
-4.99804 -2.1588 -2.11541 -2.11541
-5.12298 -1.87199 -2.41115 -1.6739
-5.24792 -0.967664 -1.59048 -0.656618
-5.37286 -1.11843 -0.777307 -0.903936
-5.49779 -0.137346 0 -0.268438
-5.62273 -1.03236 -1.03236 -0.194343
-5.74767 -0.529892 0.971348 0
-5.87261 0 0 0.315989
-5.99755 0.666389 1.4787 1.63006
-6.12249 1.78799 1.52504 2.18822
-6.24743 1.60085 2.21631 2.08517
-6.37237 2.53176 2.88895 2.2852
-6.4973 2.83898 2.66132 3.26409
-6.62224 3.03748 3.63904 3.43486
-6.74718 3.11053 3.41173 3.5881
-6.87212 3.48582 3.78664 3.96275
-6.99706 3.86044 4.1615 3.86056
-7.122 4.23529 4.23534 0
-7.24694 4.61014 4.91115 5.21219
-7.37188 4.68392 5.28597 5.28597
-7.49681 5.05874 5.96182 5.66079
-7.62175 6.27865 6.68882 6.63767
-7.74669 6.28549 6.71145 6.10939
-7.87163 6.6603 6.96133 7.26236
-7.99657 6.85903 6.85903 7.33615
-8.12151 7.23384 7.53487 7.71096
-8.24645 7.78475 8.21072 0
-8.37139 0 7.98348 8.58554
-8.49632 8.65932 8.83541 8.65932
-8.62126 0 9.33517 9.03414
-8.7462 9.10792 9.70998 9.40895
-8.87114 9.78377 9.78377 9.78377
-8.99608 0 10.4596 10.1586
-9.12102 0 0 0
-9.24596 10.9082 10.9082 10.9082
-9.3709 11.283 11.5841 11.283
-9.49583 0 0 0
-9.62077 12.0327 12.5098 12.5098
-9.74571 12.1065 12.4075 12.4075
-9.87065 0 0 0
-9.99559 13.1571 13.4581 13.4581
-10.1205 0 0 0
-10.2455 13.9067 14.3839 14.3839
-10.3704 14.4577 14.2816 14.8836
-10.4953 14.3554 14.6564 14.6564
-10.6203 15.0312 15.3322 15.5083
-10.7452 15.406 15.406 15.406
-10.8702 15.7808 16.0819 16.258
-10.9951 16.1556 16.1556 16.1556
-11.12 0 16.8315 16.5305
-11.245 0 17.2063 16.9053
-11.3699 17.4562 17.2801 17.8822
-11.4949 0 17.6549 17.9559
-11.6198 18.0297 18.0297 18.0297
-11.7447 0 18.8817 0
-11.8697 0 18.7794 0
-11.9946 0 0 0
