0 0 -0.0468556 0.0555173 0.00939777 -0.00435121 -0.0262597
-0.09691 -0.210364 -0.0587108 0.652227 0.15056 -0.00733511 -0.637846
-0.19382 1.93955 -0.0744033 2.24897 1.41977 -0.0120233 1.87406
-0.29073 0.498374 -0.0946615 0.981337 0.410116 -0.0191199 0.540105
-0.38764 0.0309497 -0.120154 0.0105799 0.0251454 -0.0294529 0.629166
-0.48455 -0.285825 -0.151429 3.26385 2.70993 -0.0439163 3.48954
-0.58146 -0.545496 -0.188864 1.17271 0.646492 -0.0633889 1.3792
-0.67837 -0.777428 -0.232636 0.695196 0.153027 -0.0886424 2.53714
-0.77528 -0.994221 -0.282719 0.404674 -0.172477 -0.120261 1.30354
-0.87219 -1.20221 -0.338894 0.188083 -0.43639 -0.15859 0.844835
-0.9691 -1.4049 -0.400796 0.010306 -0.670682 -0.203717 0.548757
-1.06601 -1.60431 -0.467944 -0.144078 -0.888873 -0.255488 0.324643
-1.16292 -1.80168 -0.539799 -0.283169 -1.09772 -0.313552 0.14036
-1.25983 -1.99776 -0.615793 -0.411719 -1.30094 -0.377413 -0.0192201
-1.35674 -2.19302 -0.695371 -0.532731 -1.50069 -0.446489 -0.162378
-1.45365 -2.38776 -0.778008 -0.64821 -1.69826 -0.520162 -0.294098
-1.55056 -2.58216 -0.863225 -0.759546 -1.89448 -0.597818 -0.417585
-1.64747 -2.77636 -0.950599 -0.867737 -2.08982 -0.678874 -0.535001
-1.74438 -2.97042 -1.03976 -0.97351 -2.28461 -0.762799 -0.64786
-1.84129 -3.16439 -1.13039 -1.07741 -2.47906 -0.84912 -0.757251
-1.9382 -3.35831 -1.22222 -1.17985 -2.67327 -0.937426 -0.863973
-2.03511 -3.55219 -1.31504 -1.28115 -2.86735 -1.02737 -0.968625
-2.13202 -3.74605 -1.40865 -1.38154 -3.06133 -1.11864 -1.07166
-2.22893 -3.9399 -1.50291 -1.48122 -3.25526 -1.21101 -1.17343
-2.32584 -4.13374 -1.59769 -1.58034 -3.44914 -1.30426 -1.2742
-2.42275 -4.32757 -1.69289 -1.67901 -3.643 -1.39823 -1.37418
-2.51966 -4.52139 -1.78843 -1.77732 -3.83685 -1.49278 -1.47354
-2.61657 -4.71522 -1.88423 -1.87535 -4.03069 -1.58779 -1.5724
-2.71348 -4.90904 -1.98026 -1.97316 -4.22451 -1.68318 -1.67087
-2.81039 -5.10286 -2.07647 -2.07078 -4.41847 -1.77887 -1.76902
-2.9073 -5.29669 -2.17281 -2.16826 -4.6124 -1.8748 -1.86692
-3.00421 -5.4905 -2.26927 -2.26563 -4.80576 -1.97092 -1.96462
-3.10112 -5.68433 -2.36582 -2.3629 -5.00207 -2.06721 -2.06216
-3.19803 -5.87817 -2.46243 -2.46011 -5.19169 -2.16361 -2.15959
-3.29494 -6.07197 -2.55911 -2.55725 -5.4062 -2.26016 -2.25688
-3.39185 -6.26566 -2.65584 -2.65435 -5.56628 -2.35669 -2.35414
-3.48876 -6.45848 -2.7526 -2.75141 -5.71507 -2.45326 -2.45132
-3.58567 -6.65351 -2.84939 -2.84844 -7.26573 -2.55024 -2.54814
-3.68258 -6.84899 -2.9462 -2.94544 -6.28336 -2.64684 -2.64497
-3.77949 -7.05006 -3.04304 -3.04243 -7.32595 -2.74378 -2.74182
-3.8764 -7.21041 -3.13988 -3.1394 -5.93916 -2.83603 -2.83297
-3.97331 -7.58672 -3.23676 -3.23635 -5.00261 -2.9504 -2.95095
-4.07022 -7.5474 -3.3336 -3.3333 -4.63917 -3.00047 -3.03973
-4.16713 -8.14966 -3.43052 -3.43023 -5.31437 -3.21088 -3.18535
-4.26404 -8.3098 -3.52738 -3.52715 -4.41517 -3.104 -3.39219
-4.36095 -8.35034 -3.62415 -3.62408 -3.80301 -3.03741 -3.28762
-4.45786 -7.31214 -3.7213 -3.72099 -3.98455 -3.43647 -3.47659
-4.55477 -6.90815 -3.81894 -3.81772 -3.1361 -2.41096 -3.04489
-4.65168 -7.05634 -3.91546 -3.91449 -3.53287 -2.51661 -2.98232
-4.74859 -7.20437 -4.0128 -4.01109 -3.58188 -2.20375 -2.37963
-4.8455 -6.68388 -4.10582 -4.10848 -2.51749 -1.91232 -3.30834
-4.94241 -7.79886 -4.20043 -4.20171 -1.92635 -1.5169 -1.9777
-5.03932 -6.14713 -4.32418 -4.3087 -1.47214 -1.16589 -1.70564
-5.13623 -5.86201 -4.34927 -4.39868 -1.20633 -0.554033 -1.61534
-5.23314 -6.20904 -4.52149 -4.48794 -1.73799 -0.953195 -1.13165
-5.33005 -5.96652 -4.73014 -4.63988 -0.690178 -0.227811 -0.349587
-5.42696 -5.11601 -4.65608 -4.44849 -0.383848 -0.361787 0.153497
-5.52387 -5.30522 -4.79001 -4.65589 -0.616071 -0.420136 -0.18304
-5.62078 -5.74293 -4.57911 -4.63958 -0.0521671 0 -0.209525
-5.71769 -4.88092 -4.51072 -5.66693 0.411513 0.725704 0.334198
-5.8146 -5.89113 -4.23003 -4.44776 0.617122 1.12512 0.0238551
-5.91151 -4.74343 -5.05524 -5.05524 0 0.847145 1.28064
-6.00842 -4.16484 -4.43765 -4.80909 0 0 0
-6.10533 -4.34864 -3.73352 -3.75459 1.59444 1.95871 1.87858
-6.20224 -3.64649 -3.87639 -4.08781 1.14497 0 1.46128
-6.29915 -3.55765 -3.3531 -4.3638 1.75928 2.37069 1.75928
-6.39606 -3.22395 -2.93782 -3.81435 2.35663 3.137 2.53589
-6.49297 -3.22395 -2.86736 -3.6856 2.64829 2.95078 2.8247
-6.58988 -3.45244 -2.52199 -2.80292 3.24077 3.59331 2.94049
-6.68679 -2.70864 -2.48249 -2.99926 3.32743 3.70793 3.62876
-6.7837 -2.98883 -2.59911 -2.10128 3.76442 0 4.22045
-6.88061 -2.75213 -2.38729 -1.91333 4.05526 0 4.51114
-6.97752 -2.58526 -2.07978 -2.3296 3.50099 4.70496 4.10295
-7.07443 -2.98232 -2.98232 -2.98232 0 0 0
-7.17134 -2.37254 -2.04145 -2.3329 0 4.98541 4.68438
-7.26825 -1.85113 -1.38242 -1.85113 4.97511 5.45222 5.15119
-7.36516 -1.62644 -1.28146 -2.71256 4.96481 5.56686 4.9648
-7.46207 -1.29287 -0.993068 -1.29287 5.65347 5.55656 5.55656
-7.55898 -2.19029 -0.526085 -0.506717 6.28662 6.54626 6.62544
-7.65589 -1.11932 -2.16809 -0.799302 5.83699 5.83699 6.31411
-7.7528 -0.649645 -0.446234 -0.451759 6.52566 6.42875 6.82669
-7.84971 -1.98527 -0.672817 -0.404732 6.59454 0 6.71948
-7.94662 -0.237574 0.212578 -0.237574 7.25325 7.70918 7.40815
-8.04353 -0.295277 0.0863584 -1.875 6.99991 7.77806 6.99991
-8.14044 0 0.455478 0 7.68858 8.19373 7.98961
-8.23735 0.148865 -0.689466 0.532608 7.75746 7.8824 8.18343
-8.33426 0.441511 0.459681 0.677956 7.57107 8.57107 8.47416
-8.43117 0.688507 0.83765 0.83765 0 8.8618 8.46386
-8.52808 0 1.00813 0.913233 8.75459 8.93068 8.75459
-8.62499 0 1.18633 1.44273 9.22141 9.04532 9.64738
-8.7219 0 0 1.33111 9.03502 0 9.63708
-8.81881 1.53216 1.55695 1.55695 0 9.92781 9.62678
-8.91572 0 1.74641 1.73055 9.91751 10.2185 9.91751
-9.01263 0 1.92727 1.93742 10.2082 10.5093 10.6854
-9.10954 0 2.12293 0 10.1979 10.499 10.499
-9.20645 0 2.31793 2.32208 10.7897 10.7897 10.7897
-9.30336 0 2.5125 2.51516 11.0804 11.0804 11.0804
-9.40027 0 0 0 0 11.3712 0
-9.49718 0 2.90092 2.90201 11.6619 11.6619 11.6619
-9.59409 0 3.09494 0 11.6516 12.2537 11.9526
-9.691 3.28889 3.28933 3.28933 0 12.2434 12.7205
-9.78791 0 3.48279 3.48307 12.5341 12.8351 13.0112
-9.88482 0 3.67666 0 12.5238 13.1258 12.8248
-9.98173 0 3.87051 3.87063 13.1155 13.1155 13.1155
