0.05 0.078919 0.135221
0.1 0.108917 0.163485
0.15 0.129499 0.173956
0.2 0.14432 0.175135
0.25 0.154767 0.170408
0.3 0.161541 0.161606
0.35 0.165058 0.149908
0.4 0.165597 0.136166
0.45 0.163364 0.121057
0.5 0.158528 0.105146
0.55 0.151236 0.0889377
0.6 0.141627 0.0728892
0.65 0.129839 0.0574312
0.7 0.116014 0.042974
0.75 0.100298 0.0299141
0.8 0.0828491 0.0186371
0.85 0.0638353 0.00952
0.9 0.0434368 0.00293213
0.95 0.0218471 0.00076448
1 0.000726641 0.00121537
1.05 0.0240628 0.00192573
1.1 0.0479255 0.00899592
1.15 0.0720643 0.020322
1.2 0.0962145 0.0362189
1.25 0.120097 0.0569884
1.3 0.14342 0.0829171
1.35 0.165876 0.114275
1.4 0.187149 0.151312
1.45 0.206907 0.19426
1.5 0.224811 0.243326
1.55 0.240508 0.298693
1.6 0.253641 0.360517
1.65 0.263843 0.428924
1.7 0.27074 0.504011
1.75 0.273957 0.585842
1.8 0.273112 0.674443
1.85 0.267825 0.769807
1.9 0.257715 0.871886
1.95 0.242404 0.980592
2 0.221519 1.09579
2.05 0.194693 1.21732
2.1 0.161567 1.34495
2.15 0.121794 1.47842
2.2 0.0750405 1.61741
2.25 0.020988 1.76157
2.3 0.0406639 1.91048
2.35 0.110195 2.06368
2.4 0.187864 2.22067
2.45 0.273901 2.38088
2.5 0.368511 2.5437
2.55 0.471869 2.70847
2.6 0.584116 2.8745
2.65 0.705359 3.04101
2.7 0.835667 3.2072
2.75 0.975072 3.37224
2.8 1.12356 3.53522
2.85 1.28108 3.69522
2.9 1.44753 3.85126
2.95 1.62276 4.00234
3 1.80658 4.14743
3.05 1.99873 4.28545
