0.05 -1.10287 -0.868844
0.1 -0.962971 -0.786327
0.15 -0.887802 -0.759266
0.2 -0.840733 -0.756213
0.25 -0.810364 -0.767948
0.3 -0.791733 -0.790795
0.35 -0.782341 -0.823193
0.4 -0.780874 -0.864641
0.45 -0.786702 -0.915319
0.5 -0.799664 -0.975967
0.55 -0.819999 -1.04792
0.6 -0.848352 -1.13325
0.65 -0.885883 -1.23512
0.7 -0.93449 -1.35843
0.75 -0.997286 -1.51113
0.8 -1.07964 -1.7074
0.85 -1.19175 -1.97613
0.9 -1.35668 -2.39365
0.95 -1.64815 -3.39751
1 -7.56469 -6.48668
1.05 -1.63376 -2.49694
1.1 -1.32788 -1.98762
1.15 -1.14852 -1.66475
1.2 -1.02192 -1.42539
1.25 -0.925003 -1.23418
1.3 -0.847532 -1.07451
1.35 -0.784096 -0.937174
1.4 -0.731519 -0.816564
1.45 -0.687817 -0.708976
1.5 -0.651708 -0.611845
1.55 -0.622363 -0.523317
1.6 -0.599274 -0.442011
1.65 -0.58218 -0.366869
1.7 -0.571033 -0.297063
1.75 -0.565999 -0.231931
1.8 -0.567473 -0.17094
1.85 -0.576145 -0.113651
1.9 -0.593103 -0.0596989
1.95 -0.620042 -0.00877923
2 -0.65965 0.0393666
2.05 -0.716426 0.0849588
2.1 -0.798581 0.128186
2.15 -0.923471 0.169211
2.2 -1.13923 0.208175
2.25 -1.73051 0.245201
2.3 -1.36705 0.280396
2.35 -0.949431 0.313854
2.4 -0.72157 0.345655
2.45 -0.55955 0.375873
2.5 -0.43168 0.404569
2.55 -0.324946 0.431798
2.6 -0.232714 0.457608
2.65 -0.15113 0.482039
2.7 -0.0777587 0.505125
2.75 -0.0109545 0.526897
2.8 0.0504444 0.547377
2.85 0.107291 0.566584
2.9 0.16023 0.584533
2.95 0.209763 0.601232
3 0.256283 0.616686
3.05 0.300111 0.630894
