0.005 -1.59341 -1.27556
0.01 -1.44435 -1.14155
0.015 -1.35747 -1.06655
0.02 -1.29606 -1.01536
0.025 -1.2486 -0.977077
0.03 -1.20997 -0.946878
0.035 -1.17745 -0.922218
0.04 -1.14941 -0.901586
0.045 -1.12479 -0.884014
0.05 -1.10287 -0.868844
0.055 -1.08315 -0.855611
0.06 -1.06525 -0.843973
0.065 -1.04888 -0.83367
0.07 -1.03382 -0.824503
0.075 -1.01988 -0.816313
0.08 -1.00694 -0.808976
0.085 -0.994861 -0.802386
0.09 -0.98356 -0.796461
0.095 -0.972953 -0.791127
0.1 -0.962971 -0.786327
0.105 -0.953555 -0.782009
0.11 -0.944656 -0.77813
0.115 -0.93623 -0.774652
0.12 -0.928239 -0.771543
0.125 -0.920649 -0.768775
0.13 -0.913431 -0.766323
0.135 -0.90656 -0.764164
0.14 -0.900011 -0.76228
0.145 -0.893765 -0.760652
0.15 -0.887802 -0.759266
0.155 -0.882105 -0.758108
0.16 -0.87666 -0.757165
0.165 -0.871453 -0.756425
0.17 -0.866471 -0.75588
0.175 -0.861703 -0.755519
0.18 -0.857138 -0.755334
0.185 -0.852767 -0.755317
0.19 -0.848581 -0.755462
0.195 -0.844572 -0.755763
0.2 -0.840733 -0.756213
0.205 -0.837056 -0.756807
0.21 -0.833535 -0.75754
0.215 -0.830165 -0.758408
0.22 -0.826939 -0.759407
0.225 -0.823853 -0.760532
0.23 -0.820902 -0.761781
0.235 -0.818082 -0.76315
0.24 -0.815388 -0.764635
0.245 -0.812816 -0.766236
0.25 -0.810363 -0.767948
0.255 -0.808026 -0.76977
0.26 -0.805802 -0.771699
0.265 -0.803687 -0.773734
0.27 -0.801678 -0.775872
0.275 -0.799774 -0.778112
0.28 -0.797971 -0.780453
0.285 -0.796268 -0.782893
0.29 -0.794661 -0.785431
0.295 -0.79315 -0.788065
0.3 -0.791733 -0.790795
0.305 -0.790406 -0.79362
0.31 -0.78917 -0.796538
0.315 -0.788022 -0.79955
0.32 -0.78696 -0.802654
0.325 -0.785984 -0.80585
0.33 -0.785092 -0.809138
0.335 -0.784283 -0.812516
0.34 -0.783555 -0.815985
0.345 -0.782908 -0.819544
0.35 -0.782341 -0.823193
0.355 -0.781852 -0.826932
0.36 -0.781442 -0.830762
0.365 -0.781108 -0.834681
0.37 -0.780851 -0.83869
0.375 -0.780669 -0.842789
0.38 -0.780562 -0.846978
0.385 -0.78053 -0.851257
0.39 -0.780571 -0.855628
0.395 -0.780686 -0.860089
0.4 -0.780874 -0.864641
0.405 -0.781135 -0.869286
0.41 -0.781467 -0.874023
0.415 -0.781872 -0.878852
0.42 -0.782348 -0.883776
0.425 -0.782896 -0.888793
0.43 -0.783515 -0.893905
0.435 -0.784205 -0.899113
0.44 -0.784966 -0.904417
0.445 -0.785798 -0.909819
0.45 -0.786702 -0.915319
0.455 -0.787676 -0.920918
0.46 -0.788721 -0.926617
0.465 -0.789838 -0.932418
0.47 -0.791026 -0.938322
0.475 -0.792285 -0.944329
0.48 -0.793616 -0.950441
0.485 -0.79502 -0.956659
0.49 -0.796495 -0.962986
0.495 -0.798043 -0.969421
0.5 -0.799664 -0.975968
0.505 -0.801358 -0.982626
0.51 -0.803127 -0.989399
0.515 -0.804969 -0.996288
0.52 -0.806887 -1.00329
0.525 -0.80888 -1.01042
0.53 -0.810949 -1.01767
0.535 -0.813094 -1.02504
0.54 -0.815317 -1.03254
0.545 -0.817618 -1.04016
0.55 -0.819998 -1.04792
0.555 -0.822458 -1.05581
0.56 -0.824999 -1.06383
0.565 -0.827621 -1.072
0.57 -0.830326 -1.0803
0.575 -0.833114 -1.08875
0.58 -0.835988 -1.09734
0.585 -0.838947 -1.10608
0.59 -0.841993 -1.11498
0.595 -0.845128 -1.12404
0.6 -0.848352 -1.13325
0.605 -0.851668 -1.14263
0.61 -0.855076 -1.15218
0.615 -0.858579 -1.1619
0.62 -0.862177 -1.17179
0.625 -0.865873 -1.18187
0.63 -0.869669 -1.19213
0.635 -0.873565 -1.20258
0.64 -0.877565 -1.21322
0.645 -0.881671 -1.22407
0.65 -0.885883 -1.23512
0.655 -0.890206 -1.24639
0.66 -0.894641 -1.25787
0.665 -0.89919 -1.26958
0.67 -0.903857 -1.28152
0.675 -0.908644 -1.29369
0.68 -0.913554 -1.30612
0.685 -0.918591 -1.31879
0.69 -0.923756 -1.33173
0.695 -0.929055 -1.34494
0.7 -0.93449 -1.35843
0.705 -0.940065 -1.3722
0.71 -0.945784 -1.38628
0.715 -0.951652 -1.40067
0.72 -0.957672 -1.41538
0.725 -0.96385 -1.43042
0.73 -0.97019 -1.44581
0.735 -0.976698 -1.46157
0.74 -0.98338 -1.47769
0.745 -0.99024 -1.49421
0.75 -0.997286 -1.51114
0.755 -1.00452 -1.52849
0.76 -1.01196 -1.54628
0.765 -1.0196 -1.56454
0.77 -1.02746 -1.58328
0.775 -1.03554 -1.60254
0.78 -1.04386 -1.62233
0.785 -1.05241 -1.64268
0.79 -1.06122 -1.66362
0.795 -1.07029 -1.68519
0.8 -1.07964 -1.70741
0.805 -1.08927 -1.73032
0.81 -1.09921 -1.75398
0.815 -1.10947 -1.77841
0.82 -1.12006 -1.80367
0.825 -1.131 -1.82982
0.83 -1.14232 -1.85691
0.835 -1.15403 -1.88501
0.84 -1.16615 -1.91419
0.845 -1.17872 -1.94454
0.85 -1.19175 -1.97614
0.855 -1.20528 -2.0091
0.86 -1.21935 -2.04354
0.865 -1.23399 -2.07959
0.87 -1.24924 -2.1174
0.875 -1.26514 -2.15715
0.88 -1.28177 -2.19905
0.885 -1.29916 -2.24334
0.89 -1.31739 -2.2903
0.895 -1.33653 -2.34027
0.9 -1.35668 -2.39367
0.905 -1.37792 -2.45102
0.91 -1.40039 -2.51296
0.915 -1.42422 -2.58031
0.92 -1.44957 -2.65415
0.925 -1.47664 -2.73594
0.93 -1.50565 -2.82776
0.935 -1.53691 -2.93266
0.94 -1.57075 -3.05551
0.945 -1.60764 -3.20479
0.95 -1.64815 -3.39783
0.955 -1.69304 -3.68077
0.96 -1.74334 -4.30305
0.965 -1.80049 -4.11961
0.97 -1.86662 -3.77424
0.975 -1.945 -3.64468
0.98 -2.04112 -3.6004
0.985 -2.16528 -3.61835
0.99 -2.34061 -3.70816
0.995 -2.6409 -3.93681
1 -11.407 -10.4743
1.005 -2.63946 -3.81955
1.01 -2.33774 -3.46952
1.015 -2.16097 -3.24914
1.02 -2.03536 -3.08378
1.025 -1.9378 -2.94967
1.03 -1.85799 -2.83603
1.035 -1.79042 -2.73696
1.04 -1.73183 -2.6489
1.045 -1.68009 -2.56946
1.05 -1.63376 -2.49699
1.055 -1.59181 -2.43029
1.06 -1.55348 -2.36845
1.065 -1.5182 -2.31078
1.07 -1.48551 -2.25671
1.075 -1.45505 -2.2058
1.08 -1.42654 -2.15767
1.085 -1.39975 -2.11203
1.09 -1.37448 -2.06862
1.095 -1.35057 -2.02721
1.1 -1.32788 -1.98763
1.105 -1.30629 -1.94971
1.11 -1.28571 -1.91332
1.115 -1.26604 -1.87832
1.12 -1.2472 -1.84461
1.125 -1.22914 -1.8121
1.13 -1.21179 -1.7807
1.135 -1.19509 -1.75033
1.14 -1.17901 -1.72092
1.145 -1.1635 -1.69241
1.15 -1.14852 -1.66476
1.155 -1.13404 -1.63789
1.16 -1.12003 -1.61178
1.165 -1.10646 -1.58637
1.17 -1.0933 -1.56163
1.175 -1.08054 -1.53752
1.18 -1.06815 -1.51401
1.185 -1.0561 -1.49107
1.19 -1.0444 -1.46867
1.195 -1.03301 -1.44679
1.2 -1.02192 -1.4254
1.205 -1.01112 -1.40447
1.21 -1.00059 -1.384
1.215 -0.990333 -1.36395
1.22 -0.980322 -1.34431
1.225 -0.970553 -1.32506
1.23 -0.961015 -1.30619
1.235 -0.951699 -1.28768
1.24 -0.942597 -1.26952
1.245 -0.933701 -1.25169
1.25 -0.925002 -1.23419
1.255 -0.916495 -1.21699
1.26 -0.908171 -1.20009
1.265 -0.900026 -1.18349
1.27 -0.892052 -1.16715
1.275 -0.884245 -1.15109
1.28 -0.8766 -1.13529
1.285 -0.86911 -1.11974
1.29 -0.861772 -1.10443
1.295 -0.85458 -1.08935
1.3 -0.847532 -1.07451
1.305 -0.840622 -1.05988
1.31 -0.833846 -1.04547
1.315 -0.827202 -1.03127
1.32 -0.820686 -1.01726
1.325 -0.814294 -1.00346
1.33 -0.808023 -0.989842
1.335 -0.801871 -0.97641
1.34 -0.795834 -0.963159
1.345 -0.78991 -0.950082
1.35 -0.784095 -0.937176
1.355 -0.778389 -0.924435
1.36 -0.772788 -0.911855
1.365 -0.76729 -0.899433
1.37 -0.761893 -0.887164
1.375 -0.756594 -0.875045
1.38 -0.751393 -0.863071
1.385 -0.746286 -0.85124
1.39 -0.741273 -0.839547
1.395 -0.736351 -0.82799
1.4 -0.731519 -0.816566
1.405 -0.726775 -0.80527
1.41 -0.722117 -0.794101
1.415 -0.717545 -0.783056
1.42 -0.713057 -0.772131
1.425 -0.708651 -0.761325
1.43 -0.704327 -0.750634
1.435 -0.700082 -0.740056
1.44 -0.695916 -0.729589
1.445 -0.691828 -0.71923
1.45 -0.687817 -0.708977
1.455 -0.683881 -0.698829
1.46 -0.680019 -0.688782
1.465 -0.676232 -0.678835
1.47 -0.672516 -0.668987
1.475 -0.668873 -0.659234
1.48 -0.665301 -0.649575
1.485 -0.661799 -0.640008
1.49 -0.658367 -0.630532
1.495 -0.655003 -0.621146
1.5 -0.651707 -0.611846
1.505 -0.648479 -0.602632
1.51 -0.645317 -0.593502
1.515 -0.642222 -0.584454
1.52 -0.639192 -0.575488
1.525 -0.636228 -0.566602
1.53 -0.633327 -0.557794
1.535 -0.630491 -0.549062
1.54 -0.627719 -0.540407
1.545 -0.625009 -0.531826
1.55 -0.622363 -0.523318
1.555 -0.619778 -0.514882
1.56 -0.617256 -0.506517
1.565 -0.614795 -0.498221
1.57 -0.612396 -0.489994
1.575 -0.610058 -0.481835
1.58 -0.60778 -0.473742
1.585 -0.605563 -0.465714
1.59 -0.603406 -0.45775
1.595 -0.60131 -0.44985
1.6 -0.599273 -0.442012
1.605 -0.597297 -0.434236
1.61 -0.595379 -0.42652
1.615 -0.593522 -0.418864
1.62 -0.591723 -0.411266
1.625 -0.589985 -0.403727
1.63 -0.588305 -0.396245
1.635 -0.586685 -0.388818
1.64 -0.585123 -0.381448
1.645 -0.583621 -0.374132
1.65 -0.582179 -0.36687
1.655 -0.580795 -0.359661
1.66 -0.579472 -0.352505
1.665 -0.578207 -0.345401
1.67 -0.577002 -0.338347
1.675 -0.575857 -0.331344
1.68 -0.574772 -0.324391
1.685 -0.573746 -0.317487
1.69 -0.572781 -0.310632
1.695 -0.571876 -0.303824
1.7 -0.571032 -0.297063
1.705 -0.570249 -0.290349
1.71 -0.569527 -0.283682
1.715 -0.568867 -0.277059
1.72 -0.568269 -0.270482
1.725 -0.567732 -0.263949
1.73 -0.567259 -0.25746
1.735 -0.566848 -0.251014
1.74 -0.5665 -0.244611
1.745 -0.566217 -0.238251
1.75 -0.565998 -0.231932
1.755 -0.565844 -0.225654
1.76 -0.565755 -0.219417
1.765 -0.565732 -0.213221
1.77 -0.565775 -0.207065
1.775 -0.565886 -0.200948
1.78 -0.566065 -0.19487
1.785 -0.566312 -0.188831
1.79 -0.566629 -0.18283
1.795 -0.567015 -0.176866
1.8 -0.567472 -0.170941
1.805 -0.568001 -0.165052
1.81 -0.568603 -0.159199
1.815 -0.569278 -0.153383
1.82 -0.570027 -0.147602
1.825 -0.570852 -0.141857
1.83 -0.571753 -0.136147
1.835 -0.572732 -0.130472
1.84 -0.573789 -0.124831
1.845 -0.574926 -0.119224
1.85 -0.576144 -0.113651
1.855 -0.577445 -0.108111
1.86 -0.578829 -0.102604
1.865 -0.580299 -0.09713
1.87 -0.581855 -0.0916881
1.875 -0.583499 -0.0862783
1.88 -0.585233 -0.0809002
1.885 -0.587059 -0.0755535
1.89 -0.588977 -0.070238
1.895 -0.590991 -0.0649533
1.9 -0.593102 -0.0596992
1.905 -0.595312 -0.0544754
1.91 -0.597623 -0.0492816
1.915 -0.600037 -0.0441175
1.92 -0.602557 -0.0389829
1.925 -0.605186 -0.0338775
1.93 -0.607924 -0.028801
1.935 -0.610776 -0.0237532
1.94 -0.613744 -0.0187339
1.945 -0.616831 -0.0137427
1.95 -0.62004 -0.00877948
1.955 -0.623375 -0.00384397
1.96 -0.626838 0.00106407
1.965 -0.630433 0.00594486
1.97 -0.634165 0.0107986
1.975 -0.638036 0.0156256
1.98 -0.642052 0.0204261
1.985 -0.646216 0.0252002
1.99 -0.650534 0.0299481
1.995 -0.65501 0.0346701
2 -0.659649 0.0393664
2.005 -0.664457 0.0440372
2.01 -0.66944 0.0486827
2.015 -0.674603 0.0533031
2.02 -0.679954 0.0578985
2.025 -0.6855 0.0624693
2.03 -0.691248 0.0670155
2.035 -0.697205 0.0715373
2.04 -0.703381 0.076035
2.045 -0.709784 0.0805087
2.05 -0.716424 0.0849586
2.055 -0.723312 0.0893849
2.06 -0.730458 0.0937877
2.065 -0.737874 0.0981673
2.07 -0.745574 0.102524
2.075 -0.75357 0.106857
2.08 -0.761879 0.111168
2.085 -0.770515 0.115456
2.09 -0.779498 0.119721
2.095 -0.788845 0.123965
2.1 -0.798578 0.128186
2.105 -0.80872 0.132385
2.11 -0.819295 0.136562
2.115 -0.83033 0.140718
2.12 -0.841856 0.144852
2.125 -0.853906 0.148964
2.13 -0.866517 0.153056
2.135 -0.87973 0.157126
2.14 -0.893591 0.161175
2.145 -0.908151 0.165204
2.15 -0.923468 0.169211
2.155 -0.939608 0.173198
2.16 -0.956646 0.177165
2.165 -0.974668 0.181111
2.17 -0.993772 0.185037
2.175 -1.01407 0.188943
2.18 -1.0357 0.192829
2.185 -1.05883 0.196695
2.19 -1.08363 0.200541
2.195 -1.11033 0.204368
2.2 -1.13923 0.208175
2.205 -1.17064 0.211963
2.21 -1.20502 0.215732
2.215 -1.24292 0.219482
2.22 -1.28505 0.223212
2.225 -1.33241 0.226924
2.23 -1.38635 0.230616
2.235 -1.44887 0.23429
2.24 -1.523 0.237946
2.245 -1.6138 0.241583
2.25 -1.73049 0.245201
2.255 -1.8931 0.248802
2.26 -2.16079 0.252384
2.265 -3.02492 0.255948
2.27 -2.29295 0.259494
2.275 -1.95044 0.263022
2.28 -1.75942 0.266532
2.285 -1.62579 0.270024
2.29 -1.52261 0.273499
2.295 -1.43838 0.276956
2.3 -1.36706 0.280396
2.305 -1.30514 0.283819
2.31 -1.25034 0.287224
2.315 -1.20114 0.290612
2.32 -1.15645 0.293983
2.325 -1.11549 0.297337
2.33 -1.07765 0.300674
2.335 -1.04245 0.303994
2.34 -1.00954 0.307297
2.345 -0.978616 0.310584
2.35 -0.949435 0.313854
2.355 -0.921797 0.317107
2.36 -0.895536 0.320344
2.365 -0.870509 0.323565
2.37 -0.846596 0.326769
2.375 -0.823694 0.329957
2.38 -0.801713 0.333129
2.385 -0.780575 0.336284
2.39 -0.760212 0.339424
2.395 -0.740562 0.342548
2.4 -0.721572 0.345655
2.405 -0.703195 0.348747
2.41 -0.685388 0.351823
2.415 -0.668113 0.354884
2.42 -0.651336 0.357929
2.425 -0.635024 0.360958
2.43 -0.619151 0.363972
2.435 -0.603689 0.36697
2.44 -0.588616 0.369953
2.445 -0.57391 0.372921
2.45 -0.559552 0.375873
2.455 -0.545523 0.37881
2.46 -0.531806 0.381732
2.465 -0.518386 0.384639
2.47 -0.505249 0.387531
2.475 -0.492382 0.390408
2.48 -0.479771 0.39327
2.485 -0.467406 0.396117
2.49 -0.455276 0.398949
2.495 -0.443371 0.401766
2.5 -0.431681 0.404569
2.505 -0.420198 0.407357
2.51 -0.408914 0.410131
2.515 -0.39782 0.41289
2.52 -0.38691 0.415634
2.525 -0.376177 0.418364
2.53 -0.365614 0.42108
2.535 -0.355215 0.423781
2.54 -0.344975 0.426467
2.545 -0.334887 0.42914
2.55 -0.324947 0.431798
2.555 -0.31515 0.434442
2.56 -0.305492 0.437072
2.565 -0.295967 0.439688
2.57 -0.286572 0.44229
2.575 -0.277303 0.444878
2.58 -0.268155 0.447452
2.585 -0.259126 0.450012
2.59 -0.250212 0.452558
2.595 -0.241409 0.45509
2.6 -0.232714 0.457608
2.605 -0.224125 0.460113
2.61 -0.215639 0.462603
2.615 -0.207252 0.46508
2.62 -0.198963 0.467544
2.625 -0.190768 0.469994
2.63 -0.182665 0.47243
2.635 -0.174652 0.474852
2.64 -0.166727 0.477261
2.645 -0.158887 0.479657
2.65 -0.151131 0.482039
2.655 -0.143456 0.484407
2.66 -0.135861 0.486763
2.665 -0.128344 0.489105
2.67 -0.120903 0.491433
2.675 -0.113536 0.493748
2.68 -0.106241 0.49605
2.685 -0.0990178 0.498339
2.69 -0.091864 0.500614
2.695 -0.0847783 0.502876
2.7 -0.0777592 0.505125
2.705 -0.0708055 0.507361
2.71 -0.0639157 0.509584
2.715 -0.0570886 0.511794
2.72 -0.050323 0.51399
2.725 -0.0436176 0.516174
2.73 -0.0369713 0.518344
2.735 -0.0303829 0.520502
2.74 -0.0238515 0.522646
2.745 -0.0173758 0.524778
2.75 -0.0109549 0.526897
2.755 -0.00458788 0.529003
2.76 0.00172633 0.531095
2.765 0.00798863 0.533175
2.77 0.0141999 0.535243
2.775 0.0203611 0.537297
2.78 0.026473 0.539338
2.785 0.0325364 0.541367
2.79 0.0385523 0.543383
2.795 0.0445212 0.545386
2.8 0.0504441 0.547377
2.805 0.0563216 0.549354
2.81 0.0621544 0.55132
2.815 0.0679434 0.553272
2.82 0.073689 0.555212
2.825 0.0793921 0.557139
2.83 0.0850533 0.559053
2.835 0.0906731 0.560955
2.84 0.0962522 0.562844
2.845 0.101791 0.56472
2.85 0.107291 0.566584
2.855 0.112751 0.568435
2.86 0.118173 0.570274
2.865 0.123558 0.5721
2.87 0.128905 0.573914
2.875 0.134215 0.575715
2.88 0.139489 0.577504
2.885 0.144727 0.57928
2.89 0.149929 0.581043
2.895 0.155097 0.582794
2.9 0.16023 0.584533
2.905 0.16533 0.586259
2.91 0.170395 0.587972
2.915 0.175428 0.589673
2.92 0.180428 0.591362
2.925 0.185395 0.593038
2.93 0.190331 0.594702
2.935 0.195235 0.596353
2.94 0.200108 0.597992
2.945 0.204951 0.599618
2.95 0.209762 0.601232
2.955 0.214544 0.602833
2.96 0.219296 0.604422
2.965 0.224019 0.605999
2.97 0.228713 0.607563
2.975 0.233378 0.609114
2.98 0.238014 0.610653
2.985 0.242623 0.61218
2.99 0.247204 0.613694
2.995 0.251757 0.615196
3 0.256283 0.616686
3.005 0.260782 0.618163
