0.001 -1.94098 -1.60378
0.002 -1.79111 -1.4603
0.003 -1.70356 -1.37771
0.004 -1.6415 -1.31989
0.005 -1.59341 -1.27556
0.006 -1.55415 -1.23972
0.007 -1.52098 -1.20973
0.008 -1.49227 -1.18399
0.009 -1.46697 -1.1615
0.01 -1.44435 -1.14155
0.011 -1.4239 -1.12366
0.012 -1.40525 -1.10746
0.013 -1.3881 -1.09267
0.014 -1.37223 -1.0791
0.015 -1.35747 -1.06655
0.016 -1.34368 -1.05491
0.017 -1.33073 -1.04405
0.018 -1.31853 -1.03389
0.019 -1.30699 -1.02435
0.02 -1.29606 -1.01536
0.021 -1.28567 -1.00688
0.022 -1.27576 -0.998845
0.023 -1.26631 -0.991223
0.024 -1.25727 -0.983978
0.025 -1.2486 -0.977077
0.026 -1.24028 -0.970493
0.027 -1.23228 -0.964202
0.028 -1.22457 -0.958182
0.029 -1.21714 -0.952413
0.03 -1.20997 -0.946878
0.031 -1.20304 -0.941562
0.032 -1.19634 -0.93645
0.033 -1.18985 -0.93153
0.034 -1.18356 -0.926789
0.035 -1.17745 -0.922218
0.036 -1.17153 -0.917806
0.037 -1.16577 -0.913545
0.038 -1.16017 -0.909426
0.039 -1.15472 -0.905442
0.04 -1.14941 -0.901586
0.041 -1.14424 -0.897851
0.042 -1.1392 -0.894232
0.043 -1.13428 -0.890723
0.044 -1.12948 -0.887318
0.045 -1.12479 -0.884014
0.046 -1.12021 -0.880805
0.047 -1.11573 -0.877687
0.048 -1.11135 -0.874657
0.049 -1.10707 -0.871711
0.05 -1.10287 -0.868844
0.051 -1.09877 -0.866055
0.052 -1.09475 -0.86334
0.053 -1.09081 -0.860696
0.054 -1.08694 -0.858121
0.055 -1.08315 -0.855611
0.056 -1.07944 -0.853165
0.057 -1.07579 -0.850781
0.058 -1.07222 -0.848455
0.059 -1.0687 -0.846186
0.06 -1.06525 -0.843973
0.061 -1.06186 -0.841812
0.062 -1.05853 -0.839704
0.063 -1.05526 -0.837645
0.064 -1.05204 -0.835634
0.065 -1.04888 -0.83367
0.066 -1.04577 -0.831751
0.067 -1.04271 -0.829876
0.068 -1.0397 -0.828044
0.069 -1.03673 -0.826253
0.07 -1.03382 -0.824503
0.071 -1.03094 -0.822791
0.072 -1.02812 -0.821117
0.073 -1.02533 -0.81948
0.074 -1.02259 -0.81788
0.075 -1.01988 -0.816313
0.076 -1.01722 -0.814781
0.077 -1.01459 -0.813282
0.078 -1.012 -0.811816
0.079 -1.00945 -0.81038
0.08 -1.00694 -0.808976
0.081 -1.00445 -0.807601
0.082 -1.00201 -0.806255
0.083 -0.999593 -0.804938
0.084 -0.997211 -0.803649
0.085 -0.994861 -0.802386
0.086 -0.992542 -0.801151
0.087 -0.990252 -0.799941
0.088 -0.987993 -0.798756
0.089 -0.985762 -0.797596
0.09 -0.98356 -0.796461
0.091 -0.981385 -0.795349
0.092 -0.979238 -0.79426
0.093 -0.977117 -0.793194
0.094 -0.975022 -0.79215
0.095 -0.972953 -0.791127
0.096 -0.970908 -0.790126
0.097 -0.968888 -0.789146
0.098 -0.966892 -0.788187
0.099 -0.96492 -0.787247
0.1 -0.962971 -0.786327
0.101 -0.961044 -0.785426
0.102 -0.959139 -0.784544
0.103 -0.957257 -0.783681
0.104 -0.955396 -0.782836
0.105 -0.953555 -0.782009
0.106 -0.951736 -0.781199
0.107 -0.949936 -0.780407
0.108 -0.948157 -0.779631
0.109 -0.946397 -0.778872
0.11 -0.944656 -0.77813
0.111 -0.942934 -0.777403
0.112 -0.941231 -0.776692
0.113 -0.939546 -0.775997
0.114 -0.937879 -0.775317
0.115 -0.93623 -0.774652
0.116 -0.934598 -0.774002
0.117 -0.932983 -0.773366
0.118 -0.931385 -0.772745
0.119 -0.929804 -0.772137
0.12 -0.928239 -0.771543
0.121 -0.92669 -0.770963
0.122 -0.925156 -0.770397
0.123 -0.923639 -0.769843
0.124 -0.922136 -0.769303
0.125 -0.920649 -0.768775
0.126 -0.919177 -0.76826
0.127 -0.917719 -0.767758
0.128 -0.916276 -0.767267
0.129 -0.914846 -0.766789
0.13 -0.913431 -0.766323
0.131 -0.91203 -0.765868
0.132 -0.910643 -0.765425
0.133 -0.909269 -0.764994
0.134 -0.907908 -0.764573
0.135 -0.90656 -0.764164
0.136 -0.905225 -0.763766
0.137 -0.903903 -0.763379
0.138 -0.902593 -0.763002
0.139 -0.901296 -0.762636
0.14 -0.900011 -0.76228
0.141 -0.898738 -0.761934
0.142 -0.897477 -0.761599
0.143 -0.896228 -0.761273
0.144 -0.894991 -0.760958
0.145 -0.893765 -0.760652
0.146 -0.89255 -0.760356
0.147 -0.891346 -0.76007
0.148 -0.890154 -0.759793
0.149 -0.888972 -0.759525
0.15 -0.887802 -0.759266
0.151 -0.886641 -0.759017
0.152 -0.885492 -0.758776
0.153 -0.884353 -0.758545
0.154 -0.883224 -0.758322
0.155 -0.882105 -0.758108
0.156 -0.880996 -0.757902
0.157 -0.879898 -0.757705
0.158 -0.878809 -0.757517
0.159 -0.87773 -0.757337
0.16 -0.87666 -0.757165
0.161 -0.8756 -0.757001
0.162 -0.87455 -0.756845
0.163 -0.873508 -0.756697
0.164 -0.872476 -0.756557
0.165 -0.871453 -0.756425
0.166 -0.870439 -0.756301
0.167 -0.869434 -0.756184
0.168 -0.868438 -0.756075
0.169 -0.86745 -0.755974
0.17 -0.866471 -0.75588
0.171 -0.865501 -0.755793
0.172 -0.864539 -0.755714
0.173 -0.863585 -0.755641
0.174 -0.86264 -0.755576
0.175 -0.861703 -0.755519
0.176 -0.860774 -0.755468
0.177 -0.859853 -0.755424
0.178 -0.85894 -0.755387
0.179 -0.858035 -0.755357
0.18 -0.857138 -0.755334
0.181 -0.856249 -0.755317
0.182 -0.855367 -0.755307
0.183 -0.854493 -0.755304
0.184 -0.853626 -0.755307
0.185 -0.852767 -0.755317
0.186 -0.851916 -0.755334
0.187 -0.851071 -0.755356
0.188 -0.850234 -0.755385
0.189 -0.849404 -0.755421
0.19 -0.848581 -0.755462
0.191 -0.847766 -0.75551
0.192 -0.846957 -0.755564
0.193 -0.846155 -0.755624
0.194 -0.84536 -0.755691
0.195 -0.844572 -0.755763
0.196 -0.843791 -0.755841
0.197 -0.843017 -0.755925
0.198 -0.842249 -0.756015
0.199 -0.841488 -0.756111
0.2 -0.840733 -0.756213
0.201 -0.839985 -0.75632
0.202 -0.839243 -0.756433
0.203 -0.838508 -0.756552
0.204 -0.837779 -0.756677
0.205 -0.837056 -0.756807
0.206 -0.836339 -0.756942
0.207 -0.835629 -0.757084
0.208 -0.834925 -0.75723
0.209 -0.834227 -0.757383
0.21 -0.833535 -0.75754
0.211 -0.832849 -0.757703
0.212 -0.832169 -0.757871
0.213 -0.831495 -0.758045
0.214 -0.830827 -0.758224
0.215 -0.830165 -0.758408
0.216 -0.829508 -0.758597
0.217 -0.828857 -0.758792
0.218 -0.828212 -0.758992
0.219 -0.827573 -0.759197
0.22 -0.826939 -0.759407
0.221 -0.826311 -0.759622
0.222 -0.825688 -0.759842
0.223 -0.825071 -0.760067
0.224 -0.824459 -0.760297
0.225 -0.823853 -0.760532
0.226 -0.823252 -0.760772
0.227 -0.822657 -0.761017
0.228 -0.822067 -0.761267
0.229 -0.821482 -0.761521
0.23 -0.820902 -0.761781
0.231 -0.820328 -0.762045
0.232 -0.819759 -0.762314
0.233 -0.819194 -0.762588
0.234 -0.818636 -0.762866
0.235 -0.818082 -0.76315
0.236 -0.817533 -0.763437
0.237 -0.816989 -0.76373
0.238 -0.81645 -0.764027
0.239 -0.815916 -0.764329
0.24 -0.815388 -0.764635
0.241 -0.814864 -0.764946
0.242 -0.814344 -0.765262
0.243 -0.81383 -0.765582
0.244 -0.813321 -0.765907
0.245 -0.812816 -0.766236
0.246 -0.812316 -0.766569
0.247 -0.811821 -0.766907
0.248 -0.81133 -0.76725
0.249 -0.810845 -0.767597
0.25 -0.810363 -0.767948
0.251 -0.809887 -0.768304
0.252 -0.809415 -0.768664
0.253 -0.808948 -0.769028
0.254 -0.808485 -0.769397
0.255 -0.808026 -0.76977
0.256 -0.807573 -0.770147
0.257 -0.807123 -0.770529
0.258 -0.806678 -0.770915
0.259 -0.806238 -0.771305
0.26 -0.805802 -0.771699
0.261 -0.80537 -0.772098
0.262 -0.804943 -0.7725
0.263 -0.80452 -0.772907
0.264 -0.804101 -0.773318
0.265 -0.803687 -0.773734
0.266 -0.803277 -0.774153
0.267 -0.802871 -0.774577
0.268 -0.802469 -0.775004
0.269 -0.802072 -0.775436
0.27 -0.801678 -0.775872
0.271 -0.801289 -0.776312
0.272 -0.800904 -0.776756
0.273 -0.800523 -0.777204
0.274 -0.800147 -0.777656
0.275 -0.799774 -0.778112
0.276 -0.799405 -0.778573
0.277 -0.799041 -0.779037
0.278 -0.79868 -0.779505
0.279 -0.798324 -0.779977
0.28 -0.797971 -0.780453
0.281 -0.797623 -0.780933
0.282 -0.797278 -0.781417
0.283 -0.796937 -0.781905
0.284 -0.796601 -0.782397
0.285 -0.796268 -0.782893
0.286 -0.795939 -0.783393
0.287 -0.795614 -0.783896
0.288 -0.795292 -0.784404
0.289 -0.794975 -0.784915
0.29 -0.794661 -0.785431
0.291 -0.794352 -0.78595
0.292 -0.794046 -0.786473
0.293 -0.793744 -0.787
0.294 -0.793445 -0.787531
0.295 -0.79315 -0.788065
0.296 -0.792859 -0.788604
0.297 -0.792572 -0.789146
0.298 -0.792289 -0.789692
0.299 -0.792009 -0.790242
0.3 -0.791733 -0.790795
0.301 -0.79146 -0.791353
0.302 -0.791191 -0.791914
0.303 -0.790926 -0.792479
0.304 -0.790664 -0.793047
0.305 -0.790406 -0.79362
0.306 -0.790152 -0.794196
0.307 -0.789901 -0.794776
0.308 -0.789654 -0.79536
0.309 -0.78941 -0.795947
0.31 -0.78917 -0.796538
0.311 -0.788933 -0.797133
0.312 -0.7887 -0.797732
0.313 -0.78847 -0.798334
0.314 -0.788244 -0.79894
0.315 -0.788022 -0.79955
0.316 -0.787802 -0.800164
0.317 -0.787587 -0.800781
0.318 -0.787374 -0.801402
0.319 -0.787166 -0.802026
0.32 -0.78696 -0.802654
0.321 -0.786758 -0.803286
0.322 -0.786559 -0.803922
0.323 -0.786364 -0.804561
0.324 -0.786172 -0.805204
0.325 -0.785984 -0.80585
0.326 -0.785799 -0.8065
0.327 -0.785617 -0.807154
0.328 -0.785439 -0.807812
0.329 -0.785264 -0.808473
0.33 -0.785092 -0.809138
0.331 -0.784923 -0.809806
0.332 -0.784758 -0.810478
0.333 -0.784596 -0.811154
0.334 -0.784438 -0.811833
0.335 -0.784283 -0.812516
0.336 -0.784131 -0.813202
0.337 -0.783982 -0.813893
0.338 -0.783836 -0.814586
0.339 -0.783694 -0.815284
0.34 -0.783555 -0.815985
0.341 -0.783419 -0.816689
0.342 -0.783287 -0.817398
0.343 -0.783157 -0.818109
0.344 -0.783031 -0.818825
0.345 -0.782908 -0.819544
0.346 -0.782788 -0.820267
0.347 -0.782672 -0.820993
0.348 -0.782558 -0.821723
0.349 -0.782448 -0.822456
0.35 -0.782341 -0.823193
0.351 -0.782237 -0.823934
0.352 -0.782136 -0.824678
0.353 -0.782038 -0.825426
0.354 -0.781944 -0.826177
0.355 -0.781852 -0.826932
0.356 -0.781764 -0.827691
0.357 -0.781679 -0.828453
0.358 -0.781597 -0.829219
0.359 -0.781518 -0.829989
0.36 -0.781442 -0.830762
0.361 -0.781369 -0.831538
0.362 -0.781299 -0.832318
0.363 -0.781232 -0.833102
0.364 -0.781169 -0.83389
0.365 -0.781108 -0.834681
0.366 -0.781051 -0.835475
0.367 -0.780996 -0.836273
0.368 -0.780945 -0.837075
0.369 -0.780896 -0.837881
0.37 -0.780851 -0.83869
0.371 -0.780808 -0.839502
0.372 -0.780769 -0.840318
0.373 -0.780733 -0.841138
0.374 -0.780699 -0.841962
0.375 -0.780669 -0.842789
0.376 -0.780642 -0.843619
0.377 -0.780617 -0.844453
0.378 -0.780596 -0.845291
0.379 -0.780578 -0.846133
0.38 -0.780562 -0.846978
0.381 -0.78055 -0.847826
0.382 -0.78054 -0.848679
0.383 -0.780534 -0.849535
0.384 -0.780531 -0.850394
0.385 -0.78053 -0.851257
0.386 -0.780532 -0.852124
0.387 -0.780538 -0.852994
0.388 -0.780546 -0.853869
0.389 -0.780557 -0.854746
0.39 -0.780571 -0.855628
0.391 -0.780589 -0.856512
0.392 -0.780609 -0.857401
0.393 -0.780632 -0.858293
0.394 -0.780658 -0.859189
0.395 -0.780686 -0.860089
0.396 -0.780718 -0.860992
0.397 -0.780753 -0.861899
0.398 -0.78079 -0.862809
0.399 -0.780831 -0.863724
0.4 -0.780874 -0.864641
0.401 -0.780921 -0.865563
0.402 -0.78097 -0.866488
0.403 -0.781022 -0.867417
0.404 -0.781077 -0.86835
0.405 -0.781135 -0.869286
0.406 -0.781195 -0.870226
0.407 -0.781259 -0.87117
0.408 -0.781326 -0.872117
0.409 -0.781395 -0.873068
0.41 -0.781467 -0.874023
0.411 -0.781542 -0.874981
0.412 -0.781621 -0.875943
0.413 -0.781701 -0.876909
0.414 -0.781785 -0.877879
0.415 -0.781872 -0.878852
0.416 -0.781961 -0.87983
0.417 -0.782054 -0.880811
0.418 -0.782149 -0.881795
0.419 -0.782247 -0.882784
0.42 -0.782348 -0.883776
0.421 -0.782452 -0.884772
0.422 -0.782559 -0.885771
0.423 -0.782668 -0.886775
0.424 -0.782781 -0.887782
0.425 -0.782896 -0.888793
0.426 -0.783014 -0.889808
0.427 -0.783135 -0.890827
0.428 -0.783259 -0.891849
0.429 -0.783385 -0.892875
0.43 -0.783515 -0.893905
0.431 -0.783647 -0.894939
0.432 -0.783782 -0.895977
0.433 -0.78392 -0.897019
0.434 -0.784061 -0.898064
0.435 -0.784205 -0.899113
0.436 -0.784352 -0.900166
0.437 -0.784501 -0.901223
0.438 -0.784653 -0.902284
0.439 -0.784808 -0.903349
0.44 -0.784966 -0.904417
0.441 -0.785127 -0.90549
0.442 -0.785291 -0.906566
0.443 -0.785457 -0.907647
0.444 -0.785626 -0.908731
0.445 -0.785798 -0.909819
0.446 -0.785973 -0.910911
0.447 -0.786151 -0.912007
0.448 -0.786332 -0.913107
0.449 -0.786515 -0.914211
0.45 -0.786702 -0.915319
0.451 -0.786891 -0.916431
0.452 -0.787083 -0.917547
0.453 -0.787278 -0.918666
0.454 -0.787475 -0.91979
0.455 -0.787676 -0.920918
0.456 -0.787879 -0.92205
0.457 -0.788086 -0.923186
0.458 -0.788295 -0.924326
0.459 -0.788507 -0.92547
0.46 -0.788721 -0.926617
0.461 -0.788939 -0.927769
0.462 -0.789159 -0.928926
0.463 -0.789383 -0.930086
0.464 -0.789609 -0.93125
0.465 -0.789838 -0.932418
0.466 -0.79007 -0.933591
0.467 -0.790304 -0.934767
0.468 -0.790542 -0.935948
0.469 -0.790783 -0.937133
0.47 -0.791026 -0.938322
0.471 -0.791272 -0.939515
0.472 -0.791521 -0.940712
0.473 -0.791773 -0.941913
0.474 -0.792028 -0.943119
0.475 -0.792285 -0.944329
0.476 -0.792546 -0.945543
0.477 -0.792809 -0.946761
0.478 -0.793075 -0.947983
0.479 -0.793344 -0.94921
0.48 -0.793616 -0.950441
0.481 -0.793891 -0.951676
0.482 -0.794169 -0.952915
0.483 -0.79445 -0.954159
0.484 -0.794733 -0.955407
0.485 -0.79502 -0.956659
0.486 -0.795309 -0.957916
0.487 -0.795601 -0.959177
0.488 -0.795896 -0.960442
0.489 -0.796194 -0.961712
0.49 -0.796495 -0.962986
0.491 -0.796799 -0.964264
0.492 -0.797105 -0.965547
0.493 -0.797415 -0.966834
0.494 -0.797728 -0.968125
0.495 -0.798043 -0.969421
0.496 -0.798361 -0.970722
0.497 -0.798683 -0.972026
0.498 -0.799007 -0.973336
0.499 -0.799334 -0.974649
0.5 -0.799664 -0.975968
0.501 -0.799997 -0.97729
0.502 -0.800333 -0.978618
0.503 -0.800672 -0.979949
0.504 -0.801014 -0.981286
0.505 -0.801358 -0.982626
0.506 -0.801706 -0.983972
0.507 -0.802057 -0.985322
0.508 -0.802411 -0.986676
0.509 -0.802767 -0.988036
0.51 -0.803127 -0.989399
0.511 -0.803489 -0.990768
0.512 -0.803855 -0.992141
0.513 -0.804223 -0.993519
0.514 -0.804595 -0.994901
0.515 -0.804969 -0.996288
0.516 -0.805347 -0.99768
0.517 -0.805727 -0.999077
0.518 -0.806111 -1.00048
0.519 -0.806497 -1.00188
0.52 -0.806887 -1.00329
0.521 -0.807279 -1.00471
0.522 -0.807675 -1.00613
0.523 -0.808073 -1.00756
0.524 -0.808475 -1.00899
0.525 -0.80888 -1.01042
0.526 -0.809287 -1.01186
0.527 -0.809698 -1.01331
0.528 -0.810112 -1.01475
0.529 -0.810529 -1.01621
0.53 -0.810949 -1.01767
0.531 -0.811372 -1.01913
0.532 -0.811798 -1.0206
0.533 -0.812227 -1.02208
0.534 -0.812659 -1.02356
0.535 -0.813094 -1.02504
0.536 -0.813533 -1.02653
0.537 -0.813974 -1.02802
0.538 -0.814419 -1.02952
0.539 -0.814866 -1.03103
0.54 -0.815317 -1.03254
0.541 -0.815771 -1.03405
0.542 -0.816228 -1.03557
0.543 -0.816688 -1.0371
0.544 -0.817152 -1.03863
0.545 -0.817618 -1.04016
0.546 -0.818088 -1.0417
0.547 -0.818561 -1.04325
0.548 -0.819037 -1.0448
0.549 -0.819516 -1.04636
0.55 -0.819998 -1.04792
0.551 -0.820484 -1.04949
0.552 -0.820973 -1.05106
0.553 -0.821465 -1.05264
0.554 -0.82196 -1.05422
0.555 -0.822458 -1.05581
0.556 -0.82296 -1.0574
0.557 -0.823465 -1.059
0.558 -0.823973 -1.06061
0.559 -0.824484 -1.06222
0.56 -0.824999 -1.06383
0.561 -0.825517 -1.06545
0.562 -0.826038 -1.06708
0.563 -0.826562 -1.06871
0.564 -0.82709 -1.07035
0.565 -0.827621 -1.072
0.566 -0.828155 -1.07364
0.567 -0.828693 -1.0753
0.568 -0.829234 -1.07696
0.569 -0.829778 -1.07863
0.57 -0.830326 -1.0803
0.571 -0.830877 -1.08198
0.572 -0.831431 -1.08366
0.573 -0.831989 -1.08535
0.574 -0.83255 -1.08705
0.575 -0.833114 -1.08875
0.576 -0.833682 -1.09045
0.577 -0.834253 -1.09217
0.578 -0.834828 -1.09389
0.579 -0.835406 -1.09561
0.58 -0.835988 -1.09734
0.581 -0.836573 -1.09908
0.582 -0.837161 -1.10082
0.583 -0.837753 -1.10257
0.584 -0.838348 -1.10432
0.585 -0.838947 -1.10608
0.586 -0.839549 -1.10785
0.587 -0.840155 -1.10963
0.588 -0.840764 -1.1114
0.589 -0.841377 -1.11319
0.59 -0.841993 -1.11498
0.591 -0.842613 -1.11678
0.592 -0.843236 -1.11859
0.593 -0.843863 -1.1204
0.594 -0.844494 -1.12221
0.595 -0.845128 -1.12404
0.596 -0.845765 -1.12587
0.597 -0.846407 -1.1277
0.598 -0.847052 -1.12955
0.599 -0.8477 -1.1314
0.6 -0.848352 -1.13325
0.601 -0.849008 -1.13511
0.602 -0.849667 -1.13698
0.603 -0.850331 -1.13886
0.604 -0.850997 -1.14074
0.605 -0.851668 -1.14263
0.606 -0.852342 -1.14453
0.607 -0.85302 -1.14643
0.608 -0.853702 -1.14834
0.609 -0.854387 -1.15025
0.61 -0.855076 -1.15218
0.611 -0.855769 -1.15411
0.612 -0.856466 -1.15604
0.613 -0.857166 -1.15799
0.614 -0.857871 -1.15994
0.615 -0.858579 -1.1619
0.616 -0.859291 -1.16386
0.617 -0.860007 -1.16583
0.618 -0.860726 -1.16781
0.619 -0.86145 -1.1698
0.62 -0.862177 -1.17179
0.621 -0.862909 -1.17379
0.622 -0.863644 -1.1758
0.623 -0.864383 -1.17781
0.624 -0.865126 -1.17984
0.625 -0.865873 -1.18187
0.626 -0.866624 -1.1839
0.627 -0.867379 -1.18595
0.628 -0.868138 -1.188
0.629 -0.868902 -1.19006
0.63 -0.869669 -1.19213
0.631 -0.87044 -1.1942
0.632 -0.871215 -1.19628
0.633 -0.871994 -1.19837
0.634 -0.872778 -1.20047
0.635 -0.873565 -1.20258
0.636 -0.874357 -1.20469
0.637 -0.875153 -1.20681
0.638 -0.875953 -1.20894
0.639 -0.876757 -1.21108
0.64 -0.877565 -1.21322
0.641 -0.878378 -1.21538
0.642 -0.879195 -1.21754
0.643 -0.880016 -1.21971
0.644 -0.880841 -1.22189
0.645 -0.881671 -1.22407
0.646 -0.882504 -1.22626
0.647 -0.883343 -1.22847
0.648 -0.884185 -1.23068
0.649 -0.885032 -1.2329
0.65 -0.885883 -1.23512
0.651 -0.886739 -1.23736
0.652 -0.887599 -1.2396
0.653 -0.888464 -1.24186
0.654 -0.889332 -1.24412
0.655 -0.890206 -1.24639
0.656 -0.891084 -1.24867
0.657 -0.891966 -1.25095
0.658 -0.892853 -1.25325
0.659 -0.893745 -1.25556
0.66 -0.894641 -1.25787
0.661 -0.895541 -1.26019
0.662 -0.896447 -1.26253
0.663 -0.897356 -1.26487
0.664 -0.898271 -1.26722
0.665 -0.89919 -1.26958
0.666 -0.900114 -1.27195
0.667 -0.901043 -1.27433
0.668 -0.901976 -1.27671
0.669 -0.902914 -1.27911
0.67 -0.903857 -1.28152
0.671 -0.904805 -1.28393
0.672 -0.905757 -1.28636
0.673 -0.906715 -1.28879
0.674 -0.907677 -1.29124
0.675 -0.908644 -1.29369
0.676 -0.909616 -1.29616
0.677 -0.910593 -1.29863
0.678 -0.911575 -1.30112
0.679 -0.912562 -1.30361
0.68 -0.913554 -1.30612
0.681 -0.914551 -1.30863
0.682 -0.915554 -1.31116
0.683 -0.916561 -1.31369
0.684 -0.917573 -1.31624
0.685 -0.918591 -1.31879
0.686 -0.919613 -1.32136
0.687 -0.920641 -1.32394
0.688 -0.921674 -1.32652
0.689 -0.922713 -1.32912
0.69 -0.923756 -1.33173
0.691 -0.924805 -1.33435
0.692 -0.92586 -1.33698
0.693 -0.926919 -1.33962
0.694 -0.927984 -1.34227
0.695 -0.929055 -1.34494
0.696 -0.930131 -1.34761
0.697 -0.931212 -1.3503
0.698 -0.932299 -1.353
0.699 -0.933392 -1.35571
0.7 -0.93449 -1.35843
0.701 -0.935594 -1.36116
0.702 -0.936703 -1.3639
0.703 -0.937818 -1.36666
0.704 -0.938939 -1.36943
0.705 -0.940065 -1.3722
0.706 -0.941197 -1.375
0.707 -0.942335 -1.3778
0.708 -0.943479 -1.38061
0.709 -0.944629 -1.38344
0.71 -0.945784 -1.38628
0.711 -0.946946 -1.38913
0.712 -0.948113 -1.392
0.713 -0.949287 -1.39488
0.714 -0.950466 -1.39777
0.715 -0.951652 -1.40067
0.716 -0.952844 -1.40359
0.717 -0.954041 -1.40651
0.718 -0.955245 -1.40946
0.719 -0.956456 -1.41241
0.72 -0.957672 -1.41538
0.721 -0.958895 -1.41836
0.722 -0.960124 -1.42136
0.723 -0.96136 -1.42436
0.724 -0.962602 -1.42739
0.725 -0.96385 -1.43042
0.726 -0.965105 -1.43347
0.727 -0.966366 -1.43654
0.728 -0.967634 -1.43961
0.729 -0.968909 -1.44271
0.73 -0.97019 -1.44581
0.731 -0.971478 -1.44893
0.732 -0.972773 -1.45207
0.733 -0.974075 -1.45522
0.734 -0.975383 -1.45839
0.735 -0.976698 -1.46157
0.736 -0.978021 -1.46476
0.737 -0.97935 -1.46797
0.738 -0.980686 -1.4712
0.739 -0.982029 -1.47444
0.74 -0.98338 -1.47769
0.741 -0.984737 -1.48096
0.742 -0.986102 -1.48425
0.743 -0.987474 -1.48756
0.744 -0.988853 -1.49087
0.745 -0.99024 -1.49421
0.746 -0.991634 -1.49756
0.747 -0.993035 -1.50093
0.748 -0.994445 -1.50432
0.749 -0.995861 -1.50772
0.75 -0.997286 -1.51114
0.751 -0.998717 -1.51457
0.752 -1.00016 -1.51802
0.753 -1.0016 -1.52149
0.754 -1.00306 -1.52498
0.755 -1.00452 -1.52849
0.756 -1.00599 -1.53201
0.757 -1.00747 -1.53555
0.758 -1.00896 -1.53911
0.759 -1.01046 -1.54269
0.76 -1.01196 -1.54628
0.761 -1.01347 -1.54989
0.762 -1.01499 -1.55353
0.763 -1.01652 -1.55718
0.764 -1.01806 -1.56085
0.765 -1.0196 -1.56454
0.766 -1.02116 -1.56825
0.767 -1.02272 -1.57198
0.768 -1.02429 -1.57573
0.769 -1.02587 -1.5795
0.77 -1.02746 -1.58328
0.771 -1.02906 -1.58709
0.772 -1.03067 -1.59092
0.773 -1.03228 -1.59477
0.774 -1.03391 -1.59865
0.775 -1.03554 -1.60254
0.776 -1.03719 -1.60645
0.777 -1.03884 -1.61039
0.778 -1.0405 -1.61435
0.779 -1.04217 -1.61833
0.78 -1.04386 -1.62233
0.781 -1.04555 -1.62635
0.782 -1.04725 -1.6304
0.783 -1.04896 -1.63447
0.784 -1.05068 -1.63856
0.785 -1.05241 -1.64268
0.786 -1.05415 -1.64682
0.787 -1.0559 -1.65098
0.788 -1.05766 -1.65517
0.789 -1.05944 -1.65938
0.79 -1.06122 -1.66362
0.791 -1.06301 -1.66788
0.792 -1.06482 -1.67217
0.793 -1.06663 -1.67648
0.794 -1.06845 -1.68082
0.795 -1.07029 -1.68519
0.796 -1.07214 -1.68958
0.797 -1.074 -1.69399
0.798 -1.07586 -1.69844
0.799 -1.07775 -1.70291
0.8 -1.07964 -1.70741
0.801 -1.08154 -1.71193
0.802 -1.08346 -1.71649
0.803 -1.08538 -1.72107
0.804 -1.08732 -1.72568
0.805 -1.08927 -1.73032
0.806 -1.09124 -1.735
0.807 -1.09321 -1.7397
0.808 -1.0952 -1.74443
0.809 -1.0972 -1.74919
0.81 -1.09921 -1.75398
0.811 -1.10124 -1.7588
0.812 -1.10328 -1.76365
0.813 -1.10533 -1.76854
0.814 -1.10739 -1.77346
0.815 -1.10947 -1.77841
0.816 -1.11156 -1.7834
0.817 -1.11367 -1.78841
0.818 -1.11578 -1.79347
0.819 -1.11792 -1.79855
0.82 -1.12006 -1.80367
0.821 -1.12222 -1.80883
0.822 -1.1244 -1.81402
0.823 -1.12658 -1.81925
0.824 -1.12879 -1.82452
0.825 -1.131 -1.82982
0.826 -1.13324 -1.83516
0.827 -1.13549 -1.84054
0.828 -1.13775 -1.84596
0.829 -1.14003 -1.85141
0.83 -1.14232 -1.85691
0.831 -1.14463 -1.86245
0.832 -1.14695 -1.86802
0.833 -1.1493 -1.87364
0.834 -1.15165 -1.8793
0.835 -1.15403 -1.88501
0.836 -1.15642 -1.89076
0.837 -1.15883 -1.89655
0.838 -1.16125 -1.90238
0.839 -1.16369 -1.90826
0.84 -1.16615 -1.91419
0.841 -1.16863 -1.92016
0.842 -1.17112 -1.92618
0.843 -1.17364 -1.93225
0.844 -1.17617 -1.93837
0.845 -1.17872 -1.94454
0.846 -1.18128 -1.95075
0.847 -1.18387 -1.95702
0.848 -1.18648 -1.96334
0.849 -1.1891 -1.96971
0.85 -1.19175 -1.97614
0.851 -1.19442 -1.98262
0.852 -1.1971 -1.98915
0.853 -1.19981 -1.99574
0.854 -1.20253 -2.00239
0.855 -1.20528 -2.0091
0.856 -1.20805 -2.01587
0.857 -1.21084 -2.02269
0.858 -1.21366 -2.02958
0.859 -1.21649 -2.03653
0.86 -1.21935 -2.04354
0.861 -1.22223 -2.05062
0.862 -1.22513 -2.05776
0.863 -1.22806 -2.06497
0.864 -1.23101 -2.07224
0.865 -1.23399 -2.07959
0.866 -1.23699 -2.087
0.867 -1.24001 -2.09449
0.868 -1.24306 -2.10205
0.869 -1.24613 -2.10969
0.87 -1.24924 -2.1174
0.871 -1.25236 -2.12519
0.872 -1.25552 -2.13306
0.873 -1.2587 -2.14101
0.874 -1.26191 -2.14904
0.875 -1.26514 -2.15715
0.876 -1.26841 -2.16536
0.877 -1.2717 -2.17364
0.878 -1.27503 -2.18202
0.879 -1.27838 -2.19049
0.88 -1.28177 -2.19905
0.881 -1.28518 -2.20771
0.882 -1.28863 -2.21647
0.883 -1.2921 -2.22532
0.884 -1.29561 -2.23428
0.885 -1.29916 -2.24334
0.886 -1.30273 -2.25251
0.887 -1.30634 -2.26178
0.888 -1.30999 -2.27117
0.889 -1.31367 -2.28068
0.89 -1.31739 -2.2903
0.891 -1.32114 -2.30004
0.892 -1.32493 -2.3099
0.893 -1.32876 -2.31989
0.894 -1.33262 -2.33002
0.895 -1.33653 -2.34027
0.896 -1.34048 -2.35066
0.897 -1.34446 -2.36119
0.898 -1.34849 -2.37187
0.899 -1.35256 -2.3827
0.9 -1.35668 -2.39367
0.901 -1.36083 -2.40481
0.902 -1.36504 -2.41611
0.903 -1.36929 -2.42757
0.904 -1.37358 -2.43921
0.905 -1.37792 -2.45102
0.906 -1.38232 -2.46302
0.907 -1.38676 -2.47521
0.908 -1.39125 -2.48759
0.909 -1.3958 -2.50017
0.91 -1.40039 -2.51296
0.911 -1.40505 -2.52597
0.912 -1.40975 -2.5392
0.913 -1.41452 -2.55266
0.914 -1.41934 -2.56636
0.915 -1.42422 -2.58031
0.916 -1.42917 -2.59451
0.917 -1.43417 -2.60899
0.918 -1.43924 -2.62375
0.919 -1.44437 -2.6388
0.92 -1.44957 -2.65415
0.921 -1.45484 -2.66981
0.922 -1.46018 -2.68581
0.923 -1.46559 -2.70215
0.924 -1.47108 -2.71886
0.925 -1.47664 -2.73594
0.926 -1.48228 -2.75343
0.927 -1.488 -2.77133
0.928 -1.4938 -2.78967
0.929 -1.49968 -2.80847
0.93 -1.50565 -2.82776
0.931 -1.51171 -2.84757
0.932 -1.51787 -2.86793
0.933 -1.52412 -2.88888
0.934 -1.53046 -2.91044
0.935 -1.53691 -2.93266
0.936 -1.54346 -2.9556
0.937 -1.55011 -2.97928
0.938 -1.55688 -3.00379
0.939 -1.56376 -3.02917
0.94 -1.57075 -3.05551
0.941 -1.57787 -3.08287
0.942 -1.58511 -3.11137
0.943 -1.59249 -3.1411
0.944 -1.6 -3.17219
0.945 -1.60764 -3.20479
0.946 -1.61543 -3.23907
0.947 -1.62337 -3.27524
0.948 -1.63147 -3.31354
0.949 -1.63973 -3.35428
0.95 -1.64815 -3.39783
0.951 -1.65675 -3.44468
0.952 -1.66553 -3.49543
0.953 -1.6745 -3.55089
0.954 -1.68367 -3.61215
0.955 -1.69304 -3.68077
0.956 -1.70263 -3.75903
0.957 -1.71244 -3.8505
0.958 -1.72249 -3.96125
0.959 -1.73278 -4.10298
0.96 -1.74334 -4.30305
0.961 -1.75417 -4.65816
0.962 -1.76528 -5.34673
0.963 -1.77669 -4.52809
0.964 -1.78843 -4.27204
0.965 -1.80049 -4.11961
0.966 -1.81292 -4.01295
0.967 -1.82572 -3.93234
0.968 -1.83892 -3.86867
0.969 -1.85254 -3.81697
0.97 -1.86662 -3.77424
0.971 -1.88118 -3.73854
0.972 -1.89626 -3.70856
0.973 -1.91189 -3.68334
0.974 -1.92812 -3.66222
0.975 -1.945 -3.64468
0.976 -1.96257 -3.63034
0.977 -1.98089 -3.61892
0.978 -2.00004 -3.61022
0.979 -2.02008 -3.60408
0.98 -2.04112 -3.6004
0.981 -2.06324 -3.59913
0.982 -2.08656 -3.60024
0.983 -2.11123 -3.60376
0.984 -2.13741 -3.60976
0.985 -2.16528 -3.61835
0.986 -2.19509 -3.62968
0.987 -2.22712 -3.64397
0.988 -2.26173 -3.66153
0.989 -2.29937 -3.68275
0.99 -2.34061 -3.70816
0.991 -2.38622 -3.73848
0.992 -2.43723 -3.77471
0.993 -2.49507 -3.81826
0.994 -2.56187 -3.87121
0.995 -2.6409 -3.93681
0.996 -2.73766 -4.02054
0.997 -2.86246 -4.13267
0.998 -3.0384 -4.2963
0.999 -3.33929 -4.5852
1 -14.1764 -13.2565
1.001 -3.339 -4.56187
1.002 -3.03783 -4.24961
1.003 -2.86159 -4.06256
1.004 -2.73651 -3.92692
1.005 -2.63946 -3.81955
1.006 -2.56014 -3.73014
1.007 -2.49305 -3.65319
1.008 -2.43492 -3.58541
1.009 -2.38363 -3.52467
1.01 -2.33774 -3.46952
1.011 -2.29621 -3.41892
1.012 -2.25828 -3.37211
1.013 -2.22338 -3.3285
1.014 -2.19106 -3.28763
1.015 -2.16097 -3.24914
1.016 -2.1328 -3.21274
1.017 -2.10634 -3.17819
1.018 -2.08138 -3.14529
1.019 -2.05777 -3.11386
1.02 -2.03536 -3.08378
1.021 -2.01404 -3.05491
1.022 -1.99371 -3.02715
1.023 -1.97427 -3.00041
1.024 -1.95566 -2.97461
1.025 -1.9378 -2.94967
1.026 -1.92064 -2.92554
1.027 -1.90412 -2.90216
1.028 -1.8882 -2.87947
1.029 -1.87284 -2.85744
1.03 -1.85799 -2.83603
1.031 -1.84362 -2.81519
1.032 -1.82971 -2.79489
1.033 -1.81622 -2.7751
1.034 -1.80313 -2.7558
1.035 -1.79042 -2.73696
1.036 -1.77807 -2.71856
1.037 -1.76605 -2.70057
1.038 -1.75434 -2.68298
1.039 -1.74294 -2.66576
1.04 -1.73183 -2.6489
1.041 -1.72099 -2.63238
1.042 -1.7104 -2.61619
1.043 -1.70007 -2.60032
1.044 -1.68997 -2.58474
1.045 -1.68009 -2.56946
1.046 -1.67043 -2.55445
1.047 -1.66097 -2.53971
1.048 -1.65172 -2.52522
1.049 -1.64265 -2.51099
1.05 -1.63376 -2.49699
1.051 -1.62505 -2.48322
1.052 -1.6165 -2.46967
1.053 -1.60812 -2.45634
1.054 -1.59989 -2.44321
1.055 -1.59181 -2.43029
1.056 -1.58388 -2.41756
1.057 -1.57608 -2.40502
1.058 -1.56842 -2.39265
1.059 -1.56089 -2.38047
1.06 -1.55348 -2.36845
1.061 -1.5462 -2.35661
1.062 -1.53903 -2.34492
1.063 -1.53198 -2.33339
1.064 -1.52504 -2.32201
1.065 -1.5182 -2.31078
1.066 -1.51146 -2.29969
1.067 -1.50483 -2.28875
1.068 -1.4983 -2.27794
1.069 -1.49185 -2.26726
1.07 -1.48551 -2.25671
1.071 -1.47925 -2.24629
1.072 -1.47307 -2.23599
1.073 -1.46698 -2.22581
1.074 -1.46098 -2.21574
1.075 -1.45505 -2.2058
1.076 -1.4492 -2.19596
1.077 -1.44343 -2.18623
1.078 -1.43773 -2.17661
1.079 -1.4321 -2.16709
1.08 -1.42654 -2.15767
1.081 -1.42105 -2.14835
1.082 -1.41563 -2.13913
1.083 -1.41028 -2.13
1.084 -1.40498 -2.12097
1.085 -1.39975 -2.11203
1.086 -1.39458 -2.10318
1.087 -1.38947 -2.09441
1.088 -1.38442 -2.08573
1.089 -1.37942 -2.07713
1.09 -1.37448 -2.06862
1.091 -1.3696 -2.06018
1.092 -1.36476 -2.05182
1.093 -1.35998 -2.04355
1.094 -1.35525 -2.03534
1.095 -1.35057 -2.02721
1.096 -1.34594 -2.01916
1.097 -1.34136 -2.01117
1.098 -1.33682 -2.00326
1.099 -1.33233 -1.99541
1.1 -1.32788 -1.98763
1.101 -1.32348 -1.97992
1.102 -1.31912 -1.97227
1.103 -1.3148 -1.96469
1.104 -1.31053 -1.95717
1.105 -1.30629 -1.94971
1.106 -1.3021 -1.94232
1.107 -1.29794 -1.93498
1.108 -1.29383 -1.9277
1.109 -1.28975 -1.92048
1.11 -1.28571 -1.91332
1.111 -1.2817 -1.90621
1.112 -1.27773 -1.89916
1.113 -1.2738 -1.89216
1.114 -1.2699 -1.88521
1.115 -1.26604 -1.87832
1.116 -1.2622 -1.87148
1.117 -1.25841 -1.86469
1.118 -1.25464 -1.85795
1.119 -1.2509 -1.85126
1.12 -1.2472 -1.84461
1.121 -1.24353 -1.83802
1.122 -1.23989 -1.83147
1.123 -1.23627 -1.82497
1.124 -1.23269 -1.81851
1.125 -1.22914 -1.8121
1.126 -1.22561 -1.80573
1.127 -1.22211 -1.79941
1.128 -1.21864 -1.79313
1.129 -1.2152 -1.78689
1.13 -1.21179 -1.7807
1.131 -1.2084 -1.77454
1.132 -1.20503 -1.76843
1.133 -1.20169 -1.76235
1.134 -1.19838 -1.75632
1.135 -1.19509 -1.75033
1.136 -1.19183 -1.74437
1.137 -1.18859 -1.73845
1.138 -1.18537 -1.73257
1.139 -1.18218 -1.72673
1.14 -1.17901 -1.72092
1.141 -1.17586 -1.71515
1.142 -1.17274 -1.70941
1.143 -1.16964 -1.70371
1.144 -1.16656 -1.69805
1.145 -1.1635 -1.69241
1.146 -1.16046 -1.68682
1.147 -1.15745 -1.68125
1.148 -1.15445 -1.67572
1.149 -1.15147 -1.67022
1.15 -1.14852 -1.66476
1.151 -1.14559 -1.65932
1.152 -1.14267 -1.65392
1.153 -1.13977 -1.64855
1.154 -1.1369 -1.6432
1.155 -1.13404 -1.63789
1.156 -1.1312 -1.63261
1.157 -1.12838 -1.62736
1.158 -1.12558 -1.62214
1.159 -1.1228 -1.61694
1.16 -1.12003 -1.61178
1.161 -1.11728 -1.60664
1.162 -1.11455 -1.60153
1.163 -1.11184 -1.59645
1.164 -1.10914 -1.5914
1.165 -1.10646 -1.58637
1.166 -1.10379 -1.58137
1.167 -1.10115 -1.5764
1.168 -1.09852 -1.57145
1.169 -1.0959 -1.56653
1.17 -1.0933 -1.56163
1.171 -1.09072 -1.55676
1.172 -1.08815 -1.55191
1.173 -1.0856 -1.54709
1.174 -1.08306 -1.5423
1.175 -1.08054 -1.53752
1.176 -1.07803 -1.53277
1.177 -1.07554 -1.52805
1.178 -1.07306 -1.52335
1.179 -1.0706 -1.51867
1.18 -1.06815 -1.51401
1.181 -1.06571 -1.50938
1.182 -1.06329 -1.50477
1.183 -1.06088 -1.50018
1.184 -1.05849 -1.49562
1.185 -1.0561 -1.49107
1.186 -1.05374 -1.48655
1.187 -1.05138 -1.48205
1.188 -1.04904 -1.47757
1.189 -1.04671 -1.47311
1.19 -1.0444 -1.46867
1.191 -1.04209 -1.46426
1.192 -1.0398 -1.45986
1.193 -1.03753 -1.45548
1.194 -1.03526 -1.45113
1.195 -1.03301 -1.44679
1.196 -1.03077 -1.44247
1.197 -1.02854 -1.43818
1.198 -1.02632 -1.4339
1.199 -1.02411 -1.42964
1.2 -1.02192 -1.4254
1.201 -1.01974 -1.42118
1.202 -1.01757 -1.41697
1.203 -1.01541 -1.41279
1.204 -1.01326 -1.40862
1.205 -1.01112 -1.40447
1.206 -1.00899 -1.40034
1.207 -1.00688 -1.39623
1.208 -1.00477 -1.39213
1.209 -1.00268 -1.38806
1.21 -1.00059 -1.384
1.211 -0.998522 -1.37995
1.212 -0.996459 -1.37593
1.213 -0.994407 -1.37192
1.214 -0.992365 -1.36792
1.215 -0.990333 -1.36395
1.216 -0.988311 -1.35999
1.217 -0.986299 -1.35604
1.218 -0.984297 -1.35211
1.219 -0.982305 -1.3482
1.22 -0.980322 -1.34431
1.221 -0.978349 -1.34043
1.222 -0.976386 -1.33656
1.223 -0.974432 -1.33271
1.224 -0.972488 -1.32888
1.225 -0.970553 -1.32506
1.226 -0.968627 -1.32126
1.227 -0.966711 -1.31747
1.228 -0.964803 -1.31369
1.229 -0.962905 -1.30993
1.23 -0.961015 -1.30619
1.231 -0.959135 -1.30246
1.232 -0.957263 -1.29874
1.233 -0.9554 -1.29504
1.234 -0.953545 -1.29135
1.235 -0.951699 -1.28768
1.236 -0.949862 -1.28402
1.237 -0.948033 -1.28037
1.238 -0.946213 -1.27674
1.239 -0.944401 -1.27312
1.24 -0.942597 -1.26952
1.241 -0.940802 -1.26593
1.242 -0.939014 -1.26235
1.243 -0.937235 -1.25878
1.244 -0.935464 -1.25523
1.245 -0.933701 -1.25169
1.246 -0.931945 -1.24817
1.247 -0.930198 -1.24465
1.248 -0.928458 -1.24115
1.249 -0.926726 -1.23766
1.25 -0.925002 -1.23419
1.251 -0.923286 -1.23072
1.252 -0.921577 -1.22727
1.253 -0.919875 -1.22383
1.254 -0.918181 -1.22041
1.255 -0.916495 -1.21699
1.256 -0.914815 -1.21359
1.257 -0.913144 -1.2102
1.258 -0.911479 -1.20682
1.259 -0.909822 -1.20345
1.26 -0.908171 -1.20009
1.261 -0.906528 -1.19675
1.262 -0.904892 -1.19342
1.263 -0.903263 -1.19009
1.264 -0.901641 -1.18678
1.265 -0.900026 -1.18349
1.266 -0.898418 -1.1802
1.267 -0.896816 -1.17692
1.268 -0.895222 -1.17365
1.269 -0.893634 -1.1704
1.27 -0.892052 -1.16715
1.271 -0.890478 -1.16392
1.272 -0.88891 -1.1607
1.273 -0.887349 -1.15749
1.274 -0.885794 -1.15428
1.275 -0.884245 -1.15109
1.276 -0.882704 -1.14791
1.277 -0.881168 -1.14474
1.278 -0.879639 -1.14158
1.279 -0.878116 -1.13843
1.28 -0.8766 -1.13529
1.281 -0.875089 -1.13216
1.282 -0.873585 -1.12904
1.283 -0.872087 -1.12593
1.284 -0.870596 -1.12283
1.285 -0.86911 -1.11974
1.286 -0.86763 -1.11666
1.287 -0.866157 -1.11358
1.288 -0.864689 -1.11052
1.289 -0.863227 -1.10747
1.29 -0.861772 -1.10443
1.291 -0.860322 -1.10139
1.292 -0.858878 -1.09837
1.293 -0.857439 -1.09536
1.294 -0.856007 -1.09235
1.295 -0.85458 -1.08935
1.296 -0.853159 -1.08637
1.297 -0.851744 -1.08339
1.298 -0.850334 -1.08042
1.299 -0.84893 -1.07746
1.3 -0.847532 -1.07451
1.301 -0.846139 -1.07157
1.302 -0.844751 -1.06863
1.303 -0.843369 -1.06571
1.304 -0.841993 -1.06279
1.305 -0.840622 -1.05988
1.306 -0.839256 -1.05698
1.307 -0.837895 -1.05409
1.308 -0.83654 -1.05121
1.309 -0.835191 -1.04834
1.31 -0.833846 -1.04547
1.311 -0.832507 -1.04261
1.312 -0.831173 -1.03976
1.313 -0.829844 -1.03692
1.314 -0.828521 -1.03409
1.315 -0.827202 -1.03127
1.316 -0.825889 -1.02845
1.317 -0.82458 -1.02564
1.318 -0.823277 -1.02284
1.319 -0.821979 -1.02005
1.32 -0.820686 -1.01726
1.321 -0.819398 -1.01449
1.322 -0.818114 -1.01172
1.323 -0.816836 -1.00896
1.324 -0.815562 -1.0062
1.325 -0.814294 -1.00346
1.326 -0.81303 -1.00072
1.327 -0.811771 -0.997989
1.328 -0.810517 -0.995266
1.329 -0.809268 -0.99255
1.33 -0.808023 -0.989842
1.331 -0.806783 -0.987141
1.332 -0.805548 -0.984447
1.333 -0.804318 -0.981761
1.334 -0.803092 -0.979082
1.335 -0.801871 -0.97641
1.336 -0.800654 -0.973746
1.337 -0.799442 -0.971089
1.338 -0.798235 -0.968438
1.339 -0.797032 -0.965795
1.34 -0.795834 -0.963159
1.341 -0.79464 -0.96053
1.342 -0.793451 -0.957907
1.343 -0.792266 -0.955292
1.344 -0.791085 -0.952684
1.345 -0.78991 -0.950082
1.346 -0.788738 -0.947487
1.347 -0.787571 -0.944899
1.348 -0.786408 -0.942318
1.349 -0.78525 -0.939744
1.35 -0.784095 -0.937176
1.351 -0.782946 -0.934614
1.352 -0.7818 -0.93206
1.353 -0.780659 -0.929512
1.354 -0.779522 -0.92697
1.355 -0.778389 -0.924435
1.356 -0.77726 -0.921906
1.357 -0.776136 -0.919384
1.358 -0.775016 -0.916868
1.359 -0.7739 -0.914359
1.36 -0.772788 -0.911855
1.361 -0.77168 -0.909359
1.362 -0.770576 -0.906868
1.363 -0.769477 -0.904384
1.364 -0.768381 -0.901905
1.365 -0.76729 -0.899433
1.366 -0.766202 -0.896967
1.367 -0.765119 -0.894508
1.368 -0.764039 -0.892054
1.369 -0.762964 -0.889606
1.37 -0.761893 -0.887164
1.371 -0.760825 -0.884729
1.372 -0.759761 -0.882299
1.373 -0.758702 -0.879875
1.374 -0.757646 -0.877457
1.375 -0.756594 -0.875045
1.376 -0.755546 -0.872639
1.377 -0.754502 -0.870238
1.378 -0.753462 -0.867844
1.379 -0.752425 -0.865455
1.38 -0.751393 -0.863071
1.381 -0.750364 -0.860694
1.382 -0.749339 -0.858322
1.383 -0.748317 -0.855956
1.384 -0.7473 -0.853595
1.385 -0.746286 -0.85124
1.386 -0.745276 -0.84889
1.387 -0.74427 -0.846546
1.388 -0.743267 -0.844208
1.389 -0.742268 -0.841875
1.39 -0.741273 -0.839547
1.391 -0.740281 -0.837225
1.392 -0.739293 -0.834908
1.393 -0.738309 -0.832597
1.394 -0.737328 -0.830291
1.395 -0.736351 -0.82799
1.396 -0.735377 -0.825695
1.397 -0.734407 -0.823405
1.398 -0.733441 -0.82112
1.399 -0.732478 -0.81884
1.4 -0.731519 -0.816566
1.401 -0.730563 -0.814296
1.402 -0.729611 -0.812032
1.403 -0.728662 -0.809773
1.404 -0.727716 -0.807519
1.405 -0.726775 -0.80527
1.406 -0.725836 -0.803026
1.407 -0.724901 -0.800788
1.408 -0.72397 -0.798554
1.409 -0.723042 -0.796325
1.41 -0.722117 -0.794101
1.411 -0.721196 -0.791882
1.412 -0.720278 -0.789668
1.413 -0.719364 -0.787459
1.414 -0.718453 -0.785255
1.415 -0.717545 -0.783056
1.416 -0.716641 -0.780861
1.417 -0.71574 -0.778672
1.418 -0.714842 -0.776487
1.419 -0.713948 -0.774306
1.42 -0.713057 -0.772131
1.421 -0.712169 -0.76996
1.422 -0.711285 -0.767794
1.423 -0.710404 -0.765633
1.424 -0.709526 -0.763477
1.425 -0.708651 -0.761325
1.426 -0.70778 -0.759177
1.427 -0.706912 -0.757034
1.428 -0.706047 -0.754896
1.429 -0.705185 -0.752763
1.43 -0.704327 -0.750634
1.431 -0.703471 -0.748509
1.432 -0.702619 -0.746389
1.433 -0.70177 -0.744274
1.434 -0.700925 -0.742162
1.435 -0.700082 -0.740056
1.436 -0.699243 -0.737954
1.437 -0.698406 -0.735856
1.438 -0.697573 -0.733762
1.439 -0.696743 -0.731673
1.44 -0.695916 -0.729589
1.441 -0.695092 -0.727508
1.442 -0.694272 -0.725432
1.443 -0.693454 -0.723361
1.444 -0.69264 -0.721293
1.445 -0.691828 -0.71923
1.446 -0.69102 -0.717171
1.447 -0.690214 -0.715116
1.448 -0.689412 -0.713066
1.449 -0.688613 -0.71102
1.45 -0.687817 -0.708977
1.451 -0.687023 -0.706939
1.452 -0.686233 -0.704906
1.453 -0.685446 -0.702876
1.454 -0.684662 -0.70085
1.455 -0.683881 -0.698829
1.456 -0.683102 -0.696811
1.457 -0.682327 -0.694798
1.458 -0.681555 -0.692789
1.459 -0.680786 -0.690783
1.46 -0.680019 -0.688782
1.461 -0.679256 -0.686785
1.462 -0.678495 -0.684792
1.463 -0.677738 -0.682802
1.464 -0.676983 -0.680817
1.465 -0.676232 -0.678835
1.466 -0.675483 -0.676858
1.467 -0.674737 -0.674884
1.468 -0.673994 -0.672914
1.469 -0.673254 -0.670949
1.47 -0.672516 -0.668987
1.471 -0.671782 -0.667028
1.472 -0.671051 -0.665074
1.473 -0.670322 -0.663123
1.474 -0.669596 -0.661177
1.475 -0.668873 -0.659234
1.476 -0.668153 -0.657294
1.477 -0.667436 -0.655359
1.478 -0.666722 -0.653427
1.479 -0.66601 -0.651499
1.48 -0.665301 -0.649575
1.481 -0.664595 -0.647654
1.482 -0.663892 -0.645737
1.483 -0.663192 -0.643824
1.484 -0.662494 -0.641914
1.485 -0.661799 -0.640008
1.486 -0.661107 -0.638106
1.487 -0.660418 -0.636207
1.488 -0.659731 -0.634312
1.489 -0.659048 -0.632421
1.49 -0.658367 -0.630532
1.491 -0.657689 -0.628648
1.492 -0.657013 -0.626767
1.493 -0.65634 -0.62489
1.494 -0.65567 -0.623016
1.495 -0.655003 -0.621146
1.496 -0.654338 -0.619279
1.497 -0.653677 -0.617415
1.498 -0.653017 -0.615555
1.499 -0.652361 -0.613699
1.5 -0.651707 -0.611846
1.501 -0.651056 -0.609996
1.502 -0.650408 -0.60815
1.503 -0.649762 -0.606307
1.504 -0.649119 -0.604468
1.505 -0.648479 -0.602632
1.506 -0.647841 -0.600799
1.507 -0.647206 -0.59897
1.508 -0.646574 -0.597144
1.509 -0.645944 -0.595321
1.51 -0.645317 -0.593502
1.511 -0.644693 -0.591686
1.512 -0.644071 -0.589873
1.513 -0.643452 -0.588064
1.514 -0.642836 -0.586257
1.515 -0.642222 -0.584454
1.516 -0.641611 -0.582655
1.517 -0.641002 -0.580858
1.518 -0.640396 -0.579065
1.519 -0.639793 -0.577275
1.52 -0.639192 -0.575488
1.521 -0.638594 -0.573705
1.522 -0.637999 -0.571924
1.523 -0.637406 -0.570147
1.524 -0.636815 -0.568373
1.525 -0.636228 -0.566602
1.526 -0.635642 -0.564834
1.527 -0.63506 -0.563069
1.528 -0.63448 -0.561308
1.529 -0.633902 -0.559549
1.53 -0.633327 -0.557794
1.531 -0.632755 -0.556041
1.532 -0.632185 -0.554292
1.533 -0.631618 -0.552546
1.534 -0.631053 -0.550803
1.535 -0.630491 -0.549062
1.536 -0.629932 -0.547325
1.537 -0.629375 -0.545591
1.538 -0.62882 -0.54386
1.539 -0.628268 -0.542132
1.54 -0.627719 -0.540407
1.541 -0.627172 -0.538685
1.542 -0.626627 -0.536966
1.543 -0.626085 -0.53525
1.544 -0.625546 -0.533536
1.545 -0.625009 -0.531826
1.546 -0.624475 -0.530119
1.547 -0.623943 -0.528414
1.548 -0.623414 -0.526712
1.549 -0.622887 -0.525014
1.55 -0.622363 -0.523318
1.551 -0.621841 -0.521625
1.552 -0.621321 -0.519935
1.553 -0.620804 -0.518248
1.554 -0.62029 -0.516564
1.555 -0.619778 -0.514882
1.556 -0.619269 -0.513203
1.557 -0.618762 -0.511528
1.558 -0.618257 -0.509855
1.559 -0.617755 -0.508184
1.56 -0.617256 -0.506517
1.561 -0.616759 -0.504852
1.562 -0.616264 -0.50319
1.563 -0.615772 -0.501531
1.564 -0.615282 -0.499875
1.565 -0.614795 -0.498221
1.566 -0.61431 -0.496571
1.567 -0.613828 -0.494922
1.568 -0.613348 -0.493277
1.569 -0.612871 -0.491634
1.57 -0.612396 -0.489994
1.571 -0.611923 -0.488357
1.572 -0.611453 -0.486723
1.573 -0.610986 -0.485091
1.574 -0.61052 -0.483461
1.575 -0.610058 -0.481835
1.576 -0.609597 -0.480211
1.577 -0.609139 -0.47859
1.578 -0.608684 -0.476971
1.579 -0.608231 -0.475355
1.58 -0.60778 -0.473742
1.581 -0.607332 -0.472131
1.582 -0.606886 -0.470523
1.583 -0.606443 -0.468917
1.584 -0.606002 -0.467314
1.585 -0.605563 -0.465714
1.586 -0.605127 -0.464116
1.587 -0.604693 -0.462521
1.588 -0.604262 -0.460928
1.589 -0.603833 -0.459338
1.59 -0.603406 -0.45775
1.591 -0.602982 -0.456165
1.592 -0.602561 -0.454583
1.593 -0.602141 -0.453003
1.594 -0.601724 -0.451425
1.595 -0.60131 -0.44985
1.596 -0.600898 -0.448277
1.597 -0.600488 -0.446707
1.598 -0.600081 -0.44514
1.599 -0.599676 -0.443575
1.6 -0.599273 -0.442012
1.601 -0.598873 -0.440452
1.602 -0.598475 -0.438894
1.603 -0.59808 -0.437339
1.604 -0.597687 -0.435786
1.605 -0.597297 -0.434236
1.606 -0.596908 -0.432688
1.607 -0.596523 -0.431142
1.608 -0.596139 -0.429599
1.609 -0.595758 -0.428058
1.61 -0.595379 -0.42652
1.611 -0.595003 -0.424984
1.612 -0.594629 -0.42345
1.613 -0.594258 -0.421919
1.614 -0.593888 -0.42039
1.615 -0.593522 -0.418864
1.616 -0.593157 -0.41734
1.617 -0.592795 -0.415818
1.618 -0.592436 -0.414298
1.619 -0.592078 -0.412781
1.62 -0.591723 -0.411266
1.621 -0.591371 -0.409754
1.622 -0.591021 -0.408244
1.623 -0.590673 -0.406736
1.624 -0.590328 -0.40523
1.625 -0.589985 -0.403727
1.626 -0.589644 -0.402226
1.627 -0.589306 -0.400727
1.628 -0.58897 -0.399231
1.629 -0.588636 -0.397737
1.63 -0.588305 -0.396245
1.631 -0.587976 -0.394755
1.632 -0.58765 -0.393267
1.633 -0.587326 -0.391782
1.634 -0.587004 -0.390299
1.635 -0.586685 -0.388818
1.636 -0.586368 -0.38734
1.637 -0.586053 -0.385864
1.638 -0.585741 -0.38439
1.639 -0.585431 -0.382918
1.64 -0.585123 -0.381448
1.641 -0.584818 -0.37998
1.642 -0.584515 -0.378515
1.643 -0.584215 -0.377052
1.644 -0.583917 -0.375591
1.645 -0.583621 -0.374132
1.646 -0.583328 -0.372675
1.647 -0.583037 -0.371221
1.648 -0.582749 -0.369768
1.649 -0.582463 -0.368318
1.65 -0.582179 -0.36687
1.651 -0.581897 -0.365424
1.652 -0.581618 -0.36398
1.653 -0.581342 -0.362538
1.654 -0.581067 -0.361099
1.655 -0.580795 -0.359661
1.656 -0.580526 -0.358226
1.657 -0.580259 -0.356793
1.658 -0.579994 -0.355361
1.659 -0.579732 -0.353932
1.66 -0.579472 -0.352505
1.661 -0.579214 -0.35108
1.662 -0.578959 -0.349657
1.663 -0.578706 -0.348236
1.664 -0.578455 -0.346817
1.665 -0.578207 -0.345401
1.666 -0.577961 -0.343986
1.667 -0.577718 -0.342573
1.668 -0.577477 -0.341163
1.669 -0.577238 -0.339754
1.67 -0.577002 -0.338347
1.671 -0.576768 -0.336943
1.672 -0.576537 -0.33554
1.673 -0.576308 -0.33414
1.674 -0.576081 -0.332741
1.675 -0.575857 -0.331344
1.676 -0.575635 -0.32995
1.677 -0.575416 -0.328557
1.678 -0.575198 -0.327167
1.679 -0.574984 -0.325778
1.68 -0.574772 -0.324391
1.681 -0.574562 -0.323006
1.682 -0.574354 -0.321624
1.683 -0.574149 -0.320243
1.684 -0.573946 -0.318864
1.685 -0.573746 -0.317487
1.686 -0.573548 -0.316112
1.687 -0.573353 -0.314739
1.688 -0.57316 -0.313368
1.689 -0.572969 -0.311999
1.69 -0.572781 -0.310632
1.691 -0.572595 -0.309266
1.692 -0.572412 -0.307903
1.693 -0.572231 -0.306541
1.694 -0.572052 -0.305182
1.695 -0.571876 -0.303824
1.696 -0.571703 -0.302468
1.697 -0.571532 -0.301114
1.698 -0.571363 -0.299762
1.699 -0.571196 -0.298412
1.7 -0.571032 -0.297063
1.701 -0.570871 -0.295717
1.702 -0.570712 -0.294372
1.703 -0.570555 -0.293029
1.704 -0.570401 -0.291689
1.705 -0.570249 -0.290349
1.706 -0.5701 -0.289012
1.707 -0.569953 -0.287677
1.708 -0.569809 -0.286343
1.709 -0.569667 -0.285012
1.71 -0.569527 -0.283682
1.711 -0.56939 -0.282354
1.712 -0.569256 -0.281027
1.713 -0.569124 -0.279703
1.714 -0.568994 -0.27838
1.715 -0.568867 -0.277059
1.716 -0.568742 -0.27574
1.717 -0.56862 -0.274423
1.718 -0.568501 -0.273108
1.719 -0.568383 -0.271794
1.72 -0.568269 -0.270482
1.721 -0.568156 -0.269172
1.722 -0.568047 -0.267864
1.723 -0.567939 -0.266557
1.724 -0.567835 -0.265252
1.725 -0.567732 -0.263949
1.726 -0.567633 -0.262648
1.727 -0.567535 -0.261348
1.728 -0.56744 -0.26005
1.729 -0.567348 -0.258754
1.73 -0.567259 -0.25746
1.731 -0.567171 -0.256167
1.732 -0.567087 -0.254876
1.733 -0.567005 -0.253587
1.734 -0.566925 -0.2523
1.735 -0.566848 -0.251014
1.736 -0.566773 -0.24973
1.737 -0.566701 -0.248448
1.738 -0.566632 -0.247167
1.739 -0.566565 -0.245888
1.74 -0.5665 -0.244611
1.741 -0.566439 -0.243336
1.742 -0.566379 -0.242062
1.743 -0.566323 -0.24079
1.744 -0.566269 -0.239519
1.745 -0.566217 -0.238251
1.746 -0.566168 -0.236983
1.747 -0.566122 -0.235718
1.748 -0.566078 -0.234454
1.749 -0.566037 -0.233192
1.75 -0.565998 -0.231932
1.751 -0.565962 -0.230673
1.752 -0.565928 -0.229416
1.753 -0.565898 -0.22816
1.754 -0.565869 -0.226906
1.755 -0.565844 -0.225654
1.756 -0.565821 -0.224404
1.757 -0.5658 -0.223155
1.758 -0.565782 -0.221907
1.759 -0.565767 -0.220662
1.76 -0.565755 -0.219417
1.761 -0.565745 -0.218175
1.762 -0.565738 -0.216934
1.763 -0.565733 -0.215695
1.764 -0.565731 -0.214457
1.765 -0.565732 -0.213221
1.766 -0.565735 -0.211987
1.767 -0.565741 -0.210754
1.768 -0.56575 -0.209523
1.769 -0.565761 -0.208293
1.77 -0.565775 -0.207065
1.771 -0.565792 -0.205838
1.772 -0.565812 -0.204613
1.773 -0.565834 -0.20339
1.774 -0.565859 -0.202168
1.775 -0.565886 -0.200948
1.776 -0.565917 -0.199729
1.777 -0.56595 -0.198512
1.778 -0.565985 -0.197297
1.779 -0.566024 -0.196083
1.78 -0.566065 -0.19487
1.781 -0.566109 -0.193659
1.782 -0.566156 -0.19245
1.783 -0.566205 -0.191242
1.784 -0.566257 -0.190036
1.785 -0.566312 -0.188831
1.786 -0.56637 -0.187628
1.787 -0.56643 -0.186426
1.788 -0.566494 -0.185226
1.789 -0.56656 -0.184027
1.79 -0.566629 -0.18283
1.791 -0.5667 -0.181634
1.792 -0.566775 -0.18044
1.793 -0.566852 -0.179247
1.794 -0.566932 -0.178056
1.795 -0.567015 -0.176866
1.796 -0.567101 -0.175678
1.797 -0.56719 -0.174492
1.798 -0.567281 -0.173306
1.799 -0.567375 -0.172123
1.8 -0.567472 -0.170941
1.801 -0.567573 -0.16976
1.802 -0.567675 -0.168581
1.803 -0.567781 -0.167403
1.804 -0.56789 -0.166226
1.805 -0.568001 -0.165052
1.806 -0.568116 -0.163878
1.807 -0.568233 -0.162706
1.808 -0.568354 -0.161536
1.809 -0.568477 -0.160367
1.81 -0.568603 -0.159199
1.811 -0.568732 -0.158033
1.812 -0.568864 -0.156868
1.813 -0.568999 -0.155705
1.814 -0.569137 -0.154543
1.815 -0.569278 -0.153383
1.816 -0.569422 -0.152224
1.817 -0.569569 -0.151066
1.818 -0.569718 -0.14991
1.819 -0.569871 -0.148756
1.82 -0.570027 -0.147602
1.821 -0.570186 -0.146451
1.822 -0.570348 -0.1453
1.823 -0.570513 -0.144151
1.824 -0.570681 -0.143004
1.825 -0.570852 -0.141857
1.826 -0.571026 -0.140713
1.827 -0.571203 -0.139569
1.828 -0.571383 -0.138427
1.829 -0.571567 -0.137287
1.83 -0.571753 -0.136147
1.831 -0.571942 -0.13501
1.832 -0.572135 -0.133873
1.833 -0.572331 -0.132738
1.834 -0.57253 -0.131604
1.835 -0.572732 -0.130472
1.836 -0.572937 -0.129341
1.837 -0.573145 -0.128212
1.838 -0.573356 -0.127084
1.839 -0.573571 -0.125957
1.84 -0.573789 -0.124831
1.841 -0.57401 -0.123707
1.842 -0.574234 -0.122584
1.843 -0.574461 -0.121463
1.844 -0.574692 -0.120343
1.845 -0.574926 -0.119224
1.846 -0.575163 -0.118107
1.847 -0.575403 -0.116991
1.848 -0.575647 -0.115876
1.849 -0.575894 -0.114763
1.85 -0.576144 -0.113651
1.851 -0.576398 -0.11254
1.852 -0.576654 -0.111431
1.853 -0.576915 -0.110323
1.854 -0.577178 -0.109217
1.855 -0.577445 -0.108111
1.856 -0.577715 -0.107007
1.857 -0.577988 -0.105904
1.858 -0.578265 -0.104803
1.859 -0.578546 -0.103703
1.86 -0.578829 -0.102604
1.861 -0.579116 -0.101507
1.862 -0.579407 -0.100411
1.863 -0.579701 -0.0993158
1.864 -0.579998 -0.0982223
1.865 -0.580299 -0.09713
1.866 -0.580603 -0.0960391
1.867 -0.580911 -0.0949494
1.868 -0.581222 -0.093861
1.869 -0.581537 -0.0927739
1.87 -0.581855 -0.0916881
1.871 -0.582176 -0.0906036
1.872 -0.582502 -0.0895204
1.873 -0.582831 -0.0884384
1.874 -0.583163 -0.0873577
1.875 -0.583499 -0.0862783
1.876 -0.583839 -0.0852001
1.877 -0.584182 -0.0841233
1.878 -0.584529 -0.0830476
1.879 -0.584879 -0.0819733
1.88 -0.585233 -0.0809002
1.881 -0.585591 -0.0798283
1.882 -0.585952 -0.0787578
1.883 -0.586317 -0.0776884
1.884 -0.586686 -0.0766204
1.885 -0.587059 -0.0755535
1.886 -0.587435 -0.0744879
1.887 -0.587815 -0.0734236
1.888 -0.588199 -0.0723605
1.889 -0.588586 -0.0712986
1.89 -0.588977 -0.070238
1.891 -0.589373 -0.0691786
1.892 -0.589771 -0.0681204
1.893 -0.590174 -0.0670635
1.894 -0.590581 -0.0660078
1.895 -0.590991 -0.0649533
1.896 -0.591406 -0.0639001
1.897 -0.591824 -0.062848
1.898 -0.592246 -0.0617972
1.899 -0.592672 -0.0607476
1.9 -0.593102 -0.0596992
1.901 -0.593536 -0.058652
1.902 -0.593974 -0.0576061
1.903 -0.594416 -0.0565613
1.904 -0.594862 -0.0555178
1.905 -0.595312 -0.0544754
1.906 -0.595766 -0.0534342
1.907 -0.596224 -0.0523943
1.908 -0.596686 -0.0513555
1.909 -0.597153 -0.050318
1.91 -0.597623 -0.0492816
1.911 -0.598098 -0.0482464
1.912 -0.598576 -0.0472124
1.913 -0.599059 -0.0461796
1.914 -0.599546 -0.045148
1.915 -0.600037 -0.0441175
1.916 -0.600533 -0.0430882
1.917 -0.601033 -0.0420601
1.918 -0.601537 -0.0410332
1.919 -0.602045 -0.0400075
1.92 -0.602557 -0.0389829
1.921 -0.603074 -0.0379595
1.922 -0.603596 -0.0369372
1.923 -0.604121 -0.0359161
1.924 -0.604651 -0.0348962
1.925 -0.605186 -0.0338775
1.926 -0.605724 -0.0328599
1.927 -0.606268 -0.0318434
1.928 -0.606815 -0.0308281
1.929 -0.607368 -0.029814
1.93 -0.607924 -0.028801
1.931 -0.608485 -0.0277891
1.932 -0.609051 -0.0267784
1.933 -0.609622 -0.0257689
1.934 -0.610197 -0.0247605
1.935 -0.610776 -0.0237532
1.936 -0.61136 -0.0227471
1.937 -0.611949 -0.0217421
1.938 -0.612543 -0.0207382
1.939 -0.613141 -0.0197355
1.94 -0.613744 -0.0187339
1.941 -0.614352 -0.0177334
1.942 -0.614965 -0.016734
1.943 -0.615582 -0.0157358
1.944 -0.616204 -0.0147387
1.945 -0.616831 -0.0137427
1.946 -0.617463 -0.0127478
1.947 -0.6181 -0.0117541
1.948 -0.618742 -0.0107614
1.949 -0.619389 -0.0097699
1.95 -0.62004 -0.00877948
1.951 -0.620697 -0.00779017
1.952 -0.621359 -0.00680196
1.953 -0.622026 -0.00581486
1.954 -0.622698 -0.00482887
1.955 -0.623375 -0.00384397
1.956 -0.624057 -0.00286017
1.957 -0.624744 -0.00187747
1.958 -0.625437 -0.000895866
1.959 -0.626135 8.46465e-05
1.96 -0.626838 0.00106407
1.961 -0.627546 0.0020424
1.962 -0.62826 0.00301964
1.963 -0.628979 0.0039958
1.964 -0.629704 0.00497087
1.965 -0.630433 0.00594486
1.966 -0.631169 0.00691777
1.967 -0.631909 0.00788961
1.968 -0.632656 0.00886036
1.969 -0.633407 0.00983004
1.97 -0.634165 0.0107986
1.971 -0.634928 0.0117662
1.972 -0.635696 0.0127326
1.973 -0.636471 0.013698
1.974 -0.637251 0.0146624
1.975 -0.638036 0.0156256
1.976 -0.638828 0.0165878
1.977 -0.639625 0.017549
1.978 -0.640428 0.0185091
1.979 -0.641237 0.0194681
1.98 -0.642052 0.0204261
1.981 -0.642873 0.021383
1.982 -0.6437 0.0223389
1.983 -0.644532 0.0232937
1.984 -0.645371 0.0242474
1.985 -0.646216 0.0252002
1.986 -0.647067 0.0261518
1.987 -0.647925 0.0271025
1.988 -0.648788 0.028052
1.989 -0.649658 0.0290006
1.99 -0.650534 0.0299481
1.991 -0.651416 0.0308946
1.992 -0.652305 0.03184
1.993 -0.6532 0.0327844
1.994 -0.654102 0.0337278
1.995 -0.65501 0.0346701
1.996 -0.655924 0.0356114
1.997 -0.656845 0.0365517
1.998 -0.657773 0.037491
1.999 -0.658708 0.0384292
2 -0.659649 0.0393664
2.001 -0.660597 0.0403026
2.002 -0.661551 0.0412378
2.003 -0.662513 0.042172
2.004 -0.663481 0.0431051
2.005 -0.664457 0.0440372
2.006 -0.665439 0.0449683
2.007 -0.666429 0.0458984
2.008 -0.667425 0.0468275
2.009 -0.668429 0.0477556
2.01 -0.66944 0.0486827
2.011 -0.670458 0.0496088
2.012 -0.671483 0.0505339
2.013 -0.672516 0.0514579
2.014 -0.673556 0.052381
2.015 -0.674603 0.0533031
2.016 -0.675658 0.0542242
2.017 -0.676721 0.0551442
2.018 -0.677791 0.0560633
2.019 -0.678869 0.0569814
2.02 -0.679954 0.0578985
2.021 -0.681048 0.0588147
2.022 -0.682149 0.0597298
2.023 -0.683258 0.0606439
2.024 -0.684375 0.0615571
2.025 -0.6855 0.0624693
2.026 -0.686633 0.0633805
2.027 -0.687775 0.0642907
2.028 -0.688924 0.0651999
2.029 -0.690082 0.0661082
2.03 -0.691248 0.0670155
2.031 -0.692422 0.0679218
2.032 -0.693605 0.0688271
2.033 -0.694797 0.0697315
2.034 -0.695997 0.0706349
2.035 -0.697205 0.0715373
2.036 -0.698423 0.0724388
2.037 -0.699649 0.0733393
2.038 -0.700884 0.0742388
2.039 -0.702128 0.0751374
2.04 -0.703381 0.076035
2.041 -0.704643 0.0769317
2.042 -0.705915 0.0778274
2.043 -0.707195 0.0787221
2.044 -0.708485 0.0796159
2.045 -0.709784 0.0805087
2.046 -0.711093 0.0814006
2.047 -0.712411 0.0822915
2.048 -0.713739 0.0831815
2.049 -0.715077 0.0840705
2.05 -0.716424 0.0849586
2.051 -0.717782 0.0858458
2.052 -0.719149 0.086732
2.053 -0.720526 0.0876172
2.054 -0.721914 0.0885015
2.055 -0.723312 0.0893849
2.056 -0.72472 0.0902673
2.057 -0.726138 0.0911488
2.058 -0.727568 0.0920294
2.059 -0.729007 0.092909
2.06 -0.730458 0.0937877
2.061 -0.731919 0.0946655
2.062 -0.733391 0.0955423
2.063 -0.734874 0.0964182
2.064 -0.736369 0.0972932
2.065 -0.737874 0.0981673
2.066 -0.739391 0.0990404
2.067 -0.740919 0.0999126
2.068 -0.742459 0.100784
2.069 -0.74401 0.101654
2.07 -0.745574 0.102524
2.071 -0.747149 0.103392
2.072 -0.748736 0.10426
2.073 -0.750335 0.105126
2.074 -0.751946 0.105992
2.075 -0.75357 0.106857
2.076 -0.755206 0.107721
2.077 -0.756855 0.108584
2.078 -0.758517 0.109446
2.079 -0.760191 0.110308
2.08 -0.761879 0.111168
2.081 -0.763579 0.112027
2.082 -0.765293 0.112886
2.083 -0.76702 0.113743
2.084 -0.768761 0.1146
2.085 -0.770515 0.115456
2.086 -0.772284 0.116311
2.087 -0.774066 0.117165
2.088 -0.775862 0.118018
2.089 -0.777673 0.11887
2.09 -0.779498 0.119721
2.091 -0.781338 0.120572
2.092 -0.783192 0.121421
2.093 -0.785061 0.12227
2.094 -0.786946 0.123118
2.095 -0.788845 0.123965
2.096 -0.79076 0.124811
2.097 -0.792691 0.125656
2.098 -0.794638 0.1265
2.099 -0.7966 0.127343
2.1 -0.798578 0.128186
2.101 -0.800573 0.129027
2.102 -0.802585 0.129868
2.103 -0.804613 0.130708
2.104 -0.806658 0.131547
2.105 -0.80872 0.132385
2.106 -0.810799 0.133222
2.107 -0.812896 0.134059
2.108 -0.815011 0.134894
2.109 -0.817144 0.135729
2.11 -0.819295 0.136562
2.111 -0.821464 0.137395
2.112 -0.823652 0.138227
2.113 -0.825859 0.139058
2.114 -0.828085 0.139888
2.115 -0.83033 0.140718
2.116 -0.832595 0.141546
2.117 -0.83488 0.142374
2.118 -0.837185 0.143201
2.119 -0.83951 0.144027
2.12 -0.841856 0.144852
2.121 -0.844223 0.145676
2.122 -0.846611 0.146499
2.123 -0.849021 0.147322
2.124 -0.851452 0.148144
2.125 -0.853906 0.148964
2.126 -0.856382 0.149784
2.127 -0.858881 0.150604
2.128 -0.861403 0.151422
2.129 -0.863948 0.152239
2.13 -0.866517 0.153056
2.131 -0.86911 0.153872
2.132 -0.871727 0.154686
2.133 -0.87437 0.1555
2.134 -0.877037 0.156314
2.135 -0.87973 0.157126
2.136 -0.882449 0.157938
2.137 -0.885194 0.158748
2.138 -0.887965 0.159558
2.139 -0.890764 0.160367
2.14 -0.893591 0.161175
2.141 -0.896445 0.161983
2.142 -0.899328 0.162789
2.143 -0.902239 0.163595
2.144 -0.90518 0.1644
2.145 -0.908151 0.165204
2.146 -0.911151 0.166007
2.147 -0.914183 0.166809
2.148 -0.917246 0.167611
2.149 -0.920341 0.168411
2.15 -0.923468 0.169211
2.151 -0.926628 0.17001
2.152 -0.929821 0.170808
2.153 -0.933049 0.171606
2.154 -0.936311 0.172402
2.155 -0.939608 0.173198
2.156 -0.942941 0.173993
2.157 -0.946311 0.174787
2.158 -0.949718 0.175581
2.159 -0.953163 0.176373
2.16 -0.956646 0.177165
2.161 -0.960169 0.177956
2.162 -0.963731 0.178746
2.163 -0.967335 0.179535
2.164 -0.97098 0.180323
2.165 -0.974668 0.181111
2.166 -0.978398 0.181898
2.167 -0.982173 0.182684
2.168 -0.985993 0.183469
2.169 -0.989859 0.184253
2.17 -0.993772 0.185037
2.171 -0.997732 0.18582
2.172 -1.00174 0.186602
2.173 -1.0058 0.187383
2.174 -1.00991 0.188163
2.175 -1.01407 0.188943
2.176 -1.01829 0.189722
2.177 -1.02256 0.1905
2.178 -1.02688 0.191277
2.179 -1.03126 0.192053
2.18 -1.0357 0.192829
2.181 -1.0402 0.193604
2.182 -1.04476 0.194378
2.183 -1.04939 0.195151
2.184 -1.05407 0.195923
2.185 -1.05883 0.196695
2.186 -1.06365 0.197466
2.187 -1.06853 0.198236
2.188 -1.07349 0.199005
2.189 -1.07852 0.199774
2.19 -1.08363 0.200541
2.191 -1.08881 0.201308
2.192 -1.09407 0.202074
2.193 -1.09941 0.20284
2.194 -1.10483 0.203604
2.195 -1.11033 0.204368
2.196 -1.11593 0.205131
2.197 -1.12161 0.205893
2.198 -1.12739 0.206655
2.199 -1.13326 0.207415
2.2 -1.13923 0.208175
2.201 -1.14529 0.208935
2.202 -1.15147 0.209693
2.203 -1.15775 0.21045
2.204 -1.16414 0.211207
2.205 -1.17064 0.211963
2.206 -1.17727 0.212719
2.207 -1.18401 0.213473
2.208 -1.19088 0.214227
2.209 -1.19789 0.21498
2.21 -1.20502 0.215732
2.211 -1.2123 0.216483
2.212 -1.21972 0.217234
2.213 -1.22729 0.217984
2.214 -1.23502 0.218733
2.215 -1.24292 0.219482
2.216 -1.25098 0.220229
2.217 -1.25921 0.220976
2.218 -1.26763 0.221722
2.219 -1.27624 0.222467
2.22 -1.28505 0.223212
2.221 -1.29407 0.223956
2.222 -1.3033 0.224699
2.223 -1.31276 0.225441
2.224 -1.32246 0.226183
2.225 -1.33241 0.226924
2.226 -1.34262 0.227664
2.227 -1.3531 0.228403
2.228 -1.36387 0.229142
2.229 -1.37495 0.229879
2.23 -1.38635 0.230616
2.231 -1.39809 0.231353
2.232 -1.41019 0.232088
2.233 -1.42267 0.232823
2.234 -1.43555 0.233557
2.235 -1.44887 0.23429
2.236 -1.46264 0.235023
2.237 -1.47691 0.235755
2.238 -1.49169 0.236486
2.239 -1.50705 0.237216
2.24 -1.523 0.237946
2.241 -1.53962 0.238675
2.242 -1.55694 0.239403
2.243 -1.57503 0.24013
2.244 -1.59395 0.240857
2.245 -1.6138 0.241583
2.246 -1.63465 0.242308
2.247 -1.65661 0.243032
2.248 -1.6798 0.243756
2.249 -1.70437 0.244479
2.25 -1.73049 0.245201
2.251 -1.75835 0.245923
2.252 -1.7882 0.246644
2.253 -1.82034 0.247364
2.254 -1.85515 0.248083
2.255 -1.8931 0.248802
2.256 -1.93479 0.24952
2.257 -1.98105 0.250237
2.258 -2.03297 0.250953
2.259 -2.09211 0.251669
2.26 -2.16079 0.252384
2.261 -2.24264 0.253098
2.262 -2.34387 0.253811
2.263 -2.47651 0.254524
2.264 -2.66905 0.255236
2.265 -3.02492 0.255948
2.266 -3.58964 0.256658
2.267 -2.83511 0.257368
2.268 -2.57358 0.258077
2.269 -2.41115 0.258786
2.27 -2.29295 0.259494
2.271 -2.19992 0.260201
2.272 -2.12317 0.260907
2.273 -2.05781 0.261613
2.274 -2.00088 0.262317
2.275 -1.95044 0.263022
2.276 -1.90514 0.263725
2.277 -1.86402 0.264428
2.278 -1.82638 0.26513
2.279 -1.79165 0.265831
2.28 -1.75942 0.266532
2.281 -1.72935 0.267232
2.282 -1.70115 0.267931
2.283 -1.67462 0.268629
2.284 -1.64955 0.269327
2.285 -1.62579 0.270024
2.286 -1.60321 0.270721
2.287 -1.58169 0.271416
2.288 -1.56114 0.272111
2.289 -1.54148 0.272806
2.29 -1.52261 0.273499
2.291 -1.5045 0.274192
2.292 -1.48706 0.274884
2.293 -1.47026 0.275576
2.294 -1.45405 0.276266
2.295 -1.43838 0.276956
2.296 -1.42322 0.277646
2.297 -1.40854 0.278334
2.298 -1.3943 0.279022
2.299 -1.38049 0.27971
2.3 -1.36706 0.280396
2.301 -1.35401 0.281082
2.302 -1.34131 0.281767
2.303 -1.32895 0.282452
2.304 -1.31689 0.283136
2.305 -1.30514 0.283819
2.306 -1.29366 0.284501
2.307 -1.28246 0.285183
2.308 -1.27151 0.285864
2.309 -1.26081 0.286544
2.31 -1.25034 0.287224
2.311 -1.24009 0.287903
2.312 -1.23005 0.288581
2.313 -1.22022 0.289259
2.314 -1.21059 0.289936
2.315 -1.20114 0.290612
2.316 -1.19187 0.291288
2.317 -1.18277 0.291962
2.318 -1.17384 0.292637
2.319 -1.16507 0.29331
2.32 -1.15645 0.293983
2.321 -1.14799 0.294655
2.322 -1.13966 0.295327
2.323 -1.13147 0.295997
2.324 -1.12342 0.296667
2.325 -1.11549 0.297337
2.326 -1.10769 0.298006
2.327 -1.10001 0.298674
2.328 -1.09244 0.299341
2.329 -1.08499 0.300008
2.33 -1.07765 0.300674
2.331 -1.07041 0.301339
2.332 -1.06327 0.302004
2.333 -1.05624 0.302668
2.334 -1.0493 0.303331
2.335 -1.04245 0.303994
2.336 -1.0357 0.304656
2.337 -1.02903 0.305317
2.338 -1.02245 0.305978
2.339 -1.01596 0.306638
2.34 -1.00954 0.307297
2.341 -1.00321 0.307956
2.342 -0.996948 0.308614
2.343 -0.990765 0.309271
2.344 -0.984655 0.309928
2.345 -0.978616 0.310584
2.346 -0.972648 0.311239
2.347 -0.966747 0.311894
2.348 -0.960912 0.312548
2.349 -0.955142 0.313201
2.35 -0.949435 0.313854
2.351 -0.94379 0.314506
2.352 -0.938205 0.315157
2.353 -0.932678 0.315808
2.354 -0.92721 0.316458
2.355 -0.921797 0.317107
2.356 -0.91644 0.317756
2.357 -0.911136 0.318404
2.358 -0.905885 0.319051
2.359 -0.900685 0.319698
2.36 -0.895536 0.320344
2.361 -0.890436 0.320989
2.362 -0.885384 0.321634
2.363 -0.880379 0.322278
2.364 -0.875421 0.322922
2.365 -0.870509 0.323565
2.366 -0.865641 0.324207
2.367 -0.860816 0.324848
2.368 -0.856035 0.325489
2.369 -0.851295 0.326129
2.37 -0.846596 0.326769
2.371 -0.841938 0.327408
2.372 -0.83732 0.328046
2.373 -0.83274 0.328683
2.374 -0.828198 0.32932
2.375 -0.823694 0.329957
2.376 -0.819227 0.330592
2.377 -0.814796 0.331227
2.378 -0.810401 0.331862
2.379 -0.80604 0.332495
2.38 -0.801713 0.333129
2.381 -0.797421 0.333761
2.382 -0.793161 0.334393
2.383 -0.788934 0.335024
2.384 -0.784739 0.335654
2.385 -0.780575 0.336284
2.386 -0.776443 0.336913
2.387 -0.772341 0.337542
2.388 -0.768268 0.33817
2.389 -0.764225 0.338797
2.39 -0.760212 0.339424
2.391 -0.756226 0.34005
2.392 -0.752269 0.340675
2.393 -0.74834 0.3413
2.394 -0.744437 0.341924
2.395 -0.740562 0.342548
2.396 -0.736713 0.34317
2.397 -0.732889 0.343793
2.398 -0.729092 0.344414
2.399 -0.72532 0.345035
2.4 -0.721572 0.345655
2.401 -0.717849 0.346275
2.402 -0.71415 0.346894
2.403 -0.710475 0.347512
2.404 -0.706824 0.34813
2.405 -0.703195 0.348747
2.406 -0.69959 0.349364
2.407 -0.696006 0.34998
2.408 -0.692445 0.350595
2.409 -0.688906 0.351209
2.41 -0.685388 0.351823
2.411 -0.681892 0.352437
2.412 -0.678417 0.353049
2.413 -0.674962 0.353662
2.414 -0.671528 0.354273
2.415 -0.668113 0.354884
2.416 -0.664719 0.355494
2.417 -0.661345 0.356104
2.418 -0.657989 0.356713
2.419 -0.654653 0.357321
2.42 -0.651336 0.357929
2.421 -0.648037 0.358536
2.422 -0.644757 0.359142
2.423 -0.641495 0.359748
2.424 -0.638251 0.360353
2.425 -0.635024 0.360958
2.426 -0.631815 0.361562
2.427 -0.628624 0.362165
2.428 -0.625449 0.362768
2.429 -0.622292 0.36337
2.43 -0.619151 0.363972
2.431 -0.616026 0.364573
2.432 -0.612918 0.365173
2.433 -0.609826 0.365773
2.434 -0.60675 0.366372
2.435 -0.603689 0.36697
2.436 -0.600644 0.367568
2.437 -0.597615 0.368165
2.438 -0.5946 0.368762
2.439 -0.591601 0.369358
2.44 -0.588616 0.369953
2.441 -0.585646 0.370548
2.442 -0.582691 0.371142
2.443 -0.57975 0.371735
2.444 -0.576823 0.372328
2.445 -0.57391 0.372921
2.446 -0.571012 0.373512
2.447 -0.568126 0.374103
2.448 -0.565255 0.374694
2.449 -0.562397 0.375284
2.45 -0.559552 0.375873
2.451 -0.55672 0.376462
2.452 -0.553902 0.37705
2.453 -0.551096 0.377637
2.454 -0.548303 0.378224
2.455 -0.545523 0.37881
2.456 -0.542755 0.379396
2.457 -0.54 0.379981
2.458 -0.537256 0.380565
2.459 -0.534525 0.381149
2.46 -0.531806 0.381732
2.461 -0.529099 0.382315
2.462 -0.526403 0.382897
2.463 -0.523719 0.383478
2.464 -0.521047 0.384059
2.465 -0.518386 0.384639
2.466 -0.515737 0.385218
2.467 -0.513098 0.385797
2.468 -0.510471 0.386376
2.469 -0.507855 0.386954
2.47 -0.505249 0.387531
2.471 -0.502655 0.388107
2.472 -0.500071 0.388683
2.473 -0.497497 0.389259
2.474 -0.494934 0.389833
2.475 -0.492382 0.390408
2.476 -0.489839 0.390981
2.477 -0.487307 0.391554
2.478 -0.484785 0.392127
2.479 -0.482273 0.392698
2.48 -0.479771 0.39327
2.481 -0.477279 0.39384
2.482 -0.474796 0.39441
2.483 -0.472323 0.39498
2.484 -0.46986 0.395548
2.485 -0.467406 0.396117
2.486 -0.464962 0.396684
2.487 -0.462526 0.397251
2.488 -0.460101 0.397818
2.489 -0.457684 0.398384
2.49 -0.455276 0.398949
2.491 -0.452877 0.399514
2.492 -0.450488 0.400078
2.493 -0.448107 0.400641
2.494 -0.445734 0.401204
2.495 -0.443371 0.401766
2.496 -0.441016 0.402328
2.497 -0.43867 0.402889
2.498 -0.436332 0.40345
2.499 -0.434002 0.40401
2.5 -0.431681 0.404569
2.501 -0.429368 0.405128
2.502 -0.427064 0.405686
2.503 -0.424767 0.406244
2.504 -0.422479 0.406801
2.505 -0.420198 0.407357
2.506 -0.417926 0.407913
2.507 -0.415661 0.408468
2.508 -0.413404 0.409023
2.509 -0.411155 0.409577
2.51 -0.408914 0.410131
2.511 -0.40668 0.410684
2.512 -0.404454 0.411236
2.513 -0.402235 0.411788
2.514 -0.400024 0.412339
2.515 -0.39782 0.41289
2.516 -0.395624 0.41344
2.517 -0.393435 0.413989
2.518 -0.391253 0.414538
2.519 -0.389078 0.415086
2.52 -0.38691 0.415634
2.521 -0.38475 0.416181
2.522 -0.382596 0.416728
2.523 -0.38045 0.417274
2.524 -0.37831 0.417819
2.525 -0.376177 0.418364
2.526 -0.374051 0.418908
2.527 -0.371932 0.419452
2.528 -0.369819 0.419995
2.529 -0.367713 0.420538
2.53 -0.365614 0.42108
2.531 -0.363521 0.421621
2.532 -0.361435 0.422162
2.533 -0.359355 0.422702
2.534 -0.357282 0.423242
2.535 -0.355215 0.423781
2.536 -0.353155 0.424319
2.537 -0.3511 0.424857
2.538 -0.349052 0.425394
2.539 -0.34701 0.425931
2.54 -0.344975 0.426467
2.541 -0.342945 0.427003
2.542 -0.340922 0.427538
2.543 -0.338904 0.428073
2.544 -0.336893 0.428607
2.545 -0.334887 0.42914
2.546 -0.332887 0.429673
2.547 -0.330894 0.430205
2.548 -0.328906 0.430737
2.549 -0.326924 0.431268
2.55 -0.324947 0.431798
2.551 -0.322977 0.432328
2.552 -0.321012 0.432858
2.553 -0.319052 0.433387
2.554 -0.317099 0.433915
2.555 -0.31515 0.434442
2.556 -0.313208 0.43497
2.557 -0.311271 0.435496
2.558 -0.309339 0.436022
2.559 -0.307413 0.436548
2.56 -0.305492 0.437072
2.561 -0.303576 0.437597
2.562 -0.301666 0.438121
2.563 -0.299761 0.438644
2.564 -0.297861 0.439166
2.565 -0.295967 0.439688
2.566 -0.294078 0.44021
2.567 -0.292194 0.440731
2.568 -0.290315 0.441251
2.569 -0.288441 0.441771
2.57 -0.286572 0.44229
2.571 -0.284708 0.442809
2.572 -0.282849 0.443327
2.573 -0.280996 0.443845
2.574 -0.279147 0.444362
2.575 -0.277303 0.444878
2.576 -0.275463 0.445394
2.577 -0.273629 0.445909
2.578 -0.2718 0.446424
2.579 -0.269975 0.446938
2.58 -0.268155 0.447452
2.581 -0.26634 0.447965
2.582 -0.264529 0.448477
2.583 -0.262724 0.448989
2.584 -0.260922 0.449501
2.585 -0.259126 0.450012
2.586 -0.257334 0.450522
2.587 -0.255547 0.451032
2.588 -0.253764 0.451541
2.589 -0.251985 0.45205
2.59 -0.250212 0.452558
2.591 -0.248442 0.453065
2.592 -0.246677 0.453572
2.593 -0.244917 0.454079
2.594 -0.243161 0.454584
2.595 -0.241409 0.45509
2.596 -0.239661 0.455595
2.597 -0.237918 0.456099
2.598 -0.236179 0.456602
2.599 -0.234445 0.457105
2.6 -0.232714 0.457608
2.601 -0.230988 0.45811
2.602 -0.229266 0.458612
2.603 -0.227548 0.459112
2.604 -0.225835 0.459613
2.605 -0.224125 0.460113
2.606 -0.22242 0.460612
2.607 -0.220719 0.461111
2.608 -0.219021 0.461609
2.609 -0.217328 0.462106
2.61 -0.215639 0.462603
2.611 -0.213954 0.4631
2.612 -0.212272 0.463596
2.613 -0.210595 0.464091
2.614 -0.208922 0.464586
2.615 -0.207252 0.46508
2.616 -0.205587 0.465574
2.617 -0.203925 0.466067
2.618 -0.202267 0.46656
2.619 -0.200613 0.467052
2.62 -0.198963 0.467544
2.621 -0.197316 0.468035
2.622 -0.195673 0.468525
2.623 -0.194034 0.469015
2.624 -0.192399 0.469505
2.625 -0.190768 0.469994
2.626 -0.18914 0.470482
2.627 -0.187516 0.47097
2.628 -0.185895 0.471457
2.629 -0.184278 0.471944
2.63 -0.182665 0.47243
2.631 -0.181055 0.472915
2.632 -0.179449 0.4734
2.633 -0.177847 0.473885
2.634 -0.176248 0.474369
2.635 -0.174652 0.474852
2.636 -0.17306 0.475335
2.637 -0.171472 0.475817
2.638 -0.169887 0.476299
2.639 -0.168305 0.476781
2.64 -0.166727 0.477261
2.641 -0.165152 0.477741
2.642 -0.163581 0.478221
2.643 -0.162013 0.4787
2.644 -0.160448 0.479179
2.645 -0.158887 0.479657
2.646 -0.157329 0.480134
2.647 -0.155775 0.480611
2.648 -0.154224 0.481088
2.649 -0.152676 0.481564
2.65 -0.151131 0.482039
2.651 -0.14959 0.482514
2.652 -0.148052 0.482988
2.653 -0.146517 0.483462
2.654 -0.144985 0.483935
2.655 -0.143456 0.484407
2.656 -0.141931 0.48488
2.657 -0.140409 0.485351
2.658 -0.13889 0.485822
2.659 -0.137374 0.486293
2.66 -0.135861 0.486763
2.661 -0.134352 0.487232
2.662 -0.132845 0.487701
2.663 -0.131342 0.488169
2.664 -0.129841 0.488637
2.665 -0.128344 0.489105
2.666 -0.12685 0.489571
2.667 -0.125358 0.490038
2.668 -0.12387 0.490503
2.669 -0.122385 0.490968
2.67 -0.120903 0.491433
2.671 -0.119423 0.491897
2.672 -0.117947 0.492361
2.673 -0.116474 0.492824
2.674 -0.115003 0.493286
2.675 -0.113536 0.493748
2.676 -0.112071 0.49421
2.677 -0.110609 0.494671
2.678 -0.10915 0.495131
2.679 -0.107694 0.495591
2.68 -0.106241 0.49605
2.681 -0.104791 0.496509
2.682 -0.103343 0.496967
2.683 -0.101899 0.497425
2.684 -0.100457 0.497882
2.685 -0.0990178 0.498339
2.686 -0.0975815 0.498795
2.687 -0.096148 0.49925
2.688 -0.0947172 0.499706
2.689 -0.0932892 0.50016
2.69 -0.091864 0.500614
2.691 -0.0904414 0.501068
2.692 -0.0890216 0.501521
2.693 -0.0876045 0.501973
2.694 -0.08619 0.502425
2.695 -0.0847783 0.502876
2.696 -0.0833692 0.503327
2.697 -0.0819627 0.503778
2.698 -0.0805589 0.504227
2.699 -0.0791578 0.504677
2.7 -0.0777592 0.505125
2.701 -0.0763633 0.505574
2.702 -0.07497 0.506021
2.703 -0.0735793 0.506469
2.704 -0.0721911 0.506915
2.705 -0.0708055 0.507361
2.706 -0.0694225 0.507807
2.707 -0.068042 0.508252
2.708 -0.066664 0.508697
2.709 -0.0652886 0.509141
2.71 -0.0639157 0.509584
2.711 -0.0625453 0.510027
2.712 -0.0611774 0.510469
2.713 -0.059812 0.510911
2.714 -0.0584491 0.511353
2.715 -0.0570886 0.511794
2.716 -0.0557306 0.512234
2.717 -0.0543751 0.512674
2.718 -0.053022 0.513113
2.719 -0.0516713 0.513552
2.72 -0.050323 0.51399
2.721 -0.0489771 0.514428
2.722 -0.0476337 0.514865
2.723 -0.0462926 0.515302
2.724 -0.0449539 0.515738
2.725 -0.0436176 0.516174
2.726 -0.0422836 0.516609
2.727 -0.040952 0.517044
2.728 -0.0396228 0.517478
2.729 -0.0382959 0.517911
2.73 -0.0369713 0.518344
2.731 -0.035649 0.518777
2.732 -0.0343291 0.519209
2.733 -0.0330114 0.51964
2.734 -0.031696 0.520071
2.735 -0.0303829 0.520502
2.736 -0.0290721 0.520932
2.737 -0.0277636 0.521361
2.738 -0.0264573 0.52179
2.739 -0.0251533 0.522219
2.74 -0.0238515 0.522646
2.741 -0.0225519 0.523074
2.742 -0.0212546 0.523501
2.743 -0.0199594 0.523927
2.744 -0.0186665 0.524353
2.745 -0.0173758 0.524778
2.746 -0.0160873 0.525203
2.747 -0.0148009 0.525627
2.748 -0.0135168 0.526051
2.749 -0.0122348 0.526474
2.75 -0.0109549 0.526897
2.751 -0.00967726 0.527319
2.752 -0.00840171 0.527741
2.753 -0.00712831 0.528162
2.754 -0.00585704 0.528582
2.755 -0.00458788 0.529003
2.756 -0.00332084 0.529422
2.757 -0.00205591 0.529841
2.758 -0.000793074 0.53026
2.759 0.00046767 0.530678
2.76 0.00172633 0.531095
2.761 0.00298291 0.531512
2.762 0.00423743 0.531929
2.763 0.00548988 0.532345
2.764 0.00674028 0.53276
2.765 0.00798863 0.533175
2.766 0.00923494 0.53359
2.767 0.0104792 0.534004
2.768 0.0117215 0.534417
2.769 0.0129617 0.53483
2.77 0.0141999 0.535243
2.771 0.0154361 0.535654
2.772 0.0166704 0.536066
2.773 0.0179026 0.536477
2.774 0.0191328 0.536887
2.775 0.0203611 0.537297
2.776 0.0215874 0.537706
2.777 0.0228117 0.538115
2.778 0.0240341 0.538523
2.779 0.0252545 0.538931
2.78 0.026473 0.539338
2.781 0.0276895 0.539745
2.782 0.0289041 0.540151
2.783 0.0301168 0.540557
2.784 0.0313276 0.540962
2.785 0.0325364 0.541367
2.786 0.0337434 0.541771
2.787 0.0349484 0.542175
2.788 0.0361516 0.542578
2.789 0.0373529 0.542981
2.79 0.0385523 0.543383
2.791 0.0397498 0.543785
2.792 0.0409454 0.544186
2.793 0.0421392 0.544587
2.794 0.0433311 0.544987
2.795 0.0445212 0.545386
2.796 0.0457094 0.545785
2.797 0.0468958 0.546184
2.798 0.0480804 0.546582
2.799 0.0492631 0.54698
2.8 0.0504441 0.547377
2.801 0.0516232 0.547773
2.802 0.0528005 0.548169
2.803 0.053976 0.548565
2.804 0.0551497 0.54896
2.805 0.0563216 0.549354
2.806 0.0574917 0.549749
2.807 0.05866 0.550142
2.808 0.0598266 0.550535
2.809 0.0609914 0.550928
2.81 0.0621544 0.55132
2.811 0.0633157 0.551711
2.812 0.0644752 0.552102
2.813 0.065633 0.552492
2.814 0.0667891 0.552882
2.815 0.0679434 0.553272
2.816 0.0690959 0.553661
2.817 0.0702468 0.554049
2.818 0.0713959 0.554437
2.819 0.0725433 0.554825
2.82 0.073689 0.555212
2.821 0.074833 0.555598
2.822 0.0759753 0.555984
2.823 0.077116 0.556369
2.824 0.0782549 0.556754
2.825 0.0793921 0.557139
2.826 0.0805277 0.557522
2.827 0.0816616 0.557906
2.828 0.0827938 0.558289
2.829 0.0839244 0.558671
2.83 0.0850533 0.559053
2.831 0.0861805 0.559434
2.832 0.0873061 0.559815
2.833 0.0884301 0.560195
2.834 0.0895524 0.560575
2.835 0.0906731 0.560955
2.836 0.0917922 0.561333
2.837 0.0929096 0.561712
2.838 0.0940254 0.56209
2.839 0.0951396 0.562467
2.84 0.0962522 0.562844
2.841 0.0973632 0.56322
2.842 0.0984726 0.563596
2.843 0.0995804 0.563971
2.844 0.100687 0.564346
2.845 0.101791 0.56472
2.846 0.102894 0.565094
2.847 0.103996 0.565467
2.848 0.105096 0.56584
2.849 0.106194 0.566212
2.85 0.107291 0.566584
2.851 0.108386 0.566955
2.852 0.10948 0.567326
2.853 0.110572 0.567696
2.854 0.111662 0.568066
2.855 0.112751 0.568435
2.856 0.113839 0.568804
2.857 0.114925 0.569172
2.858 0.116009 0.56954
2.859 0.117092 0.569907
2.86 0.118173 0.570274
2.861 0.119253 0.57064
2.862 0.120332 0.571006
2.863 0.121409 0.571371
2.864 0.122484 0.571736
2.865 0.123558 0.5721
2.866 0.12463 0.572464
2.867 0.125701 0.572827
2.868 0.12677 0.57319
2.869 0.127838 0.573552
2.87 0.128905 0.573914
2.871 0.12997 0.574275
2.872 0.131033 0.574636
2.873 0.132095 0.574996
2.874 0.133156 0.575356
2.875 0.134215 0.575715
2.876 0.135272 0.576074
2.877 0.136329 0.576432
2.878 0.137383 0.57679
2.879 0.138437 0.577147
2.88 0.139489 0.577504
2.881 0.140539 0.57786
2.882 0.141588 0.578216
2.883 0.142636 0.578571
2.884 0.143682 0.578925
2.885 0.144727 0.57928
2.886 0.14577 0.579633
2.887 0.146812 0.579987
2.888 0.147852 0.580339
2.889 0.148891 0.580691
2.89 0.149929 0.581043
2.891 0.150965 0.581394
2.892 0.152 0.581745
2.893 0.153034 0.582095
2.894 0.154066 0.582445
2.895 0.155097 0.582794
2.896 0.156126 0.583143
2.897 0.157154 0.583491
2.898 0.158181 0.583839
2.899 0.159206 0.584186
2.9 0.16023 0.584533
2.901 0.161253 0.584879
2.902 0.162274 0.585225
2.903 0.163294 0.58557
2.904 0.164312 0.585915
2.905 0.16533 0.586259
2.906 0.166345 0.586602
2.907 0.16736 0.586946
2.908 0.168373 0.587288
2.909 0.169385 0.587631
2.91 0.170395 0.587972
2.911 0.171404 0.588313
2.912 0.172412 0.588654
2.913 0.173419 0.588994
2.914 0.174424 0.589334
2.915 0.175428 0.589673
2.916 0.17643 0.590012
2.917 0.177432 0.59035
2.918 0.178432 0.590688
2.919 0.17943 0.591025
2.92 0.180428 0.591362
2.921 0.181424 0.591698
2.922 0.182419 0.592034
2.923 0.183412 0.592369
2.924 0.184404 0.592704
2.925 0.185395 0.593038
2.926 0.186385 0.593372
2.927 0.187374 0.593705
2.928 0.188361 0.594038
2.929 0.189347 0.59437
2.93 0.190331 0.594702
2.931 0.191314 0.595033
2.932 0.192297 0.595364
2.933 0.193277 0.595694
2.934 0.194257 0.596024
2.935 0.195235 0.596353
2.936 0.196212 0.596682
2.937 0.197188 0.59701
2.938 0.198163 0.597338
2.939 0.199136 0.597665
2.94 0.200108 0.597992
2.941 0.201079 0.598318
2.942 0.202049 0.598644
2.943 0.203017 0.598969
2.944 0.203985 0.599294
2.945 0.204951 0.599618
2.946 0.205915 0.599942
2.947 0.206879 0.600265
2.948 0.207841 0.600588
2.949 0.208803 0.60091
2.95 0.209762 0.601232
2.951 0.210721 0.601553
2.952 0.211679 0.601874
2.953 0.212635 0.602194
2.954 0.21359 0.602514
2.955 0.214544 0.602833
2.956 0.215497 0.603152
2.957 0.216449 0.60347
2.958 0.217399 0.603788
2.959 0.218348 0.604105
2.96 0.219296 0.604422
2.961 0.220243 0.604738
2.962 0.221189 0.605054
2.963 0.222134 0.605369
2.964 0.223077 0.605684
2.965 0.224019 0.605999
2.966 0.22496 0.606312
2.967 0.2259 0.606626
2.968 0.226839 0.606939
2.969 0.227776 0.607251
2.97 0.228713 0.607563
2.971 0.229648 0.607874
2.972 0.230582 0.608185
2.973 0.231515 0.608495
2.974 0.232447 0.608805
2.975 0.233378 0.609114
2.976 0.234307 0.609423
2.977 0.235236 0.609731
2.978 0.236163 0.610039
2.979 0.237089 0.610347
2.98 0.238014 0.610653
2.981 0.238938 0.61096
2.982 0.239861 0.611266
2.983 0.240783 0.611571
2.984 0.241704 0.611876
2.985 0.242623 0.61218
2.986 0.243541 0.612484
2.987 0.244459 0.612787
2.988 0.245375 0.61309
2.989 0.24629 0.613393
2.99 0.247204 0.613694
2.991 0.248117 0.613996
2.992 0.249028 0.614297
2.993 0.249939 0.614597
2.994 0.250849 0.614897
2.995 0.251757 0.615196
2.996 0.252664 0.615495
2.997 0.253571 0.615794
2.998 0.254476 0.616091
2.999 0.25538 0.616389
3 0.256283 0.616686
3.001 0.257185 0.616982
