A =
-93.306	-34.0072	38.1271	-15.5027	-58.747	-49.9743	27.3117	72.7245	-39.6689	-95.0152	
-27.0015	53.0762	-36.4279	-72.8543	-78.6509	52.1343	-83.6655	10.1912	12.9304	48.6541	
96.352	-56.23	-9.12082	3.7308	14.7683	11.0462	45.7093	25.7748	59.2256	16.7432	
-45.0467	65.9196	82.736	93.0804	-49.583	-76.011	-56.8939	77.7287	96.7135	3.43724	
82.7134	-30.2879	-43.4866	-53.7145	-3.14227	-22.1375	98.4198	13.1922	88.0537	11.3502	
-38.1537	84.4058	55.1201	52.7255	-11.8634	-30.1115	-36.2283	-66.1542	95.6633	-77.0027	
50.589	-49.3834	88.9169	33.325	-56.303	-60.6661	57.314	-13.1969	-82.9375	54.0275	
90.2404	99.776	-76.2604	-53.2462	-53.9385	20.5973	24.6163	-55.5187	-66.2105	12.67	
55.8315	-4.36421	-2.92421	10.9516	-51.6387	85.2124	80.8401	12.1329	-80.9418	76.5034	
35.1302	69.6472	-72.88	24.0472	2.97216	-29.183	63.381	-39.7138	57.6201	80.4436	
b = 
-93.306	
-34.0072	
38.1271	
-15.5027	
-58.747	
-49.9743	
27.3117	
72.7245	
-39.6689	
-95.0152	

L =
1	0	0	0	0	0	0	0	0	0	
0.289386	1	0	0	0	0	0	0	0	0	
-1.03265	-1.45186	1	0	0	0	0	0	0	0	
0.482785	1.30866	-3.27086	1	0	0	0	0	0	0	
-0.886475	-0.960536	1.42994	-0.150843	1	0	0	0	0	0	
0.408909	1.56255	-2.94105	0.92766	3.08995	1	0	0	0	0	
-0.542184	-1.07795	-1.51147	1.24356	5.50724	1.7644	1	0	0	0	
-0.967144	1.06308	-0.286349	0.157317	-1.10891	-0.709562	-2.18323	1	0	0	
-0.598369	-0.392786	-0.0322778	0.164646	-2.44782	-0.449678	-5.26281	1.35157	1	0	
-0.376506	0.903459	0.404733	-0.715827	-8.57914	-3.0672	-3.96727	2.10967	-1.41208	1	
U = 
-93.306	-34.0072	38.1271	-15.5027	-58.747	-49.9743	27.3117	72.7245	-39.6689	-95.0152	
0	62.9174	-47.4614	-68.3681	-61.6504	66.5962	-91.5692	-10.8542	24.41	76.1502	
0	0	-38.6564	-111.539	-135.404	56.1289	-59.0332	85.1146	53.7017	29.1857	
0	0	0	-174.793	-383.43	44.5539	-143.336	335.221	259.571	45.1165	
0	0	0	0	21.3442	-76.0106	97.4679	-3.9078	38.6996	-34.6616	
0	0	0	0	0	244.88	-246.139	-127.502	-128.692	-6.05215	
0	0	0	0	0	0	-40.0567	-27.2007	-305.82	274.174	
0	0	0	0	0	0	0	-156.197	-872.06	396.937	
0	0	0	0	0	0	0	0	-530.054	861.942	
0	0	0	0	0	0	0	0	0	1147.87	

z = 
-93.306	
-7.0057	
-68.3962	
-185.002	
-78.2938	
211.513	
153.842	
398.585	
104.39	
-334.648	

x = 1.34271	
0.295772	
0.348033	
-0.137332	
0.801631	
-0.286265	
-1.02113	
0.453682	
-0.671022	
-0.291537	

Error= 8.35734e-13
