0.01 0 0.01
0.02 0.0001 0.0200501
0.03 0.000300501 0.0301491
0.04 0.000601992 0.0402957
0.05 0.00100495 0.0504886
0.06 0.00150984 0.0607265
0.07 0.0021171 0.071008
0.08 0.00282718 0.0813318
0.09 0.0036405 0.0916965
0.1 0.00455746 0.102101
0.11 0.00557847 0.112543
0.12 0.0067039 0.123021
0.13 0.00793411 0.133535
0.14 0.00926947 0.144083
0.15 0.0107103 0.154662
0.16 0.0122569 0.165272
0.17 0.0139096 0.175911
0.18 0.0156687 0.186577
0.19 0.0175345 0.197268
0.2 0.0195072 0.207984
0.21 0.021587 0.218722
0.22 0.0237742 0.229481
0.23 0.0260691 0.240259
0.24 0.0284716 0.251053
0.25 0.0309822 0.261864
0.26 0.0336008 0.272688
0.27 0.0363277 0.283523
0.28 0.0391629 0.294369
0.29 0.0421066 0.305223
0.3 0.0451588 0.316084
0.31 0.0483197 0.326948
0.32 0.0515892 0.337816
0.33 0.0549673 0.348683
0.34 0.0584542 0.35955
0.35 0.0620497 0.370413
0.36 0.0657538 0.381271
0.37 0.0695665 0.392121
0.38 0.0734877 0.402962
0.39 0.0775173 0.413791
0.4 0.0816552 0.424607
0.41 0.0859013 0.435408
0.42 0.0902554 0.44619
0.43 0.0947173 0.456953
0.44 0.0992868 0.467693
0.45 0.103964 0.47841
0.46 0.108748 0.4891
0.47 0.113639 0.499761
0.48 0.118636 0.510392
0.49 0.12374 0.520989
0.5 0.12895 0.531551
0.51 0.134266 0.542076
0.52 0.139687 0.55256
0.53 0.145212 0.563003
0.54 0.150842 0.573401
0.55 0.156576 0.583751
0.56 0.162414 0.594053
0.57 0.168354 0.604303
0.58 0.174397 0.614499
0.59 0.180542 0.624639
0.6 0.186789 0.63472
0.61 0.193136 0.64474
0.62 0.199583 0.654695
0.63 0.20613 0.664585
0.64 0.212776 0.674406
0.65 0.21952 0.684156
0.66 0.226362 0.693833
0.67 0.2333 0.703433
0.68 0.240334 0.712955
0.69 0.247464 0.722395
0.7 0.254688 0.731752
0.71 0.262005 0.741023
0.72 0.269416 0.750205
0.73 0.276918 0.759295
0.74 0.284511 0.768292
0.75 0.292193 0.777192
0.76 0.299965 0.785993
0.77 0.307825 0.794692
0.78 0.315772 0.803287
0.79 0.323805 0.811775
0.8 0.331923 0.820153
0.81 0.340124 0.82842
0.82 0.348409 0.836571
0.83 0.356774 0.844605
0.84 0.36522 0.852519
0.85 0.373746 0.86031
0.86 0.382349 0.867976
0.87 0.391028 0.875514
0.88 0.399784 0.882921
0.89 0.408613 0.890195
0.9 0.417515 0.897333
0.91 0.426488 0.904333
0.92 0.435531 0.911191
0.93 0.444643 0.917905
0.94 0.453822 0.924472
0.95 0.463067 0.930891
0.96 0.472376 0.937157
0.97 0.481748 0.943269
0.98 0.49118 0.949224
0.99 0.500672 0.955019
1 0.510223 0.960651
1.01 0.519829 0.966118
1.02 0.52949 0.971418
1.03 0.539205 0.976547
1.04 0.54897 0.981504
1.05 0.558785 0.986285
1.06 0.568648 0.990887
1.07 0.578557 0.995309
1.08 0.58851 0.999548
1.09 0.598505 1.0036
1.1 0.608541 1.00746
1.11 0.618616 1.01114
1.12 0.628727 1.01462
1.13 0.638874 1.0179
1.14 0.649053 1.02099
1.15 0.659262 1.02387
1.16 0.669501 1.02655
1.17 0.679767 1.02903
1.18 0.690057 1.03129
1.19 0.70037 1.03335
1.2 0.710703 1.03519
1.21 0.721055 1.03681
1.22 0.731423 1.03822
1.23 0.741806 1.03941
1.24 0.7522 1.04037
1.25 0.762603 1.04111
1.26 0.773015 1.04162
1.27 0.783431 1.04191
1.28 0.79385 1.04196
1.29 0.804269 1.04177
1.3 0.814687 1.04135
1.31 0.825101 1.04069
1.32 0.835508 1.03979
1.33 0.845905 1.03865
1.34 0.856292 1.03726
1.35 0.866665 1.03562
1.36 0.877021 1.03374
1.37 0.887358 1.0316
1.38 0.897674 1.02921
1.39 0.907966 1.02656
1.4 0.918232 1.02366
1.41 0.928468 1.0205
1.42 0.938673 1.01708
1.43 0.948844 1.01339
1.44 0.958978 1.00944
1.45 0.969072 1.00522
1.46 0.979125 1.00073
1.47 0.989132 0.995978
1.48 0.999092 0.99095
1.49 1.009 0.985649
1.5 1.01886 0.980073
1.51 1.02866 0.97422
1.52 1.0384 0.968089
1.53 1.04808 0.961679
1.54 1.0577 0.954987
1.55 1.06725 0.948013
1.56 1.07673 0.940756
1.57 1.08614 0.933213
1.58 1.09547 0.925383
1.59 1.10472 0.917266
1.6 1.11389 0.90886
1.61 1.12298 0.900164
1.62 1.13198 0.891177
1.63 1.1409 0.881898
1.64 1.14972 0.872325
1.65 1.15844 0.862458
1.66 1.16706 0.852297
1.67 1.17559 0.841839
1.68 1.184 0.831084
1.69 1.19232 0.820032
1.7 1.20052 0.808682
1.71 1.2086 0.797032
1.72 1.21657 0.785083
1.73 1.22442 0.772834
1.74 1.23215 0.760285
1.75 1.23976 0.747434
1.76 1.24723 0.734282
1.77 1.25457 0.720828
1.78 1.26178 0.707072
1.79 1.26885 0.693014
1.8 1.27578 0.678653
1.81 1.28257 0.663989
1.82 1.28921 0.649023
1.83 1.2957 0.633755
1.84 1.30204 0.618183
1.85 1.30822 0.60231
1.86 1.31424 0.586134
1.87 1.3201 0.569656
1.88 1.3258 0.552876
1.89 1.33133 0.535795
1.9 1.33669 0.518413
1.91 1.34187 0.500731
1.92 1.34688 0.482749
1.93 1.3517 0.464468
1.94 1.35635 0.445889
1.95 1.36081 0.427011
1.96 1.36508 0.407837
1.97 1.36916 0.388367
1.98 1.37304 0.368602
1.99 1.37673 0.348543
2 1.38021 0.328191
2.01 1.38349 0.307548
2.02 1.38657 0.286614
2.03 1.38943 0.265391
2.04 1.39209 0.24388
2.05 1.39453 0.222083
2.06 1.39675 0.200001
2.07 1.39875 0.177636
2.08 1.40052 0.15499
2.09 1.40207 0.132064
2.1 1.4034 0.10886
2.11 1.40448 0.0853802
2.12 1.40534 0.0616262
2.13 1.40595 0.0376003
2.14 1.40633 0.0133045
2.15 1.40646 -0.011259
2.16 1.40635 -0.0360879
2.17 1.40599 -0.0611798
2.18 1.40538 -0.0865324
2.19 1.40451 -0.112143
2.2 1.40339 -0.138009
2.21 1.40201 -0.164129
2.22 1.40037 -0.190498
2.23 1.39846 -0.217115
2.24 1.39629 -0.243976
2.25 1.39385 -0.271079
2.26 1.39114 -0.29842
2.27 1.38816 -0.325997
2.28 1.3849 -0.353806
2.29 1.38136 -0.381844
2.3 1.37754 -0.410107
2.31 1.37344 -0.438593
2.32 1.36906 -0.467297
2.33 1.36438 -0.496216
2.34 1.35942 -0.525347
2.35 1.35417 -0.554685
2.36 1.34862 -0.584227
2.37 1.34278 -0.613969
2.38 1.33664 -0.643906
2.39 1.3302 -0.674036
2.4 1.32346 -0.704353
2.41 1.31641 -0.734854
2.42 1.30907 -0.765534
2.43 1.30141 -0.796389
2.44 1.29345 -0.827414
2.45 1.28517 -0.858604
2.46 1.27659 -0.889956
2.47 1.26769 -0.921465
2.48 1.25847 -0.953125
2.49 1.24894 -0.984932
2.5 1.23909 -1.01688
2.51 1.22892 -1.04897
2.52 1.21843 -1.08118
2.53 1.20762 -1.11353
2.54 1.19649 -1.14599
2.55 1.18503 -1.17857
2.56 1.17324 -1.21127
2.57 1.16113 -1.24406
2.58 1.14869 -1.27696
2.59 1.13592 -1.30995
2.6 1.12282 -1.34303
2.61 1.10939 -1.37619
2.62 1.09563 -1.40943
2.63 1.08153 -1.44274
2.64 1.0671 -1.47611
2.65 1.05234 -1.50954
2.66 1.03725 -1.54303
2.67 1.02182 -1.57656
2.68 1.00605 -1.61013
2.69 0.989951 -1.64373
2.7 0.973514 -1.67736
2.71 0.95674 -1.71101
2.72 0.93963 -1.74468
2.73 0.922183 -1.77835
2.74 0.9044 -1.81203
2.75 0.886279 -1.84569
2.76 0.867822 -1.87935
2.77 0.849029 -1.91298
2.78 0.829899 -1.94659
2.79 0.810433 -1.98016
2.8 0.790632 -2.01369
2.81 0.770495 -2.04718
2.82 0.750023 -2.0806
2.83 0.729217 -2.11397
2.84 0.708077 -2.14726
2.85 0.686605 -2.18048
2.86 0.6648 -2.21361
2.87 0.642664 -2.24665
2.88 0.620197 -2.27959
2.89 0.597401 -2.31242
2.9 0.574277 -2.34514
2.91 0.550826 -2.37773
2.92 0.527048 -2.41019
2.93 0.502946 -2.44251
2.94 0.478521 -2.47468
2.95 0.453775 -2.5067
2.96 0.428708 -2.53855
2.97 0.403322 -2.57024
2.98 0.37762 -2.60174
2.99 0.351602 -2.63306
3 0.325272 -2.66418
3.01 0.29863 -2.69509
