0.05 0 0.05
0.1 0.0025 0.101265
0.15 0.00756327 0.15364
0.2 0.0152453 0.206953
0.25 0.0255929 0.261018
0.3 0.0386438 0.315635
0.35 0.0544256 0.370587
0.4 0.0729549 0.425647
0.45 0.0942373 0.48057
0.5 0.118266 0.535101
0.55 0.145021 0.588969
0.6 0.174469 0.641894
0.65 0.206564 0.693583
0.7 0.241243 0.743732
0.75 0.27843 0.792029
0.8 0.318031 0.838152
0.85 0.359939 0.881772
0.9 0.404027 0.922556
0.95 0.450155 0.960162
1 0.498163 0.994249
1.05 0.547876 1.02447
1.1 0.599099 1.05049
1.15 0.651624 1.07195
1.2 0.705221 1.08852
1.25 0.759647 1.09986
1.3 0.81464 1.10565
1.35 0.869923 1.10557
1.4 0.925201 1.09932
1.45 0.980167 1.08659
1.5 1.0345 1.06712
1.55 1.08785 1.04065
1.6 1.13989 1.00693
1.65 1.19023 0.965754
1.7 1.23852 0.91693
1.75 1.28437 0.860296
1.8 1.32738 0.795717
1.85 1.36717 0.723093
1.9 1.40332 0.642358
1.95 1.43544 0.55348
2 1.46311 0.45647
2.05 1.48594 0.351376
2.1 1.50351 0.238291
2.15 1.51542 0.117352
2.2 1.52129 -0.0112574
2.25 1.52072 -0.147305
2.3 1.51336 -0.290511
2.35 1.49883 -0.44054
2.4 1.47681 -0.59701
2.45 1.44696 -0.759481
2.5 1.40898 -0.927463
2.55 1.36261 -1.10041
2.6 1.30759 -1.27772
2.65 1.2437 -1.45874
2.7 1.17077 -1.64275
2.75 1.08863 -1.82901
2.8 0.997178 -2.01668
2.85 0.896344 -2.2049
2.9 0.786099 -2.39275
2.95 0.666461 -2.57927
3 0.537498 -2.76344
3.05 0.399326 -2.94421
