0.005 0 0.005
0.01 2.5e-05 0.0100125
0.015 7.50626e-05 0.0150374
0.02 0.00015025 0.0200745
0.025 0.000250622 0.0251236
0.03 0.00037624 0.0301846
0.035 0.000527163 0.0352573
0.04 0.000703449 0.0403416
0.045 0.000905157 0.0454373
0.05 0.00113234 0.0505441
0.055 0.00138506 0.0556621
0.06 0.00166337 0.0607909
0.065 0.00196733 0.0659305
0.07 0.00229698 0.0710806
0.075 0.00265238 0.076241
0.08 0.00303359 0.0814117
0.085 0.00344065 0.0865923
0.09 0.00387361 0.0917829
0.095 0.00433252 0.096983
0.1 0.00481744 0.102193
0.105 0.0053284 0.107412
0.11 0.00586546 0.11264
0.115 0.00642866 0.117877
0.12 0.00701804 0.123122
0.125 0.00763365 0.128377
0.13 0.00827554 0.133639
0.135 0.00894373 0.13891
0.14 0.00963828 0.144189
0.145 0.0103592 0.149475
0.15 0.0111066 0.154769
0.155 0.0118804 0.160071
0.16 0.0126808 0.16538
0.165 0.0135077 0.170695
0.17 0.0143612 0.176018
0.175 0.0152413 0.181347
0.18 0.016148 0.186682
0.185 0.0170814 0.192024
0.19 0.0180415 0.197371
0.195 0.0190284 0.202725
0.2 0.020042 0.208083
0.205 0.0210824 0.213448
0.21 0.0221497 0.218817
0.215 0.0232437 0.224191
0.22 0.0243647 0.22957
0.225 0.0255126 0.234953
0.23 0.0266873 0.240341
0.235 0.027889 0.245733
0.24 0.0291177 0.251128
0.245 0.0303733 0.256527
0.25 0.031656 0.26193
0.255 0.0329656 0.267335
0.26 0.0343023 0.272744
0.265 0.035666 0.278155
0.27 0.0370568 0.283569
0.275 0.0384746 0.288984
0.28 0.0399195 0.294402
0.285 0.0413916 0.299822
0.29 0.0428907 0.305243
0.295 0.0444169 0.310665
0.3 0.0459702 0.316089
0.305 0.0475507 0.321513
0.31 0.0491582 0.326938
0.315 0.0507929 0.332363
0.32 0.0524547 0.337788
0.325 0.0541437 0.343214
0.33 0.0558597 0.348638
0.335 0.0576029 0.354062
0.34 0.0593732 0.359485
0.345 0.0611707 0.364908
0.35 0.0629952 0.370328
0.355 0.0648468 0.375747
0.36 0.0667256 0.381164
0.365 0.0686314 0.386579
0.37 0.0705643 0.391992
0.375 0.0725243 0.397401
0.38 0.0745113 0.402808
0.385 0.0765253 0.408212
0.39 0.0785664 0.413612
0.395 0.0806344 0.419009
0.4 0.0827295 0.424402
0.405 0.0848515 0.42979
0.41 0.0870004 0.435174
0.415 0.0891763 0.440553
0.42 0.0913791 0.445927
0.425 0.0936087 0.451296
0.43 0.0958652 0.456659
0.435 0.0981485 0.462016
0.44 0.100459 0.467367
0.445 0.102795 0.472712
0.45 0.105159 0.47805
0.455 0.107549 0.483382
0.46 0.109966 0.488706
0.465 0.11241 0.494022
0.47 0.11488 0.499331
0.475 0.117376 0.504632
0.48 0.1199 0.509924
0.485 0.122449 0.515208
0.49 0.125025 0.520483
0.495 0.127628 0.525748
0.5 0.130256 0.531005
0.505 0.132911 0.536251
0.51 0.135593 0.541488
0.515 0.1383 0.546714
0.52 0.141034 0.551929
0.525 0.143793 0.557134
0.53 0.146579 0.562327
0.535 0.149391 0.567509
0.54 0.152228 0.572679
0.545 0.155092 0.577837
0.55 0.157981 0.582983
0.555 0.160896 0.588116
0.56 0.163836 0.593236
0.565 0.166802 0.598342
0.57 0.169794 0.603436
0.575 0.172811 0.608515
0.58 0.175854 0.61358
0.585 0.178922 0.618631
0.59 0.182015 0.623667
0.595 0.185133 0.628687
0.6 0.188277 0.633693
0.605 0.191445 0.638683
0.61 0.194639 0.643657
0.615 0.197857 0.648614
0.62 0.2011 0.653555
0.625 0.204368 0.658479
0.63 0.20766 0.663386
0.635 0.210977 0.668275
0.64 0.214318 0.673146
0.645 0.217684 0.678
0.65 0.221074 0.682835
0.655 0.224488 0.687651
0.66 0.227927 0.692448
0.665 0.231389 0.697225
0.67 0.234875 0.701983
0.675 0.238385 0.706721
0.68 0.241918 0.711438
0.685 0.245476 0.716135
0.69 0.249056 0.720811
0.695 0.25266 0.725466
0.7 0.256288 0.730099
0.705 0.259938 0.73471
0.71 0.263612 0.739299
0.715 0.267308 0.743865
0.72 0.271028 0.748408
0.725 0.27477 0.752928
0.73 0.278534 0.757425
0.735 0.282321 0.761898
0.74 0.286131 0.766346
0.745 0.289963 0.77077
0.75 0.293816 0.77517
0.755 0.297692 0.779544
0.76 0.30159 0.783893
0.765 0.305509 0.788215
0.77 0.309451 0.792512
0.775 0.313413 0.796782
0.78 0.317397 0.801026
0.785 0.321402 0.805242
0.79 0.325428 0.809432
0.795 0.329476 0.813593
0.8 0.333543 0.817726
0.805 0.337632 0.821831
0.81 0.341741 0.825907
0.815 0.345871 0.829954
0.82 0.350021 0.833971
0.825 0.35419 0.837959
0.83 0.35838 0.841917
0.835 0.36259 0.845845
0.84 0.366819 0.849741
0.845 0.371068 0.853607
0.85 0.375336 0.857442
0.855 0.379623 0.861244
0.86 0.383929 0.865015
0.865 0.388254 0.868753
0.87 0.392598 0.872459
0.875 0.39696 0.876132
0.88 0.401341 0.879771
0.885 0.40574 0.883377
0.89 0.410157 0.886948
0.895 0.414591 0.890485
0.9 0.419044 0.893988
0.905 0.423514 0.897456
0.91 0.428001 0.900888
0.915 0.432506 0.904285
0.92 0.437027 0.907645
0.925 0.441565 0.91097
0.93 0.44612 0.914258
0.935 0.450691 0.917508
0.94 0.455279 0.920722
0.945 0.459883 0.923898
0.95 0.464502 0.927035
0.955 0.469137 0.930135
0.96 0.473788 0.933196
0.965 0.478454 0.936218
0.97 0.483135 0.939201
0.975 0.487831 0.942144
0.98 0.492542 0.945047
0.985 0.497267 0.94791
0.99 0.502006 0.950732
0.995 0.50676 0.953514
1 0.511528 0.956254
1.005 0.516309 0.958953
1.01 0.521104 0.961609
1.015 0.525912 0.964224
1.02 0.530733 0.966796
1.025 0.535567 0.969325
1.03 0.540413 0.971811
1.035 0.545273 0.974254
1.04 0.550144 0.976652
1.045 0.555027 0.979007
1.05 0.559922 0.981316
1.055 0.564829 0.983582
1.06 0.569747 0.985802
1.065 0.574676 0.987976
1.07 0.579615 0.990105
1.075 0.584566 0.992188
1.08 0.589527 0.994224
1.085 0.594498 0.996214
1.09 0.599479 0.998156
1.095 0.60447 1.00005
1.1 0.60947 1.0019
1.105 0.61448 1.0037
1.11 0.619498 1.00545
1.115 0.624525 1.00715
1.12 0.629561 1.00881
1.125 0.634605 1.01041
1.13 0.639657 1.01197
1.135 0.644717 1.01347
1.14 0.649784 1.01493
1.145 0.654859 1.01633
1.15 0.659941 1.01768
1.155 0.665029 1.01899
1.16 0.670124 1.02024
1.165 0.675225 1.02144
1.17 0.680332 1.02258
1.175 0.685445 1.02368
1.18 0.690564 1.02472
1.185 0.695687 1.02571
1.19 0.700816 1.02665
1.195 0.705949 1.02753
1.2 0.711087 1.02836
1.205 0.716229 1.02913
1.21 0.721374 1.02986
1.215 0.726524 1.03052
1.22 0.731676 1.03113
1.225 0.736832 1.03169
1.23 0.74199 1.03219
1.235 0.747151 1.03263
1.24 0.752314 1.03302
1.245 0.757479 1.03335
1.25 0.762646 1.03363
1.255 0.767814 1.03384
1.26 0.772984 1.03401
1.265 0.778154 1.03411
1.27 0.783324 1.03415
1.275 0.788495 1.03414
1.28 0.793666 1.03407
1.285 0.798836 1.03394
1.29 0.804006 1.03375
1.295 0.809174 1.0335
1.3 0.814342 1.0332
1.305 0.819508 1.03283
1.31 0.824672 1.0324
1.315 0.829834 1.03191
1.32 0.834994 1.03137
1.325 0.84015 1.03076
1.33 0.845304 1.03009
1.335 0.850455 1.02936
1.34 0.855601 1.02856
1.345 0.860744 1.02771
1.35 0.865883 1.02679
1.355 0.871017 1.02581
1.36 0.876146 1.02477
1.365 0.88127 1.02367
1.37 0.886388 1.0225
1.375 0.8915 1.02127
1.38 0.896607 1.01997
1.385 0.901707 1.01861
1.39 0.9068 1.01719
1.395 0.911886 1.01571
1.4 0.916964 1.01415
1.405 0.922035 1.01254
1.41 0.927098 1.01086
1.415 0.932152 1.00911
1.42 0.937198 1.0073
1.425 0.942234 1.00542
1.43 0.947261 1.00348
1.435 0.952279 1.00147
1.44 0.957286 0.999395
1.445 0.962283 0.997253
1.45 0.967269 0.995044
1.455 0.972244 0.992768
1.46 0.977208 0.990425
1.465 0.98216 0.988015
1.47 0.9871 0.985537
1.475 0.992028 0.982991
1.48 0.996943 0.980377
1.485 1.00184 0.977695
1.49 1.00673 0.974945
1.495 1.01161 0.972126
1.5 1.01647 0.969238
1.505 1.02131 0.966281
1.51 1.02615 0.963256
1.515 1.03096 0.96016
1.52 1.03576 0.956996
1.525 1.04055 0.953761
1.53 1.04532 0.950457
1.535 1.05007 0.947083
1.54 1.0548 0.943639
1.545 1.05952 0.940124
1.55 1.06422 0.936538
1.555 1.06891 0.932882
1.56 1.07357 0.929156
1.565 1.07822 0.925358
1.57 1.08284 0.921489
1.575 1.08745 0.917548
1.58 1.09204 0.913536
1.585 1.09661 0.909453
1.59 1.10115 0.905298
1.595 1.10568 0.90107
1.6 1.11019 0.896771
1.605 1.11467 0.8924
1.61 1.11913 0.887956
1.615 1.12357 0.88344
1.62 1.12799 0.878852
1.625 1.13238 0.87419
1.63 1.13675 0.869456
1.635 1.1411 0.864649
1.64 1.14542 0.859769
1.645 1.14972 0.854816
1.65 1.154 0.849789
1.655 1.15825 0.844689
1.66 1.16247 0.839516
1.665 1.16667 0.834269
1.67 1.17084 0.828949
1.675 1.17498 0.823554
1.68 1.1791 0.818086
1.685 1.18319 0.812544
1.69 1.18725 0.806928
1.695 1.19129 0.801238
1.7 1.19529 0.795474
1.705 1.19927 0.789635
1.71 1.20322 0.783723
1.715 1.20714 0.777735
1.72 1.21103 0.771674
1.725 1.21489 0.765538
1.73 1.21871 0.759327
1.735 1.22251 0.753042
1.74 1.22628 0.746682
1.745 1.23001 0.740247
1.75 1.23371 0.733738
1.755 1.23738 0.727154
1.76 1.24101 0.720495
1.765 1.24462 0.713761
1.77 1.24819 0.706953
1.775 1.25172 0.700069
1.78 1.25522 0.693111
1.785 1.25869 0.686077
1.79 1.26212 0.678969
1.795 1.26551 0.671786
1.8 1.26887 0.664527
1.805 1.27219 0.657194
1.81 1.27548 0.649786
1.815 1.27873 0.642303
1.82 1.28194 0.634745
1.825 1.28511 0.627112
1.83 1.28825 0.619404
1.835 1.29135 0.611621
1.84 1.2944 0.603763
1.845 1.29742 0.59583
1.85 1.3004 0.587823
1.855 1.30334 0.579741
1.86 1.30624 0.571584
1.865 1.3091 0.563352
1.87 1.31191 0.555046
1.875 1.31469 0.546665
1.88 1.31742 0.538209
1.885 1.32011 0.529679
1.89 1.32276 0.521075
1.895 1.32537 0.512396
1.9 1.32793 0.503643
1.905 1.33045 0.494815
1.91 1.33292 0.485914
1.915 1.33535 0.476938
1.92 1.33774 0.467888
1.925 1.34008 0.458765
1.93 1.34237 0.449568
1.935 1.34462 0.440297
1.94 1.34682 0.430952
1.945 1.34897 0.421534
1.95 1.35108 0.412043
1.955 1.35314 0.402478
1.96 1.35515 0.39284
1.965 1.35712 0.38313
1.97 1.35903 0.373346
1.975 1.3609 0.36349
1.98 1.36272 0.353561
1.985 1.36449 0.343559
1.99 1.3662 0.333485
1.995 1.36787 0.323339
2 1.36949 0.313121
2.005 1.37105 0.302831
2.01 1.37257 0.29247
2.015 1.37403 0.282037
2.02 1.37544 0.271532
2.025 1.3768 0.260957
2.03 1.3781 0.25031
2.035 1.37935 0.239592
2.04 1.38055 0.228804
2.045 1.3817 0.217946
2.05 1.38279 0.207017
2.055 1.38382 0.196018
2.06 1.3848 0.18495
2.065 1.38573 0.173811
2.07 1.38659 0.162604
2.075 1.38741 0.151327
2.08 1.38816 0.139981
2.085 1.38886 0.128567
2.09 1.38951 0.117084
2.095 1.39009 0.105533
2.1 1.39062 0.0939135
2.105 1.39109 0.0822266
2.11 1.3915 0.0704721
2.115 1.39185 0.0586504
2.12 1.39215 0.0467618
2.125 1.39238 0.0348064
2.13 1.39255 0.0227846
2.135 1.39267 0.0106966
2.14 1.39272 -0.00145728
2.145 1.39271 -0.0136767
2.15 1.39265 -0.0259615
2.155 1.39252 -0.0383113
2.16 1.39232 -0.0507258
2.165 1.39207 -0.0632047
2.17 1.39176 -0.0757477
2.175 1.39138 -0.0883545
2.18 1.39093 -0.101025
2.185 1.39043 -0.113758
2.19 1.38986 -0.126554
2.195 1.38923 -0.139413
2.2 1.38853 -0.152334
2.205 1.38777 -0.165316
2.21 1.38694 -0.17836
2.215 1.38605 -0.191466
2.22 1.38509 -0.204632
2.225 1.38407 -0.217858
2.23 1.38298 -0.231144
2.235 1.38183 -0.24449
2.24 1.3806 -0.257895
2.245 1.37931 -0.271359
2.25 1.37796 -0.284882
2.255 1.37653 -0.298463
2.26 1.37504 -0.312101
2.265 1.37348 -0.325797
2.27 1.37185 -0.33955
2.275 1.37015 -0.353359
2.28 1.36839 -0.367224
2.285 1.36655 -0.381145
2.29 1.36464 -0.395121
2.295 1.36267 -0.409152
2.3 1.36062 -0.423237
2.305 1.35851 -0.437376
2.31 1.35632 -0.451569
2.315 1.35406 -0.465815
2.32 1.35173 -0.480113
2.325 1.34933 -0.494464
2.33 1.34686 -0.508866
2.335 1.34432 -0.523319
2.34 1.3417 -0.537823
2.345 1.33901 -0.552377
2.35 1.33625 -0.566981
2.355 1.33341 -0.581635
2.36 1.3305 -0.596337
2.365 1.32752 -0.611087
2.37 1.32447 -0.625885
2.375 1.32134 -0.640731
2.38 1.31813 -0.655623
2.385 1.31486 -0.670561
2.39 1.3115 -0.685545
2.395 1.30808 -0.700574
2.4 1.30457 -0.715648
2.405 1.30099 -0.730766
2.41 1.29734 -0.745928
2.415 1.29361 -0.761132
2.42 1.28981 -0.77638
2.425 1.28592 -0.791669
2.43 1.28197 -0.806999
2.435 1.27793 -0.82237
2.44 1.27382 -0.837781
2.445 1.26963 -0.853232
2.45 1.26536 -0.868722
2.455 1.26102 -0.884251
2.46 1.2566 -0.899817
2.465 1.2521 -0.915421
2.47 1.24752 -0.931061
2.475 1.24287 -0.946737
2.48 1.23813 -0.962449
2.485 1.23332 -0.978196
2.49 1.22843 -0.993977
2.495 1.22346 -1.00979
2.5 1.21841 -1.02564
2.505 1.21328 -1.04152
2.51 1.20808 -1.05743
2.515 1.20279 -1.07337
2.52 1.19742 -1.08935
2.525 1.19197 -1.10535
2.53 1.18645 -1.12138
2.535 1.18084 -1.13744
2.54 1.17515 -1.15353
2.545 1.16939 -1.16964
2.55 1.16354 -1.18578
2.555 1.15761 -1.20195
2.56 1.1516 -1.21814
2.565 1.14551 -1.23436
2.57 1.13934 -1.2506
2.575 1.13308 -1.26686
2.58 1.12675 -1.28315
2.585 1.12033 -1.29946
2.59 1.11384 -1.31578
2.595 1.10726 -1.33213
2.6 1.1006 -1.3485
2.605 1.09385 -1.36488
2.61 1.08703 -1.38129
2.615 1.08012 -1.39771
2.62 1.07314 -1.41415
2.625 1.06606 -1.4306
2.63 1.05891 -1.44707
2.635 1.05168 -1.46355
2.64 1.04436 -1.48004
2.645 1.03696 -1.49655
2.65 1.02948 -1.51307
2.655 1.02191 -1.5296
2.66 1.01426 -1.54615
2.665 1.00653 -1.5627
2.67 0.998718 -1.57926
2.675 0.990822 -1.59582
2.68 0.982842 -1.6124
2.685 0.97478 -1.62898
2.69 0.966636 -1.64557
2.695 0.958408 -1.66216
2.7 0.950097 -1.67875
2.705 0.941703 -1.69535
2.71 0.933226 -1.71195
2.715 0.924667 -1.72855
2.72 0.916024 -1.74516
2.725 0.907298 -1.76176
2.73 0.898489 -1.77836
2.735 0.889598 -1.79496
2.74 0.880623 -1.81156
2.745 0.871565 -1.82815
2.75 0.862424 -1.84474
2.755 0.8532 -1.86133
2.76 0.843894 -1.8779
2.765 0.834504 -1.89447
2.77 0.825032 -1.91104
2.775 0.815477 -1.92759
2.78 0.805839 -1.94413
2.785 0.796118 -1.96067
2.79 0.786315 -1.97719
2.795 0.776429 -1.9937
2.8 0.76646 -2.0102
2.805 0.756409 -2.02668
2.81 0.746276 -2.04315
2.815 0.73606 -2.0596
2.82 0.725762 -2.07603
2.825 0.715382 -2.09245
2.83 0.70492 -2.10885
2.835 0.694376 -2.12523
2.84 0.683749 -2.14159
2.845 0.673041 -2.15792
2.85 0.662252 -2.17424
2.855 0.651381 -2.19053
2.86 0.640428 -2.2068
2.865 0.629394 -2.22304
2.87 0.618279 -2.23925
2.875 0.607083 -2.25544
2.88 0.595805 -2.2716
2.885 0.584447 -2.28773
2.89 0.573009 -2.30383
2.895 0.56149 -2.3199
2.9 0.54989 -2.33594
2.905 0.53821 -2.35195
2.91 0.526451 -2.36792
2.915 0.514611 -2.38386
2.92 0.502692 -2.39976
2.925 0.490693 -2.41562
2.93 0.478615 -2.43145
2.935 0.466458 -2.44724
2.94 0.454221 -2.46299
2.945 0.441906 -2.47869
2.95 0.429513 -2.49436
2.955 0.417041 -2.50998
2.96 0.404491 -2.52556
2.965 0.391863 -2.5411
2.97 0.379158 -2.55659
2.975 0.366375 -2.57203
2.98 0.353515 -2.58742
2.985 0.340578 -2.60277
2.99 0.327564 -2.61806
2.995 0.314474 -2.63331
3 0.301307 -2.6485
3.005 0.288065 -2.66364
