0.001 0 0.001
0.002 1e-06 0.0020005
0.003 3.0005e-06 0.0030015
0.004 6.002e-06 0.004003
0.005 1.0005e-05 0.00500499
0.006 1.501e-05 0.00600748
0.007 2.10175e-05 0.00701046
0.008 2.80279e-05 0.00801393
0.009 3.60419e-05 0.0090179
0.01 4.50598e-05 0.0100224
0.011 5.50821e-05 0.0110273
0.012 6.61094e-05 0.0120327
0.013 7.81421e-05 0.0130387
0.014 9.11808e-05 0.0140451
0.015 0.000105226 0.0150519
0.016 0.000120278 0.0160593
0.017 0.000136337 0.0170672
0.018 0.000153404 0.0180755
0.019 0.00017148 0.0190843
0.02 0.000190564 0.0200936
0.021 0.000210658 0.0211033
0.022 0.000231761 0.0221136
0.023 0.000253875 0.0231243
0.024 0.000276999 0.0241355
0.025 0.000301134 0.0251471
0.026 0.000326281 0.0261593
0.027 0.000352441 0.0271718
0.028 0.000379613 0.0281849
0.029 0.000407797 0.0291984
0.03 0.000436996 0.0302124
0.031 0.000467208 0.0312269
0.032 0.000498435 0.0322418
0.033 0.000530677 0.0332571
0.034 0.000563934 0.034273
0.035 0.000598207 0.0352893
0.036 0.000633496 0.036306
0.037 0.000669802 0.0373232
0.038 0.000707126 0.0383409
0.039 0.000745466 0.039359
0.04 0.000784825 0.0403775
0.041 0.000825203 0.0413965
0.042 0.0008666 0.042416
0.043 0.000909015 0.0434359
0.044 0.000952451 0.0444562
0.045 0.000996908 0.045477
0.046 0.00104238 0.0464983
0.047 0.00108888 0.0475199
0.048 0.0011364 0.0485421
0.049 0.00118494 0.0495646
0.05 0.00123451 0.0505876
0.051 0.0012851 0.051611
0.052 0.00133671 0.0526349
0.053 0.00138934 0.0536592
0.054 0.001443 0.0546839
0.055 0.00149769 0.0557091
0.056 0.0015534 0.0567347
0.057 0.00161013 0.0577607
0.058 0.00166789 0.0587871
0.059 0.00172668 0.059814
0.06 0.00178649 0.0608413
0.061 0.00184733 0.061869
0.062 0.0019092 0.0628971
0.063 0.0019721 0.0639257
0.064 0.00203602 0.0649547
0.065 0.00210098 0.0659841
0.066 0.00216696 0.0670139
0.067 0.00223398 0.0680441
0.068 0.00230202 0.0690747
0.069 0.0023711 0.0701058
0.07 0.0024412 0.0711372
0.071 0.00251234 0.0721691
0.072 0.00258451 0.0732013
0.073 0.00265771 0.074234
0.074 0.00273194 0.0752671
0.075 0.00280721 0.0763006
0.076 0.00288351 0.0773344
0.077 0.00296085 0.0783687
0.078 0.00303921 0.0794034
0.079 0.00311862 0.0804385
0.08 0.00319906 0.0814739
0.081 0.00328053 0.0825098
0.082 0.00336304 0.0835461
0.083 0.00344659 0.0845827
0.084 0.00353117 0.0856198
0.085 0.00361679 0.0866572
0.086 0.00370345 0.087695
0.087 0.00379114 0.0887332
0.088 0.00387987 0.0897718
0.089 0.00396965 0.0908107
0.09 0.00406046 0.0918501
0.091 0.00415231 0.0928898
0.092 0.0042452 0.0939299
0.093 0.00433913 0.0949704
0.094 0.0044341 0.0960113
0.095 0.00453011 0.0970525
0.096 0.00462716 0.0980941
0.097 0.00472525 0.0991361
0.098 0.00482439 0.100178
0.099 0.00492457 0.101221
0.1 0.00502579 0.102264
0.101 0.00512805 0.103308
0.102 0.00523136 0.104351
0.103 0.00533571 0.105396
0.104 0.00544111 0.10644
0.105 0.00554755 0.107485
0.106 0.00565503 0.10853
0.107 0.00576356 0.109576
0.108 0.00587314 0.110622
0.109 0.00598376 0.111668
0.11 0.00609543 0.112715
0.111 0.00620815 0.113762
0.112 0.00632191 0.114809
0.113 0.00643672 0.115857
0.114 0.00655257 0.116905
0.115 0.00666948 0.117953
0.116 0.00678743 0.119002
0.117 0.00690643 0.120051
0.118 0.00702648 0.121101
0.119 0.00714758 0.12215
0.12 0.00726974 0.1232
0.121 0.00739294 0.124251
0.122 0.00751719 0.125302
0.123 0.00764249 0.126353
0.124 0.00776884 0.127404
0.125 0.00789624 0.128456
0.126 0.0080247 0.129508
0.127 0.00815421 0.13056
0.128 0.00828477 0.131613
0.129 0.00841638 0.132666
0.13 0.00854905 0.133719
0.131 0.00868277 0.134773
0.132 0.00881754 0.135827
0.133 0.00895337 0.136881
0.134 0.00909025 0.137936
0.135 0.00922819 0.138991
0.136 0.00936718 0.140046
0.137 0.00950722 0.141102
0.138 0.00964832 0.142158
0.139 0.00979048 0.143214
0.14 0.0099337 0.14427
0.141 0.010078 0.145327
0.142 0.0102233 0.146384
0.143 0.0103697 0.147442
0.144 0.0105171 0.148499
0.145 0.0106656 0.149557
0.146 0.0108152 0.150616
0.147 0.0109658 0.151674
0.148 0.0111175 0.152733
0.149 0.0112702 0.153792
0.15 0.011424 0.154852
0.151 0.0115788 0.155912
0.152 0.0117348 0.156972
0.153 0.0118917 0.158032
0.154 0.0120498 0.159093
0.155 0.0122089 0.160153
0.156 0.012369 0.161215
0.157 0.0125302 0.162276
0.158 0.0126925 0.163338
0.159 0.0128558 0.1644
0.16 0.0130202 0.165462
0.161 0.0131857 0.166525
0.162 0.0133522 0.167587
0.163 0.0135198 0.16865
0.164 0.0136885 0.169714
0.165 0.0138582 0.170777
0.166 0.0140289 0.171841
0.167 0.0142008 0.172905
0.168 0.0143737 0.17397
0.169 0.0145477 0.175034
0.17 0.0147227 0.176099
0.171 0.0148988 0.177165
0.172 0.015076 0.17823
0.173 0.0152542 0.179296
0.174 0.0154335 0.180362
0.175 0.0156139 0.181428
0.176 0.0157953 0.182494
0.177 0.0159778 0.183561
0.178 0.0161613 0.184628
0.179 0.016346 0.185695
0.18 0.0165317 0.186762
0.181 0.0167184 0.18783
0.182 0.0169062 0.188898
0.183 0.0170951 0.189966
0.184 0.0172851 0.191034
0.185 0.0174761 0.192103
0.186 0.0176682 0.193172
0.187 0.0178614 0.194241
0.188 0.0180557 0.19531
0.189 0.018251 0.196379
0.19 0.0184473 0.197449
0.191 0.0186448 0.198519
0.192 0.0188433 0.199589
0.193 0.0190429 0.200659
0.194 0.0192436 0.20173
0.195 0.0194453 0.202801
0.196 0.0196481 0.203872
0.197 0.019852 0.204943
0.198 0.0200569 0.206014
0.199 0.0202629 0.207086
0.2 0.02047 0.208158
0.201 0.0206782 0.20923
0.202 0.0208874 0.210302
0.203 0.0210977 0.211375
0.204 0.0213091 0.212447
0.205 0.0215215 0.21352
0.206 0.021735 0.214593
0.207 0.0219496 0.215667
0.208 0.0221653 0.21674
0.209 0.022382 0.217814
0.21 0.0225999 0.218887
0.211 0.0228187 0.219962
0.212 0.0230387 0.221036
0.213 0.0232597 0.22211
0.214 0.0234819 0.223185
0.215 0.023705 0.224259
0.216 0.0239293 0.225334
0.217 0.0241546 0.226409
0.218 0.024381 0.227485
0.219 0.0246085 0.22856
0.22 0.0248371 0.229636
0.221 0.0250667 0.230712
0.222 0.0252974 0.231788
0.223 0.0255292 0.232864
0.224 0.0257621 0.23394
0.225 0.025996 0.235016
0.226 0.026231 0.236093
0.227 0.0264671 0.23717
0.228 0.0267043 0.238247
0.229 0.0269426 0.239324
0.23 0.0271819 0.240401
0.231 0.0274223 0.241479
0.232 0.0276638 0.242556
0.233 0.0279063 0.243634
0.234 0.0281499 0.244712
0.235 0.0283947 0.24579
0.236 0.0286404 0.246868
0.237 0.0288873 0.247946
0.238 0.0291353 0.249024
0.239 0.0293843 0.250103
0.24 0.0296344 0.251182
0.241 0.0298856 0.252261
0.242 0.0301378 0.25334
0.243 0.0303912 0.254419
0.244 0.0306456 0.255498
0.245 0.0309011 0.256577
0.246 0.0311577 0.257657
0.247 0.0314153 0.258736
0.248 0.0316741 0.259816
0.249 0.0319339 0.260896
0.25 0.0321948 0.261976
0.251 0.0324567 0.263056
0.252 0.0327198 0.264136
0.253 0.0329839 0.265216
0.254 0.0332492 0.266297
0.255 0.0335154 0.267377
0.256 0.0337828 0.268458
0.257 0.0340513 0.269539
0.258 0.0343208 0.27062
0.259 0.0345914 0.271701
0.26 0.0348631 0.272782
0.261 0.0351359 0.273863
0.262 0.0354098 0.274944
0.263 0.0356847 0.276025
0.264 0.0359608 0.277107
0.265 0.0362379 0.278188
0.266 0.0365161 0.27927
0.267 0.0367953 0.280352
0.268 0.0370757 0.281433
0.269 0.0373571 0.282515
0.27 0.0376396 0.283597
0.271 0.0379232 0.284679
0.272 0.0382079 0.285761
0.273 0.0384937 0.286844
0.274 0.0387805 0.287926
0.275 0.0390684 0.289008
0.276 0.0393574 0.290091
0.277 0.0396475 0.291173
0.278 0.0399387 0.292256
0.279 0.040231 0.293338
0.28 0.0405243 0.294421
0.281 0.0408187 0.295504
0.282 0.0411142 0.296586
0.283 0.0414108 0.297669
0.284 0.0417085 0.298752
0.285 0.0420072 0.299835
0.286 0.0423071 0.300918
0.287 0.042608 0.302001
0.288 0.04291 0.303084
0.289 0.0432131 0.304167
0.29 0.0435172 0.305251
0.291 0.0438225 0.306334
0.292 0.0441288 0.307417
0.293 0.0444362 0.3085
0.294 0.0447447 0.309584
0.295 0.0450543 0.310667
0.296 0.045365 0.311751
0.297 0.0456767 0.312834
0.298 0.0459896 0.313918
0.299 0.0463035 0.315001
0.3 0.0466185 0.316085
0.301 0.0469346 0.317168
0.302 0.0472517 0.318252
0.303 0.04757 0.319335
0.304 0.0478893 0.320419
0.305 0.0482097 0.321503
0.306 0.0485313 0.322586
0.307 0.0488538 0.32367
0.308 0.0491775 0.324754
0.309 0.0495023 0.325837
0.31 0.0498281 0.326921
0.311 0.050155 0.328005
0.312 0.050483 0.329088
0.313 0.0508121 0.330172
0.314 0.0511423 0.331256
0.315 0.0514735 0.332339
0.316 0.0518059 0.333423
0.317 0.0521393 0.334507
0.318 0.0524738 0.33559
0.319 0.0528094 0.336674
0.32 0.0531461 0.337758
0.321 0.0534838 0.338841
0.322 0.0538227 0.339925
0.323 0.0541626 0.341008
0.324 0.0545036 0.342092
0.325 0.0548457 0.343175
0.326 0.0551889 0.344259
0.327 0.0555331 0.345342
0.328 0.0558785 0.346426
0.329 0.0562249 0.347509
0.33 0.0565724 0.348593
0.331 0.056921 0.349676
0.332 0.0572707 0.350759
0.333 0.0576214 0.351842
0.334 0.0579733 0.352926
0.335 0.0583262 0.354009
0.336 0.0586802 0.355092
0.337 0.0590353 0.356175
0.338 0.0593915 0.357258
0.339 0.0597487 0.358341
0.34 0.0601071 0.359424
0.341 0.0604665 0.360507
0.342 0.060827 0.36159
0.343 0.0611886 0.362673
0.344 0.0615513 0.363755
0.345 0.061915 0.364838
0.346 0.0622799 0.36592
0.347 0.0626458 0.367003
0.348 0.0630128 0.368085
0.349 0.0633809 0.369168
0.35 0.06375 0.37025
0.351 0.0641203 0.371332
0.352 0.0644916 0.372414
0.353 0.064864 0.373496
0.354 0.0652375 0.374578
0.355 0.0656121 0.37566
0.356 0.0659878 0.376742
0.357 0.0663645 0.377824
0.358 0.0667423 0.378905
0.359 0.0671212 0.379987
0.36 0.0675012 0.381068
0.361 0.0678823 0.38215
0.362 0.0682644 0.383231
0.363 0.0686477 0.384312
0.364 0.069032 0.385393
0.365 0.0694174 0.386474
0.366 0.0698039 0.387555
0.367 0.0701914 0.388636
0.368 0.07058 0.389716
0.369 0.0709698 0.390797
0.37 0.0713606 0.391877
0.371 0.0717524 0.392957
0.372 0.0721454 0.394037
0.373 0.0725394 0.395117
0.374 0.0729346 0.396197
0.375 0.0733307 0.397277
0.376 0.073728 0.398357
0.377 0.0741264 0.399436
0.378 0.0745258 0.400516
0.379 0.0749263 0.401595
0.38 0.0753279 0.402674
0.381 0.0757306 0.403753
0.382 0.0761344 0.404832
0.383 0.0765392 0.40591
0.384 0.0769451 0.406989
0.385 0.0773521 0.408067
0.386 0.0777602 0.409146
0.387 0.0781693 0.410224
0.388 0.0785795 0.411302
0.389 0.0789908 0.41238
0.39 0.0794032 0.413457
0.391 0.0798167 0.414535
0.392 0.0802312 0.415612
0.393 0.0806468 0.416689
0.394 0.0810635 0.417766
0.395 0.0814813 0.418843
0.396 0.0819001 0.41992
0.397 0.08232 0.420996
0.398 0.082741 0.422072
0.399 0.0831631 0.423149
0.4 0.0835862 0.424225
0.401 0.0840105 0.4253
0.402 0.0844358 0.426376
0.403 0.0848621 0.427451
0.404 0.0852896 0.428527
0.405 0.0857181 0.429602
0.406 0.0861477 0.430677
0.407 0.0865784 0.431751
0.408 0.0870102 0.432826
0.409 0.087443 0.4339
0.41 0.0878769 0.434974
0.411 0.0883119 0.436048
0.412 0.0887479 0.437121
0.413 0.089185 0.438195
0.414 0.0896232 0.439268
0.415 0.0900625 0.440341
0.416 0.0905028 0.441414
0.417 0.0909442 0.442487
0.418 0.0913867 0.443559
0.419 0.0918303 0.444631
0.42 0.0922749 0.445703
0.421 0.0927206 0.446775
0.422 0.0931674 0.447846
0.423 0.0936152 0.448918
0.424 0.0940642 0.449989
0.425 0.0945141 0.45106
0.426 0.0949652 0.45213
0.427 0.0954173 0.453201
0.428 0.0958705 0.454271
0.429 0.0963248 0.455341
0.43 0.0967802 0.45641
0.431 0.0972366 0.45748
0.432 0.097694 0.458549
0.433 0.0981526 0.459618
0.434 0.0986122 0.460686
0.435 0.0990729 0.461755
0.436 0.0995346 0.462823
0.437 0.0999975 0.463891
0.438 0.100461 0.464958
0.439 0.100926 0.466026
0.44 0.101392 0.467093
0.441 0.101859 0.46816
0.442 0.102328 0.469226
0.443 0.102797 0.470292
0.444 0.103267 0.471358
0.445 0.103738 0.472424
0.446 0.104211 0.47349
0.447 0.104684 0.474555
0.448 0.105159 0.47562
0.449 0.105635 0.476684
0.45 0.106111 0.477749
0.451 0.106589 0.478813
0.452 0.107068 0.479877
0.453 0.107548 0.48094
0.454 0.108029 0.482003
0.455 0.108511 0.483066
0.456 0.108994 0.484129
0.457 0.109478 0.485191
0.458 0.109963 0.486253
0.459 0.110449 0.487314
0.46 0.110937 0.488376
0.461 0.111425 0.489437
0.462 0.111914 0.490498
0.463 0.112405 0.491558
0.464 0.112896 0.492618
0.465 0.113389 0.493678
0.466 0.113883 0.494737
0.467 0.114377 0.495796
0.468 0.114873 0.496855
0.469 0.11537 0.497914
0.47 0.115868 0.498972
0.471 0.116367 0.50003
0.472 0.116867 0.501087
0.473 0.117368 0.502144
0.474 0.11787 0.503201
0.475 0.118373 0.504257
0.476 0.118878 0.505314
0.477 0.119383 0.506369
0.478 0.119889 0.507425
0.479 0.120397 0.50848
0.48 0.120905 0.509535
0.481 0.121415 0.510589
0.482 0.121925 0.511643
0.483 0.122437 0.512696
0.484 0.12295 0.51375
0.485 0.123464 0.514803
0.486 0.123978 0.515855
0.487 0.124494 0.516907
0.488 0.125011 0.517959
0.489 0.125529 0.519011
0.49 0.126048 0.520062
0.491 0.126568 0.521112
0.492 0.127089 0.522163
0.493 0.127611 0.523213
0.494 0.128135 0.524262
0.495 0.128659 0.525311
0.496 0.129184 0.52636
0.497 0.129711 0.527408
0.498 0.130238 0.528456
0.499 0.130766 0.529504
0.5 0.131296 0.530551
0.501 0.131826 0.531598
0.502 0.132358 0.532644
0.503 0.132891 0.53369
0.504 0.133424 0.534736
0.505 0.133959 0.535781
0.506 0.134495 0.536825
0.507 0.135032 0.53787
0.508 0.13557 0.538914
0.509 0.136109 0.539957
0.51 0.136648 0.541
0.511 0.137189 0.542043
0.512 0.137732 0.543085
0.513 0.138275 0.544127
0.514 0.138819 0.545168
0.515 0.139364 0.546209
0.516 0.13991 0.547249
0.517 0.140457 0.548289
0.518 0.141006 0.549329
0.519 0.141555 0.550368
0.52 0.142105 0.551407
0.521 0.142657 0.552445
0.522 0.143209 0.553483
0.523 0.143763 0.55452
0.524 0.144317 0.555557
0.525 0.144873 0.556594
0.526 0.145429 0.557629
0.527 0.145987 0.558665
0.528 0.146546 0.5597
0.529 0.147105 0.560735
0.53 0.147666 0.561769
0.531 0.148228 0.562802
0.532 0.148791 0.563836
0.533 0.149354 0.564868
0.534 0.149919 0.5659
0.535 0.150485 0.566932
0.536 0.151052 0.567963
0.537 0.15162 0.568994
0.538 0.152189 0.570025
0.539 0.152759 0.571054
0.54 0.15333 0.572084
0.541 0.153902 0.573112
0.542 0.154475 0.574141
0.543 0.15505 0.575169
0.544 0.155625 0.576196
0.545 0.156201 0.577223
0.546 0.156778 0.578249
0.547 0.157356 0.579275
0.548 0.157936 0.5803
0.549 0.158516 0.581325
0.55 0.159097 0.582349
0.551 0.15968 0.583373
0.552 0.160263 0.584396
0.553 0.160847 0.585419
0.554 0.161433 0.586441
0.555 0.162019 0.587462
0.556 0.162607 0.588483
0.557 0.163195 0.589504
0.558 0.163785 0.590524
0.559 0.164375 0.591544
0.56 0.164967 0.592563
0.561 0.165559 0.593581
0.562 0.166153 0.594599
0.563 0.166748 0.595616
0.564 0.167343 0.596633
0.565 0.16794 0.597649
0.566 0.168537 0.598665
0.567 0.169136 0.59968
0.568 0.169736 0.600694
0.569 0.170336 0.601708
0.57 0.170938 0.602722
0.571 0.171541 0.603735
0.572 0.172145 0.604747
0.573 0.172749 0.605759
0.574 0.173355 0.60677
0.575 0.173962 0.60778
0.576 0.17457 0.60879
0.577 0.175178 0.6098
0.578 0.175788 0.610809
0.579 0.176399 0.611817
0.58 0.177011 0.612825
0.581 0.177624 0.613832
0.582 0.178238 0.614838
0.583 0.178852 0.615844
0.584 0.179468 0.616849
0.585 0.180085 0.617854
0.586 0.180703 0.618858
0.587 0.181322 0.619862
0.588 0.181942 0.620864
0.589 0.182563 0.621867
0.59 0.183184 0.622868
0.591 0.183807 0.623869
0.592 0.184431 0.62487
0.593 0.185056 0.62587
0.594 0.185682 0.626869
0.595 0.186309 0.627867
0.596 0.186937 0.628865
0.597 0.187565 0.629862
0.598 0.188195 0.630859
0.599 0.188826 0.631855
0.6 0.189458 0.632851
0.601 0.190091 0.633845
0.602 0.190725 0.634839
0.603 0.19136 0.635833
0.604 0.191995 0.636826
0.605 0.192632 0.637818
0.606 0.19327 0.638809
0.607 0.193909 0.6398
0.608 0.194549 0.64079
0.609 0.195189 0.64178
0.61 0.195831 0.642769
0.611 0.196474 0.643757
0.612 0.197118 0.644745
0.613 0.197763 0.645732
0.614 0.198408 0.646718
0.615 0.199055 0.647703
0.616 0.199703 0.648688
0.617 0.200351 0.649672
0.618 0.201001 0.650656
0.619 0.201652 0.651639
0.62 0.202303 0.652621
0.621 0.202956 0.653602
0.622 0.20361 0.654583
0.623 0.204264 0.655563
0.624 0.20492 0.656543
0.625 0.205576 0.657521
0.626 0.206234 0.658499
0.627 0.206892 0.659477
0.628 0.207552 0.660453
0.629 0.208212 0.661429
0.63 0.208874 0.662404
0.631 0.209536 0.663379
0.632 0.210199 0.664352
0.633 0.210864 0.665325
0.634 0.211529 0.666298
0.635 0.212195 0.667269
0.636 0.212863 0.66824
0.637 0.213531 0.66921
0.638 0.2142 0.67018
0.639 0.21487 0.671148
0.64 0.215541 0.672116
0.641 0.216214 0.673083
0.642 0.216887 0.67405
0.643 0.217561 0.675016
0.644 0.218236 0.67598
0.645 0.218912 0.676945
0.646 0.219589 0.677908
0.647 0.220267 0.678871
0.648 0.220945 0.679833
0.649 0.221625 0.680794
0.65 0.222306 0.681754
0.651 0.222988 0.682714
0.652 0.22367 0.683673
0.653 0.224354 0.684631
0.654 0.225039 0.685588
0.655 0.225724 0.686545
0.656 0.226411 0.687501
0.657 0.227098 0.688456
0.658 0.227787 0.68941
0.659 0.228476 0.690364
0.66 0.229167 0.691316
0.661 0.229858 0.692268
0.662 0.23055 0.693219
0.663 0.231243 0.69417
0.664 0.231938 0.695119
0.665 0.232633 0.696068
0.666 0.233329 0.697016
0.667 0.234026 0.697963
0.668 0.234724 0.698909
0.669 0.235423 0.699855
0.67 0.236123 0.7008
0.671 0.236823 0.701743
0.672 0.237525 0.702687
0.673 0.238228 0.703629
0.674 0.238931 0.70457
0.675 0.239636 0.705511
0.676 0.240342 0.706451
0.677 0.241048 0.70739
0.678 0.241755 0.708328
0.679 0.242464 0.709265
0.68 0.243173 0.710202
0.681 0.243883 0.711137
0.682 0.244594 0.712072
0.683 0.245306 0.713006
0.684 0.246019 0.713939
0.685 0.246733 0.714871
0.686 0.247448 0.715803
0.687 0.248164 0.716733
0.688 0.248881 0.717663
0.689 0.249598 0.718592
0.69 0.250317 0.71952
0.691 0.251036 0.720447
0.692 0.251757 0.721373
0.693 0.252478 0.722298
0.694 0.253201 0.723223
0.695 0.253924 0.724147
0.696 0.254648 0.725069
0.697 0.255373 0.725991
0.698 0.256099 0.726912
0.699 0.256826 0.727832
0.7 0.257554 0.728751
0.701 0.258283 0.72967
0.702 0.259012 0.730587
0.703 0.259743 0.731504
0.704 0.260474 0.732419
0.705 0.261207 0.733334
0.706 0.26194 0.734248
0.707 0.262674 0.735161
0.708 0.263409 0.736073
0.709 0.264146 0.736984
0.71 0.264883 0.737894
0.711 0.26562 0.738804
0.712 0.266359 0.739712
0.713 0.267099 0.74062
0.714 0.26784 0.741526
0.715 0.268581 0.742432
0.716 0.269323 0.743336
0.717 0.270067 0.74424
0.718 0.270811 0.745143
0.719 0.271556 0.746045
0.72 0.272302 0.746946
0.721 0.273049 0.747846
0.722 0.273797 0.748745
0.723 0.274546 0.749643
0.724 0.275295 0.75054
0.725 0.276046 0.751436
0.726 0.276797 0.752332
0.727 0.27755 0.753226
0.728 0.278303 0.754119
0.729 0.279057 0.755012
0.73 0.279812 0.755903
0.731 0.280568 0.756794
0.732 0.281325 0.757683
0.733 0.282082 0.758572
0.734 0.282841 0.759459
0.735 0.283601 0.760346
0.736 0.284361 0.761232
0.737 0.285122 0.762116
0.738 0.285884 0.763
0.739 0.286647 0.763882
0.74 0.287411 0.764764
0.741 0.288176 0.765645
0.742 0.288941 0.766524
0.743 0.289708 0.767403
0.744 0.290475 0.768281
0.745 0.291244 0.769158
0.746 0.292013 0.770033
0.747 0.292783 0.770908
0.748 0.293554 0.771782
0.749 0.294326 0.772654
0.75 0.295098 0.773526
0.751 0.295872 0.774396
0.752 0.296646 0.775266
0.753 0.297421 0.776135
0.754 0.298198 0.777002
0.755 0.298975 0.777869
0.756 0.299752 0.778734
0.757 0.300531 0.779599
0.758 0.301311 0.780462
0.759 0.302091 0.781324
0.76 0.302873 0.782186
0.761 0.303655 0.783046
0.762 0.304438 0.783905
0.763 0.305222 0.784764
0.764 0.306006 0.785621
0.765 0.306792 0.786477
0.766 0.307579 0.787332
0.767 0.308366 0.788186
0.768 0.309154 0.789039
0.769 0.309943 0.789891
0.77 0.310733 0.790741
0.771 0.311524 0.791591
0.772 0.312315 0.79244
0.773 0.313108 0.793287
0.774 0.313901 0.794134
0.775 0.314695 0.794979
0.776 0.31549 0.795824
0.777 0.316286 0.796667
0.778 0.317083 0.797509
0.779 0.31788 0.79835
0.78 0.318679 0.79919
0.781 0.319478 0.800029
0.782 0.320278 0.800867
0.783 0.321079 0.801704
0.784 0.32188 0.802539
0.785 0.322683 0.803374
0.786 0.323486 0.804207
0.787 0.32429 0.805039
0.788 0.325095 0.80587
0.789 0.325901 0.8067
0.79 0.326708 0.807529
0.791 0.327516 0.808357
0.792 0.328324 0.809184
0.793 0.329133 0.810009
0.794 0.329943 0.810834
0.795 0.330754 0.811657
0.796 0.331566 0.812479
0.797 0.332378 0.8133
0.798 0.333191 0.81412
0.799 0.334006 0.814939
0.8 0.33482 0.815756
0.801 0.335636 0.816573
0.802 0.336453 0.817388
0.803 0.33727 0.818202
0.804 0.338088 0.819015
0.805 0.338907 0.819827
0.806 0.339727 0.820638
0.807 0.340548 0.821447
0.808 0.341369 0.822256
0.809 0.342192 0.823063
0.81 0.343015 0.823869
0.811 0.343838 0.824673
0.812 0.344663 0.825477
0.813 0.345489 0.82628
0.814 0.346315 0.827081
0.815 0.347142 0.827881
0.816 0.34797 0.82868
0.817 0.348799 0.829478
0.818 0.349628 0.830274
0.819 0.350458 0.831069
0.82 0.351289 0.831864
0.821 0.352121 0.832657
0.822 0.352954 0.833448
0.823 0.353787 0.834239
0.824 0.354622 0.835028
0.825 0.355457 0.835816
0.826 0.356292 0.836603
0.827 0.357129 0.837389
0.828 0.357966 0.838173
0.829 0.358805 0.838956
0.83 0.359644 0.839739
0.831 0.360483 0.840519
0.832 0.361324 0.841299
0.833 0.362165 0.842077
0.834 0.363007 0.842854
0.835 0.36385 0.84363
0.836 0.364694 0.844405
0.837 0.365538 0.845178
0.838 0.366383 0.84595
0.839 0.367229 0.846721
0.84 0.368076 0.847491
0.841 0.368923 0.848259
0.842 0.369772 0.849026
0.843 0.370621 0.849792
0.844 0.37147 0.850557
0.845 0.372321 0.85132
0.846 0.373172 0.852082
0.847 0.374024 0.852843
0.848 0.374877 0.853603
0.849 0.375731 0.854361
0.85 0.376585 0.855118
0.851 0.37744 0.855874
0.852 0.378296 0.856628
0.853 0.379153 0.857381
0.854 0.38001 0.858133
0.855 0.380868 0.858884
0.856 0.381727 0.859633
0.857 0.382587 0.860381
0.858 0.383447 0.861128
0.859 0.384308 0.861873
0.86 0.38517 0.862617
0.861 0.386033 0.86336
0.862 0.386896 0.864101
0.863 0.38776 0.864842
0.864 0.388625 0.86558
0.865 0.389491 0.866318
0.866 0.390357 0.867054
0.867 0.391224 0.867789
0.868 0.392092 0.868523
0.869 0.39296 0.869255
0.87 0.39383 0.869986
0.871 0.3947 0.870715
0.872 0.39557 0.871444
0.873 0.396442 0.872171
0.874 0.397314 0.872896
0.875 0.398187 0.87362
0.876 0.399061 0.874343
0.877 0.399935 0.875065
0.878 0.40081 0.875785
0.879 0.401686 0.876504
0.88 0.402562 0.877221
0.881 0.403439 0.877937
0.882 0.404317 0.878652
0.883 0.405196 0.879366
0.884 0.406075 0.880078
0.885 0.406956 0.880788
0.886 0.407836 0.881498
0.887 0.408718 0.882206
0.888 0.4096 0.882912
0.889 0.410483 0.883617
0.89 0.411367 0.884321
0.891 0.412251 0.885024
0.892 0.413136 0.885725
0.893 0.414022 0.886424
0.894 0.414908 0.887122
0.895 0.415795 0.887819
0.896 0.416683 0.888515
0.897 0.417571 0.889209
0.898 0.418461 0.889901
0.899 0.419351 0.890593
0.9 0.420241 0.891283
0.901 0.421132 0.891971
0.902 0.422024 0.892658
0.903 0.422917 0.893344
0.904 0.42381 0.894028
0.905 0.424704 0.894711
0.906 0.425599 0.895392
0.907 0.426495 0.896072
0.908 0.427391 0.89675
0.909 0.428287 0.897427
0.91 0.429185 0.898103
0.911 0.430083 0.898777
0.912 0.430982 0.89945
0.913 0.431881 0.900121
0.914 0.432781 0.900791
0.915 0.433682 0.901459
0.916 0.434584 0.902126
0.917 0.435486 0.902792
0.918 0.436388 0.903456
0.919 0.437292 0.904119
0.92 0.438196 0.90478
0.921 0.439101 0.905439
0.922 0.440006 0.906098
0.923 0.440912 0.906754
0.924 0.441819 0.90741
0.925 0.442726 0.908063
0.926 0.443635 0.908716
0.927 0.444543 0.909367
0.928 0.445453 0.910016
0.929 0.446363 0.910664
0.93 0.447273 0.91131
0.931 0.448185 0.911955
0.932 0.449097 0.912598
0.933 0.450009 0.91324
0.934 0.450922 0.913881
0.935 0.451836 0.91452
0.936 0.452751 0.915157
0.937 0.453666 0.915793
0.938 0.454582 0.916427
0.939 0.455498 0.91706
0.94 0.456415 0.917692
0.941 0.457333 0.918322
0.942 0.458251 0.91895
0.943 0.45917 0.919577
0.944 0.46009 0.920202
0.945 0.46101 0.920826
0.946 0.461931 0.921448
0.947 0.462852 0.922069
0.948 0.463774 0.922688
0.949 0.464697 0.923306
0.95 0.46562 0.923922
0.951 0.466544 0.924536
0.952 0.467469 0.925149
0.953 0.468394 0.925761
0.954 0.46932 0.926371
0.955 0.470246 0.926979
0.956 0.471173 0.927586
0.957 0.472101 0.928191
0.958 0.473029 0.928795
0.959 0.473958 0.929397
0.96 0.474887 0.929998
0.961 0.475817 0.930597
0.962 0.476748 0.931194
0.963 0.477679 0.93179
0.964 0.478611 0.932384
0.965 0.479543 0.932977
0.966 0.480476 0.933568
0.967 0.48141 0.934158
0.968 0.482344 0.934746
0.969 0.483278 0.935332
0.97 0.484214 0.935917
0.971 0.48515 0.9365
0.972 0.486086 0.937081
0.973 0.487023 0.937661
0.974 0.487961 0.93824
0.975 0.488899 0.938817
0.976 0.489838 0.939392
0.977 0.490777 0.939965
0.978 0.491717 0.940537
0.979 0.492658 0.941108
0.98 0.493599 0.941676
0.981 0.494541 0.942243
0.982 0.495483 0.942809
0.983 0.496426 0.943373
0.984 0.497369 0.943935
0.985 0.498313 0.944496
0.986 0.499258 0.945055
0.987 0.500203 0.945612
0.988 0.501148 0.946168
0.989 0.502094 0.946722
0.99 0.503041 0.947274
0.991 0.503988 0.947825
0.992 0.504936 0.948374
0.993 0.505885 0.948921
0.994 0.506833 0.949467
0.995 0.507783 0.950011
0.996 0.508733 0.950554
0.997 0.509684 0.951095
0.998 0.510635 0.951634
0.999 0.511586 0.952171
1 0.512538 0.952707
1.001 0.513491 0.953241
1.002 0.514444 0.953774
1.003 0.515398 0.954305
1.004 0.516352 0.954834
1.005 0.517307 0.955361
1.006 0.518263 0.955887
1.007 0.519219 0.956411
1.008 0.520175 0.956933
1.009 0.521132 0.957454
1.01 0.522089 0.957973
1.011 0.523047 0.95849
1.012 0.524006 0.959006
1.013 0.524965 0.95952
1.014 0.525924 0.960032
1.015 0.526884 0.960543
1.016 0.527845 0.961051
1.017 0.528806 0.961558
1.018 0.529767 0.962064
1.019 0.53073 0.962567
1.02 0.531692 0.963069
1.021 0.532655 0.96357
1.022 0.533619 0.964068
1.023 0.534583 0.964565
1.024 0.535547 0.96506
1.025 0.536512 0.965553
1.026 0.537478 0.966044
1.027 0.538444 0.966534
1.028 0.539411 0.967022
1.029 0.540378 0.967509
1.03 0.541345 0.967993
1.031 0.542313 0.968476
1.032 0.543282 0.968957
1.033 0.544251 0.969436
1.034 0.54522 0.969914
1.035 0.54619 0.97039
1.036 0.54716 0.970864
1.037 0.548131 0.971336
1.038 0.549102 0.971806
1.039 0.550074 0.972275
1.04 0.551047 0.972742
1.041 0.552019 0.973207
1.042 0.552993 0.973671
1.043 0.553966 0.974132
1.044 0.55494 0.974592
1.045 0.555915 0.97505
1.046 0.55689 0.975506
1.047 0.557865 0.975961
1.048 0.558841 0.976414
1.049 0.559818 0.976864
1.05 0.560795 0.977313
1.051 0.561772 0.977761
1.052 0.56275 0.978206
1.053 0.563728 0.97865
1.054 0.564707 0.979092
1.055 0.565686 0.979532
1.056 0.566665 0.97997
1.057 0.567645 0.980406
1.058 0.568626 0.980841
1.059 0.569606 0.981274
1.06 0.570588 0.981705
1.061 0.571569 0.982134
1.062 0.572552 0.982561
1.063 0.573534 0.982987
1.064 0.574517 0.98341
1.065 0.575501 0.983832
1.066 0.576484 0.984252
1.067 0.577469 0.98467
1.068 0.578453 0.985087
1.069 0.579438 0.985501
1.07 0.580424 0.985914
1.071 0.58141 0.986324
1.072 0.582396 0.986733
1.073 0.583383 0.98714
1.074 0.58437 0.987545
1.075 0.585358 0.987949
1.076 0.586345 0.98835
1.077 0.587334 0.98875
1.078 0.588323 0.989147
1.079 0.589312 0.989543
1.08 0.590301 0.989937
1.081 0.591291 0.990329
1.082 0.592282 0.990719
1.083 0.593272 0.991108
1.084 0.594263 0.991494
1.085 0.595255 0.991879
1.086 0.596247 0.992261
1.087 0.597239 0.992642
1.088 0.598232 0.993021
1.089 0.599225 0.993398
1.09 0.600218 0.993773
1.091 0.601212 0.994146
1.092 0.602206 0.994518
1.093 0.603201 0.994887
1.094 0.604195 0.995254
1.095 0.605191 0.99562
1.096 0.606186 0.995984
1.097 0.607182 0.996345
1.098 0.608179 0.996705
1.099 0.609175 0.997063
1.1 0.610172 0.997419
1.101 0.61117 0.997773
1.102 0.612168 0.998125
1.103 0.613166 0.998475
1.104 0.614164 0.998823
1.105 0.615163 0.99917
1.106 0.616162 0.999514
1.107 0.617162 0.999857
1.108 0.618162 1.0002
1.109 0.619162 1.00054
1.11 0.620162 1.00087
1.111 0.621163 1.00121
1.112 0.622164 1.00154
1.113 0.623166 1.00187
1.114 0.624168 1.0022
1.115 0.62517 1.00253
1.116 0.626172 1.00285
1.117 0.627175 1.00317
1.118 0.628178 1.00349
1.119 0.629182 1.00381
1.12 0.630186 1.00413
1.121 0.63119 1.00445
1.122 0.632194 1.00476
1.123 0.633199 1.00507
1.124 0.634204 1.00538
1.125 0.63521 1.00569
1.126 0.636215 1.00599
1.127 0.637221 1.00629
1.128 0.638228 1.00659
1.129 0.639234 1.00689
1.13 0.640241 1.00719
1.131 0.641248 1.00749
1.132 0.642256 1.00778
1.133 0.643263 1.00807
1.134 0.644272 1.00836
1.135 0.64528 1.00865
1.136 0.646289 1.00893
1.137 0.647297 1.00921
1.138 0.648307 1.00949
1.139 0.649316 1.00977
1.14 0.650326 1.01005
1.141 0.651336 1.01033
1.142 0.652346 1.0106
1.143 0.653357 1.01087
1.144 0.654368 1.01114
1.145 0.655379 1.0114
1.146 0.65639 1.01167
1.147 0.657402 1.01193
1.148 0.658414 1.01219
1.149 0.659426 1.01245
1.15 0.660439 1.01271
1.151 0.661451 1.01296
1.152 0.662464 1.01322
1.153 0.663477 1.01347
1.154 0.664491 1.01371
1.155 0.665505 1.01396
1.156 0.666519 1.0142
1.157 0.667533 1.01445
1.158 0.668547 1.01469
1.159 0.669562 1.01493
1.16 0.670577 1.01516
1.161 0.671592 1.01539
1.162 0.672607 1.01563
1.163 0.673623 1.01586
1.164 0.674639 1.01608
1.165 0.675655 1.01631
1.166 0.676671 1.01653
1.167 0.677688 1.01675
1.168 0.678705 1.01697
1.169 0.679722 1.01719
1.17 0.680739 1.01741
1.171 0.681756 1.01762
1.172 0.682774 1.01783
1.173 0.683792 1.01804
1.174 0.68481 1.01825
1.175 0.685828 1.01845
1.176 0.686846 1.01865
1.177 0.687865 1.01885
1.178 0.688884 1.01905
1.179 0.689903 1.01925
1.18 0.690922 1.01944
1.181 0.691942 1.01963
1.182 0.692961 1.01982
1.183 0.693981 1.02001
1.184 0.695001 1.0202
1.185 0.696021 1.02038
1.186 0.697042 1.02056
1.187 0.698062 1.02074
1.188 0.699083 1.02092
1.189 0.700104 1.02109
1.19 0.701125 1.02127
1.191 0.702146 1.02144
1.192 0.703168 1.0216
1.193 0.704189 1.02177
1.194 0.705211 1.02193
1.195 0.706233 1.0221
1.196 0.707255 1.02226
1.197 0.708277 1.02241
1.198 0.7093 1.02257
1.199 0.710322 1.02272
1.2 0.711345 1.02287
1.201 0.712368 1.02302
1.202 0.713391 1.02317
1.203 0.714414 1.02331
1.204 0.715437 1.02346
1.205 0.716461 1.0236
1.206 0.717484 1.02374
1.207 0.718508 1.02387
1.208 0.719532 1.02401
1.209 0.720556 1.02414
1.21 0.72158 1.02427
1.211 0.722605 1.02439
1.212 0.723629 1.02452
1.213 0.724653 1.02464
1.214 0.725678 1.02476
1.215 0.726703 1.02488
1.216 0.727728 1.025
1.217 0.728753 1.02511
1.218 0.729778 1.02522
1.219 0.730803 1.02533
1.22 0.731828 1.02544
1.221 0.732854 1.02554
1.222 0.733879 1.02565
1.223 0.734905 1.02575
1.224 0.735931 1.02585
1.225 0.736957 1.02594
1.226 0.737983 1.02604
1.227 0.739009 1.02613
1.228 0.740035 1.02622
1.229 0.741061 1.02631
1.23 0.742087 1.02639
1.231 0.743114 1.02647
1.232 0.74414 1.02655
1.233 0.745167 1.02663
1.234 0.746193 1.02671
1.235 0.74722 1.02678
1.236 0.748247 1.02685
1.237 0.749274 1.02692
1.238 0.750301 1.02699
1.239 0.751328 1.02706
1.24 0.752355 1.02712
1.241 0.753382 1.02718
1.242 0.754409 1.02724
1.243 0.755436 1.02729
1.244 0.756463 1.02735
1.245 0.757491 1.0274
1.246 0.758518 1.02745
1.247 0.759546 1.02749
1.248 0.760573 1.02754
1.249 0.761601 1.02758
1.25 0.762628 1.02762
1.251 0.763656 1.02766
1.252 0.764683 1.02769
1.253 0.765711 1.02773
1.254 0.766739 1.02776
1.255 0.767767 1.02778
1.256 0.768794 1.02781
1.257 0.769822 1.02783
1.258 0.77085 1.02786
1.259 0.771878 1.02788
1.26 0.772906 1.02789
1.261 0.773934 1.02791
1.262 0.774962 1.02792
1.263 0.77599 1.02793
1.264 0.777017 1.02794
1.265 0.778045 1.02794
1.266 0.779073 1.02795
1.267 0.780101 1.02795
1.268 0.781129 1.02794
1.269 0.782157 1.02794
1.27 0.783185 1.02793
1.271 0.784213 1.02793
1.272 0.785241 1.02792
1.273 0.786269 1.0279
1.274 0.787297 1.02789
1.275 0.788325 1.02787
1.276 0.789353 1.02785
1.277 0.79038 1.02783
1.278 0.791408 1.0278
1.279 0.792436 1.02777
1.28 0.793464 1.02774
1.281 0.794492 1.02771
1.282 0.795519 1.02768
1.283 0.796547 1.02764
1.284 0.797575 1.0276
1.285 0.798602 1.02756
1.286 0.79963 1.02752
1.287 0.800657 1.02747
1.288 0.801685 1.02742
1.289 0.802712 1.02737
1.29 0.80374 1.02732
1.291 0.804767 1.02726
1.292 0.805794 1.02721
1.293 0.806821 1.02715
1.294 0.807848 1.02708
1.295 0.808876 1.02702
1.296 0.809903 1.02695
1.297 0.81093 1.02688
1.298 0.811956 1.02681
1.299 0.812983 1.02673
1.3 0.81401 1.02666
1.301 0.815037 1.02658
1.302 0.816063 1.0265
1.303 0.81709 1.02641
1.304 0.818116 1.02633
1.305 0.819142 1.02624
1.306 0.820169 1.02615
1.307 0.821195 1.02605
1.308 0.822221 1.02596
1.309 0.823247 1.02586
1.31 0.824273 1.02576
1.311 0.825298 1.02565
1.312 0.826324 1.02555
1.313 0.82735 1.02544
1.314 0.828375 1.02533
1.315 0.8294 1.02522
1.316 0.830426 1.0251
1.317 0.831451 1.02498
1.318 0.832476 1.02486
1.319 0.833501 1.02474
1.32 0.834525 1.02461
1.321 0.83555 1.02449
1.322 0.836574 1.02436
1.323 0.837599 1.02422
1.324 0.838623 1.02409
1.325 0.839647 1.02395
1.326 0.840671 1.02381
1.327 0.841695 1.02367
1.328 0.842718 1.02353
1.329 0.843742 1.02338
1.33 0.844765 1.02323
1.331 0.845789 1.02308
1.332 0.846812 1.02292
1.333 0.847835 1.02277
1.334 0.848857 1.02261
1.335 0.84988 1.02244
1.336 0.850902 1.02228
1.337 0.851925 1.02211
1.338 0.852947 1.02194
1.339 0.853969 1.02177
1.34 0.854991 1.0216
1.341 0.856012 1.02142
1.342 0.857034 1.02124
1.343 0.858055 1.02106
1.344 0.859076 1.02088
1.345 0.860097 1.02069
1.346 0.861117 1.0205
1.347 0.862138 1.02031
1.348 0.863158 1.02011
1.349 0.864178 1.01992
1.35 0.865198 1.01972
1.351 0.866218 1.01952
1.352 0.867238 1.01931
1.353 0.868257 1.01911
1.354 0.869276 1.0189
1.355 0.870295 1.01869
1.356 0.871314 1.01847
1.357 0.872332 1.01826
1.358 0.87335 1.01804
1.359 0.874368 1.01782
1.36 0.875386 1.01759
1.361 0.876404 1.01736
1.362 0.877421 1.01714
1.363 0.878438 1.0169
1.364 0.879455 1.01667
1.365 0.880472 1.01643
1.366 0.881488 1.01619
1.367 0.882504 1.01595
1.368 0.88352 1.01571
1.369 0.884536 1.01546
1.37 0.885552 1.01521
1.371 0.886567 1.01496
1.372 0.887582 1.01471
1.373 0.888596 1.01445
1.374 0.889611 1.01419
1.375 0.890625 1.01393
1.376 0.891639 1.01366
1.377 0.892653 1.0134
1.378 0.893666 1.01313
1.379 0.894679 1.01285
1.38 0.895692 1.01258
1.381 0.896705 1.0123
1.382 0.897717 1.01202
1.383 0.898729 1.01174
1.384 0.899741 1.01146
1.385 0.900752 1.01117
1.386 0.901763 1.01088
1.387 0.902774 1.01059
1.388 0.903785 1.01029
1.389 0.904795 1.00999
1.39 0.905805 1.00969
1.391 0.906815 1.00939
1.392 0.907824 1.00908
1.393 0.908833 1.00878
1.394 0.909842 1.00847
1.395 0.91085 1.00815
1.396 0.911859 1.00784
1.397 0.912866 1.00752
1.398 0.913874 1.0072
1.399 0.914881 1.00687
1.4 0.915888 1.00655
1.401 0.916895 1.00622
1.402 0.917901 1.00589
1.403 0.918907 1.00555
1.404 0.919912 1.00522
1.405 0.920917 1.00488
1.406 0.921922 1.00454
1.407 0.922927 1.00419
1.408 0.923931 1.00385
1.409 0.924935 1.0035
1.41 0.925938 1.00315
1.411 0.926942 1.00279
1.412 0.927944 1.00243
1.413 0.928947 1.00207
1.414 0.929949 1.00171
1.415 0.930951 1.00135
1.416 0.931952 1.00098
1.417 0.932953 1.00061
1.418 0.933953 1.00024
1.419 0.934954 0.99986
1.42 0.935954 0.999481
1.421 0.936953 0.999101
1.422 0.937952 0.998717
1.423 0.938951 0.998331
1.424 0.939949 0.997943
1.425 0.940947 0.997551
1.426 0.941945 0.997157
1.427 0.942942 0.996761
1.428 0.943939 0.996362
1.429 0.944935 0.99596
1.43 0.945931 0.995555
1.431 0.946927 0.995148
1.432 0.947922 0.994738
1.433 0.948916 0.994326
1.434 0.949911 0.993911
1.435 0.950905 0.993493
1.436 0.951898 0.993073
1.437 0.952891 0.99265
1.438 0.953884 0.992224
1.439 0.954876 0.991796
1.44 0.955868 0.991365
1.441 0.956859 0.990931
1.442 0.95785 0.990495
1.443 0.958841 0.990056
1.444 0.959831 0.989615
1.445 0.96082 0.98917
1.446 0.96181 0.988723
1.447 0.962798 0.988274
1.448 0.963787 0.987822
1.449 0.964774 0.987367
1.45 0.965762 0.986909
1.451 0.966749 0.986449
1.452 0.967735 0.985986
1.453 0.968721 0.98552
1.454 0.969707 0.985052
1.455 0.970692 0.984581
1.456 0.971676 0.984107
1.457 0.97266 0.983631
1.458 0.973644 0.983152
1.459 0.974627 0.98267
1.46 0.97561 0.982185
1.461 0.976592 0.981698
1.462 0.977574 0.981209
1.463 0.978555 0.980716
1.464 0.979536 0.980221
1.465 0.980516 0.979723
1.466 0.981495 0.979222
1.467 0.982475 0.978719
1.468 0.983453 0.978213
1.469 0.984432 0.977704
1.47 0.985409 0.977193
1.471 0.986387 0.976679
1.472 0.987363 0.976162
1.473 0.988339 0.975642
1.474 0.989315 0.97512
1.475 0.99029 0.974595
1.476 0.991265 0.974067
1.477 0.992239 0.973537
1.478 0.993212 0.973004
1.479 0.994185 0.972468
1.48 0.995158 0.97193
1.481 0.99613 0.971388
1.482 0.997101 0.970844
1.483 0.998072 0.970298
1.484 0.999042 0.969748
1.485 1.00001 0.969196
1.486 1.00098 0.968641
1.487 1.00195 0.968083
1.488 1.00292 0.967523
1.489 1.00389 0.96696
1.49 1.00485 0.966394
1.491 1.00582 0.965826
1.492 1.00678 0.965254
1.493 1.00775 0.96468
1.494 1.00871 0.964103
1.495 1.00968 0.963524
1.496 1.01064 0.962942
1.497 1.01161 0.962357
1.498 1.01257 0.961769
1.499 1.01353 0.961178
1.5 1.01449 0.960585
1.501 1.01545 0.959989
1.502 1.01641 0.95939
1.503 1.01737 0.958789
1.504 1.01833 0.958184
1.505 1.01929 0.957577
1.506 1.02024 0.956967
1.507 1.0212 0.956355
1.508 1.02216 0.95574
1.509 1.02311 0.955121
1.51 1.02407 0.954501
1.511 1.02502 0.953877
1.512 1.02598 0.953251
1.513 1.02693 0.952621
1.514 1.02788 0.951989
1.515 1.02884 0.951355
1.516 1.02979 0.950717
1.517 1.03074 0.950077
1.518 1.03169 0.949434
1.519 1.03264 0.948788
1.52 1.03359 0.94814
1.521 1.03453 0.947488
1.522 1.03548 0.946834
1.523 1.03643 0.946177
1.524 1.03737 0.945517
1.525 1.03832 0.944855
1.526 1.03926 0.94419
1.527 1.04021 0.943522
1.528 1.04115 0.942851
1.529 1.0421 0.942177
1.53 1.04304 0.941501
1.531 1.04398 0.940821
1.532 1.04492 0.940139
1.533 1.04586 0.939455
1.534 1.0468 0.938767
1.535 1.04774 0.938076
1.536 1.04868 0.937383
1.537 1.04961 0.936687
1.538 1.05055 0.935988
1.539 1.05149 0.935287
1.54 1.05242 0.934582
1.541 1.05336 0.933875
1.542 1.05429 0.933165
1.543 1.05522 0.932452
1.544 1.05616 0.931736
1.545 1.05709 0.931018
1.546 1.05802 0.930297
1.547 1.05895 0.929573
1.548 1.05988 0.928846
1.549 1.06081 0.928116
1.55 1.06174 0.927383
1.551 1.06266 0.926648
1.552 1.06359 0.92591
1.553 1.06452 0.925169
1.554 1.06544 0.924425
1.555 1.06636 0.923678
1.556 1.06729 0.922929
1.557 1.06821 0.922176
1.558 1.06913 0.921421
1.559 1.07006 0.920663
1.56 1.07098 0.919902
1.561 1.0719 0.919139
1.562 1.07281 0.918372
1.563 1.07373 0.917603
1.564 1.07465 0.916831
1.565 1.07557 0.916056
1.566 1.07648 0.915278
1.567 1.0774 0.914497
1.568 1.07831 0.913714
1.569 1.07923 0.912928
1.57 1.08014 0.912138
1.571 1.08105 0.911346
1.572 1.08196 0.910551
1.573 1.08287 0.909754
1.574 1.08378 0.908953
1.575 1.08469 0.90815
1.576 1.0856 0.907344
1.577 1.08651 0.906534
1.578 1.08741 0.905722
1.579 1.08832 0.904908
1.58 1.08923 0.90409
1.581 1.09013 0.903269
1.582 1.09103 0.902446
1.583 1.09194 0.90162
1.584 1.09284 0.900791
1.585 1.09374 0.899959
1.586 1.09464 0.899124
1.587 1.09554 0.898286
1.588 1.09643 0.897446
1.589 1.09733 0.896602
1.59 1.09823 0.895756
1.591 1.09912 0.894907
1.592 1.10002 0.894055
1.593 1.10091 0.8932
1.594 1.10181 0.892343
1.595 1.1027 0.891482
1.596 1.10359 0.890618
1.597 1.10448 0.889752
1.598 1.10537 0.888883
1.599 1.10626 0.888011
1.6 1.10715 0.887136
1.601 1.10804 0.886258
1.602 1.10892 0.885377
1.603 1.10981 0.884494
1.604 1.11069 0.883607
1.605 1.11157 0.882718
1.606 1.11246 0.881826
1.607 1.11334 0.880931
1.608 1.11422 0.880033
1.609 1.1151 0.879132
1.61 1.11598 0.878228
1.611 1.11686 0.877321
1.612 1.11774 0.876412
1.613 1.11861 0.875499
1.614 1.11949 0.874584
1.615 1.12036 0.873666
1.616 1.12124 0.872745
1.617 1.12211 0.871821
1.618 1.12298 0.870894
1.619 1.12385 0.869964
1.62 1.12472 0.869032
1.621 1.12559 0.868096
1.622 1.12646 0.867158
1.623 1.12732 0.866216
1.624 1.12819 0.865272
1.625 1.12906 0.864325
1.626 1.12992 0.863375
1.627 1.13078 0.862422
1.628 1.13165 0.861466
1.629 1.13251 0.860507
1.63 1.13337 0.859546
1.631 1.13423 0.858581
1.632 1.13509 0.857614
1.633 1.13594 0.856643
1.634 1.1368 0.85567
1.635 1.13766 0.854694
1.636 1.13851 0.853715
1.637 1.13937 0.852733
1.638 1.14022 0.851748
1.639 1.14107 0.85076
1.64 1.14192 0.849769
1.641 1.14277 0.848776
1.642 1.14362 0.847779
1.643 1.14447 0.84678
1.644 1.14531 0.845777
1.645 1.14616 0.844772
1.646 1.147 0.843764
1.647 1.14785 0.842753
1.648 1.14869 0.841739
1.649 1.14953 0.840722
1.65 1.15037 0.839702
1.651 1.15121 0.838679
1.652 1.15205 0.837653
1.653 1.15289 0.836624
1.654 1.15373 0.835593
1.655 1.15456 0.834558
1.656 1.1554 0.833521
1.657 1.15623 0.832481
1.658 1.15706 0.831437
1.659 1.15789 0.830391
1.66 1.15872 0.829342
1.661 1.15955 0.82829
1.662 1.16038 0.827235
1.663 1.16121 0.826177
1.664 1.16203 0.825116
1.665 1.16286 0.824052
1.666 1.16368 0.822986
1.667 1.16451 0.821916
1.668 1.16533 0.820844
1.669 1.16615 0.819768
1.67 1.16697 0.81869
1.671 1.16779 0.817608
1.672 1.16861 0.816524
1.673 1.16942 0.815437
1.674 1.17024 0.814346
1.675 1.17105 0.813253
1.676 1.17187 0.812157
1.677 1.17268 0.811058
1.678 1.17349 0.809956
1.679 1.1743 0.808852
1.68 1.17511 0.807744
1.681 1.17591 0.806633
1.682 1.17672 0.805519
1.683 1.17753 0.804403
1.684 1.17833 0.803283
1.685 1.17913 0.80216
1.686 1.17994 0.801035
1.687 1.18074 0.799907
1.688 1.18154 0.798775
1.689 1.18234 0.797641
1.69 1.18313 0.796504
1.691 1.18393 0.795363
1.692 1.18473 0.79422
1.693 1.18552 0.793074
1.694 1.18631 0.791925
1.695 1.18711 0.790773
1.696 1.1879 0.789618
1.697 1.18869 0.78846
1.698 1.18947 0.787299
1.699 1.19026 0.786136
1.7 1.19105 0.784969
1.701 1.19183 0.783799
1.702 1.19262 0.782626
1.703 1.1934 0.781451
1.704 1.19418 0.780272
1.705 1.19496 0.779091
1.706 1.19574 0.777906
1.707 1.19652 0.776719
1.708 1.19729 0.775528
1.709 1.19807 0.774335
1.71 1.19884 0.773139
1.711 1.19962 0.771939
1.712 1.20039 0.770737
1.713 1.20116 0.769532
1.714 1.20193 0.768324
1.715 1.2027 0.767113
1.716 1.20347 0.765899
1.717 1.20423 0.764682
1.718 1.205 0.763462
1.719 1.20576 0.762239
1.72 1.20652 0.761013
1.721 1.20728 0.759784
1.722 1.20804 0.758552
1.723 1.2088 0.757317
1.724 1.20956 0.75608
1.725 1.21031 0.754839
1.726 1.21107 0.753595
1.727 1.21182 0.752349
1.728 1.21257 0.751099
1.729 1.21333 0.749846
1.73 1.21408 0.748591
1.731 1.21482 0.747332
1.732 1.21557 0.746071
1.733 1.21632 0.744806
1.734 1.21706 0.743539
1.735 1.21781 0.742269
1.736 1.21855 0.740995
1.737 1.21929 0.739719
1.738 1.22003 0.73844
1.739 1.22077 0.737157
1.74 1.2215 0.735872
1.741 1.22224 0.734584
1.742 1.22298 0.733293
1.743 1.22371 0.731999
1.744 1.22444 0.730702
1.745 1.22517 0.729402
1.746 1.2259 0.728099
1.747 1.22663 0.726793
1.748 1.22736 0.725484
1.749 1.22808 0.724172
1.75 1.22881 0.722857
1.751 1.22953 0.721539
1.752 1.23025 0.720218
1.753 1.23097 0.718894
1.754 1.23169 0.717567
1.755 1.23241 0.716238
1.756 1.23312 0.714905
1.757 1.23384 0.713569
1.758 1.23455 0.71223
1.759 1.23526 0.710889
1.76 1.23597 0.709544
1.761 1.23668 0.708196
1.762 1.23739 0.706846
1.763 1.2381 0.705492
1.764 1.2388 0.704136
1.765 1.23951 0.702776
1.766 1.24021 0.701414
1.767 1.24091 0.700048
1.768 1.24161 0.69868
1.769 1.24231 0.697308
1.77 1.24301 0.695934
1.771 1.2437 0.694557
1.772 1.2444 0.693176
1.773 1.24509 0.691793
1.774 1.24578 0.690407
1.775 1.24647 0.689017
1.776 1.24716 0.687625
1.777 1.24785 0.68623
1.778 1.24854 0.684832
1.779 1.24922 0.683431
1.78 1.24991 0.682026
1.781 1.25059 0.680619
1.782 1.25127 0.679209
1.783 1.25195 0.677796
1.784 1.25263 0.67638
1.785 1.2533 0.674961
1.786 1.25398 0.673539
1.787 1.25465 0.672114
1.788 1.25532 0.670686
1.789 1.25599 0.669255
1.79 1.25666 0.667821
1.791 1.25733 0.666384
1.792 1.258 0.664944
1.793 1.25866 0.663502
1.794 1.25932 0.662056
1.795 1.25999 0.660607
1.796 1.26065 0.659155
1.797 1.26131 0.6577
1.798 1.26196 0.656243
1.799 1.26262 0.654782
1.8 1.26328 0.653318
1.801 1.26393 0.651852
1.802 1.26458 0.650382
1.803 1.26523 0.648909
1.804 1.26588 0.647434
1.805 1.26653 0.645955
1.806 1.26717 0.644474
1.807 1.26782 0.642989
1.808 1.26846 0.641502
1.809 1.2691 0.640011
1.81 1.26974 0.638518
1.811 1.27038 0.637021
1.812 1.27102 0.635522
1.813 1.27165 0.63402
1.814 1.27229 0.632514
1.815 1.27292 0.631006
1.816 1.27355 0.629495
1.817 1.27418 0.62798
1.818 1.27481 0.626463
1.819 1.27543 0.624943
1.82 1.27606 0.62342
1.821 1.27668 0.621893
1.822 1.2773 0.620364
1.823 1.27793 0.618832
1.824 1.27854 0.617297
1.825 1.27916 0.615759
1.826 1.27978 0.614218
1.827 1.28039 0.612674
1.828 1.281 0.611127
1.829 1.28162 0.609577
1.83 1.28222 0.608024
1.831 1.28283 0.606468
1.832 1.28344 0.604909
1.833 1.28404 0.603347
1.834 1.28465 0.601783
1.835 1.28525 0.600215
1.836 1.28585 0.598644
1.837 1.28645 0.59707
1.838 1.28705 0.595494
1.839 1.28764 0.593914
1.84 1.28823 0.592331
1.841 1.28883 0.590746
1.842 1.28942 0.589157
1.843 1.29001 0.587565
1.844 1.29059 0.585971
1.845 1.29118 0.584373
1.846 1.29176 0.582773
1.847 1.29235 0.58117
1.848 1.29293 0.579563
1.849 1.29351 0.577954
1.85 1.29409 0.576341
1.851 1.29466 0.574726
1.852 1.29524 0.573108
1.853 1.29581 0.571487
1.854 1.29638 0.569862
1.855 1.29695 0.568235
1.856 1.29752 0.566605
1.857 1.29809 0.564972
1.858 1.29865 0.563336
1.859 1.29921 0.561697
1.86 1.29978 0.560055
1.861 1.30034 0.55841
1.862 1.3009 0.556762
1.863 1.30145 0.555111
1.864 1.30201 0.553457
1.865 1.30256 0.551801
1.866 1.30311 0.550141
1.867 1.30366 0.548478
1.868 1.30421 0.546813
1.869 1.30476 0.545144
1.87 1.3053 0.543472
1.871 1.30585 0.541798
1.872 1.30639 0.54012
1.873 1.30693 0.53844
1.874 1.30747 0.536756
1.875 1.308 0.53507
1.876 1.30854 0.533381
1.877 1.30907 0.531688
1.878 1.3096 0.529993
1.879 1.31013 0.528295
1.88 1.31066 0.526594
1.881 1.31119 0.52489
1.882 1.31171 0.523183
1.883 1.31224 0.521473
1.884 1.31276 0.51976
1.885 1.31328 0.518044
1.886 1.3138 0.516325
1.887 1.31431 0.514603
1.888 1.31483 0.512878
1.889 1.31534 0.511151
1.89 1.31585 0.50942
1.891 1.31636 0.507686
1.892 1.31687 0.50595
1.893 1.31737 0.50421
1.894 1.31788 0.502468
1.895 1.31838 0.500722
1.896 1.31888 0.498974
1.897 1.31938 0.497223
1.898 1.31988 0.495469
1.899 1.32037 0.493712
1.9 1.32087 0.491951
1.901 1.32136 0.490188
1.902 1.32185 0.488422
1.903 1.32234 0.486653
1.904 1.32282 0.484882
1.905 1.32331 0.483107
1.906 1.32379 0.481329
1.907 1.32427 0.479548
1.908 1.32475 0.477765
1.909 1.32523 0.475978
1.91 1.32571 0.474189
1.911 1.32618 0.472396
1.912 1.32665 0.470601
1.913 1.32712 0.468803
1.914 1.32759 0.467002
1.915 1.32806 0.465197
1.916 1.32852 0.46339
1.917 1.32899 0.46158
1.918 1.32945 0.459767
1.919 1.32991 0.457952
1.92 1.33037 0.456133
1.921 1.33082 0.454311
1.922 1.33128 0.452486
1.923 1.33173 0.450659
1.924 1.33218 0.448828
1.925 1.33263 0.446995
1.926 1.33308 0.445159
1.927 1.33352 0.443319
1.928 1.33397 0.441477
1.929 1.33441 0.439632
1.93 1.33485 0.437784
1.931 1.33528 0.435933
1.932 1.33572 0.434079
1.933 1.33615 0.432223
1.934 1.33659 0.430363
1.935 1.33702 0.4285
1.936 1.33745 0.426635
1.937 1.33787 0.424766
1.938 1.3383 0.422895
1.939 1.33872 0.421021
1.94 1.33914 0.419144
1.941 1.33956 0.417264
1.942 1.33998 0.415381
1.943 1.34039 0.413495
1.944 1.34081 0.411606
1.945 1.34122 0.409714
1.946 1.34163 0.40782
1.947 1.34203 0.405922
1.948 1.34244 0.404022
1.949 1.34284 0.402119
1.95 1.34325 0.400212
1.951 1.34365 0.398303
1.952 1.34405 0.396391
1.953 1.34444 0.394476
1.954 1.34484 0.392559
1.955 1.34523 0.390638
1.956 1.34562 0.388714
1.957 1.34601 0.386788
1.958 1.34639 0.384859
1.959 1.34678 0.382926
1.96 1.34716 0.380991
1.961 1.34754 0.379053
1.962 1.34792 0.377112
1.963 1.3483 0.375169
1.964 1.34868 0.373222
1.965 1.34905 0.371272
1.966 1.34942 0.36932
1.967 1.34979 0.367364
1.968 1.35016 0.365406
1.969 1.35052 0.363445
1.97 1.35089 0.361481
1.971 1.35125 0.359514
1.972 1.35161 0.357545
1.973 1.35196 0.355572
1.974 1.35232 0.353597
1.975 1.35267 0.351618
1.976 1.35302 0.349637
1.977 1.35337 0.347653
1.978 1.35372 0.345666
1.979 1.35407 0.343676
1.98 1.35441 0.341683
1.981 1.35475 0.339688
1.982 1.35509 0.337689
1.983 1.35543 0.335688
1.984 1.35577 0.333684
1.985 1.3561 0.331677
1.986 1.35643 0.329667
1.987 1.35676 0.327654
1.988 1.35709 0.325639
1.989 1.35741 0.32362
1.99 1.35774 0.321599
1.991 1.35806 0.319575
1.992 1.35838 0.317548
1.993 1.3587 0.315518
1.994 1.35901 0.313485
1.995 1.35933 0.31145
1.996 1.35964 0.309411
1.997 1.35995 0.30737
1.998 1.36025 0.305326
1.999 1.36056 0.303279
2 1.36086 0.301229
2.001 1.36116 0.299177
2.002 1.36146 0.297121
2.003 1.36176 0.295063
2.004 1.36205 0.293002
2.005 1.36235 0.290938
2.006 1.36264 0.288871
2.007 1.36293 0.286801
2.008 1.36321 0.284729
2.009 1.3635 0.282654
2.01 1.36378 0.280576
2.011 1.36406 0.278495
2.012 1.36434 0.276411
2.013 1.36462 0.274324
2.014 1.36489 0.272235
2.015 1.36516 0.270143
2.016 1.36543 0.268048
2.017 1.3657 0.26595
2.018 1.36597 0.263849
2.019 1.36623 0.261745
2.02 1.36649 0.259639
2.021 1.36675 0.25753
2.022 1.36701 0.255418
2.023 1.36727 0.253303
2.024 1.36752 0.251186
2.025 1.36777 0.249065
2.026 1.36802 0.246942
2.027 1.36827 0.244816
2.028 1.36851 0.242688
2.029 1.36875 0.240556
2.03 1.36899 0.238422
2.031 1.36923 0.236284
2.032 1.36947 0.234144
2.033 1.3697 0.232002
2.034 1.36994 0.229856
2.035 1.37017 0.227708
2.036 1.37039 0.225557
2.037 1.37062 0.223403
2.038 1.37084 0.221246
2.039 1.37106 0.219087
2.04 1.37128 0.216924
2.041 1.3715 0.214759
2.042 1.37171 0.212591
2.043 1.37193 0.210421
2.044 1.37214 0.208247
2.045 1.37235 0.206071
2.046 1.37255 0.203892
2.047 1.37276 0.201711
2.048 1.37296 0.199526
2.049 1.37316 0.197339
2.05 1.37335 0.195149
2.051 1.37355 0.192956
2.052 1.37374 0.190761
2.053 1.37393 0.188562
2.054 1.37412 0.186361
2.055 1.37431 0.184158
2.056 1.37449 0.181951
2.057 1.37467 0.179742
2.058 1.37485 0.17753
2.059 1.37503 0.175315
2.06 1.37521 0.173097
2.061 1.37538 0.170877
2.062 1.37555 0.168654
2.063 1.37572 0.166428
2.064 1.37589 0.1642
2.065 1.37605 0.161968
2.066 1.37621 0.159734
2.067 1.37637 0.157498
2.068 1.37653 0.155258
2.069 1.37668 0.153016
2.07 1.37684 0.150771
2.071 1.37699 0.148523
2.072 1.37714 0.146273
2.073 1.37728 0.14402
2.074 1.37743 0.141764
2.075 1.37757 0.139505
2.076 1.37771 0.137244
2.077 1.37785 0.13498
2.078 1.37798 0.132713
2.079 1.37811 0.130444
2.08 1.37824 0.128172
2.081 1.37837 0.125897
2.082 1.3785 0.123619
2.083 1.37862 0.121339
2.084 1.37874 0.119056
2.085 1.37886 0.11677
2.086 1.37898 0.114482
2.087 1.37909 0.112191
2.088 1.37921 0.109897
2.089 1.37931 0.107601
2.09 1.37942 0.105301
2.091 1.37953 0.103
2.092 1.37963 0.100695
2.093 1.37973 0.0983878
2.094 1.37983 0.0960779
2.095 1.37993 0.0937653
2.096 1.38002 0.09145
2.097 1.38011 0.0891321
2.098 1.3802 0.0868114
2.099 1.38029 0.0844881
2.1 1.38037 0.0821622
2.101 1.38045 0.0798335
2.102 1.38053 0.0775022
2.103 1.38061 0.0751682
2.104 1.38069 0.0728316
2.105 1.38076 0.0704923
2.106 1.38083 0.0681503
2.107 1.3809 0.0658057
2.108 1.38096 0.0634584
2.109 1.38103 0.0611085
2.11 1.38109 0.0587559
2.111 1.38115 0.0564007
2.112 1.3812 0.0540428
2.113 1.38126 0.0516823
2.114 1.38131 0.0493191
2.115 1.38136 0.0469533
2.116 1.38141 0.0445849
2.117 1.38145 0.0422138
2.118 1.38149 0.0398401
2.119 1.38153 0.0374638
2.12 1.38157 0.0350848
2.121 1.3816 0.0327032
2.122 1.38164 0.030319
2.123 1.38167 0.0279321
2.124 1.3817 0.0255427
2.125 1.38172 0.0231506
2.126 1.38174 0.0207559
2.127 1.38176 0.0183586
2.128 1.38178 0.0159586
2.129 1.3818 0.0135561
2.13 1.38181 0.011151
2.131 1.38182 0.00874322
2.132 1.38183 0.00633287
2.133 1.38184 0.00391992
2.134 1.38184 0.00150437
2.135 1.38184 -0.000913768
2.136 1.38184 -0.0033345
2.137 1.38184 -0.00575783
2.138 1.38183 -0.00818374
2.139 1.38183 -0.0106122
2.14 1.38182 -0.0130433
2.141 1.3818 -0.015477
2.142 1.38179 -0.0179132
2.143 1.38177 -0.0203521
2.144 1.38175 -0.0227935
2.145 1.38173 -0.0252374
2.146 1.3817 -0.027684
2.147 1.38167 -0.0301331
2.148 1.38164 -0.0325847
2.149 1.38161 -0.035039
2.15 1.38158 -0.0374958
2.151 1.38154 -0.0399551
2.152 1.3815 -0.042417
2.153 1.38146 -0.0448815
2.154 1.38141 -0.0473485
2.155 1.38136 -0.049818
2.156 1.38131 -0.0522901
2.157 1.38126 -0.0547648
2.158 1.38121 -0.057242
2.159 1.38115 -0.0597217
2.16 1.38109 -0.0622039
2.161 1.38103 -0.0646887
2.162 1.38096 -0.067176
2.163 1.3809 -0.0696659
2.164 1.38083 -0.0721582
2.165 1.38075 -0.0746531
2.166 1.38068 -0.0771505
2.167 1.3806 -0.0796505
2.168 1.38052 -0.0821529
2.169 1.38044 -0.0846579
2.17 1.38036 -0.0871653
2.171 1.38027 -0.0896753
2.172 1.38018 -0.0921878
2.173 1.38009 -0.0947028
2.174 1.37999 -0.0972203
2.175 1.37989 -0.0997402
2.176 1.37979 -0.102263
2.177 1.37969 -0.104788
2.178 1.37959 -0.107315
2.179 1.37948 -0.109845
2.18 1.37937 -0.112377
2.181 1.37926 -0.114912
2.182 1.37914 -0.11745
2.183 1.37903 -0.11999
2.184 1.37891 -0.122532
2.185 1.37878 -0.125077
2.186 1.37866 -0.127624
2.187 1.37853 -0.130174
2.188 1.3784 -0.132726
2.189 1.37827 -0.135281
2.19 1.37813 -0.137838
2.191 1.37799 -0.140397
2.192 1.37785 -0.142959
2.193 1.37771 -0.145524
2.194 1.37757 -0.148091
2.195 1.37742 -0.15066
2.196 1.37727 -0.153232
2.197 1.37711 -0.155806
2.198 1.37696 -0.158383
2.199 1.3768 -0.160962
2.2 1.37664 -0.163543
2.201 1.37647 -0.166127
2.202 1.37631 -0.168714
2.203 1.37614 -0.171302
2.204 1.37597 -0.173894
2.205 1.37579 -0.176487
2.206 1.37562 -0.179083
2.207 1.37544 -0.181682
2.208 1.37526 -0.184283
2.209 1.37507 -0.186886
2.21 1.37489 -0.189491
2.211 1.3747 -0.1921
2.212 1.3745 -0.19471
2.213 1.37431 -0.197323
2.214 1.37411 -0.199938
2.215 1.37391 -0.202556
2.216 1.37371 -0.205176
2.217 1.37351 -0.207798
2.218 1.3733 -0.210423
2.219 1.37309 -0.21305
2.22 1.37287 -0.215679
2.221 1.37266 -0.218311
2.222 1.37244 -0.220946
2.223 1.37222 -0.223582
2.224 1.372 -0.226221
2.225 1.37177 -0.228862
2.226 1.37154 -0.231506
2.227 1.37131 -0.234152
2.228 1.37107 -0.2368
2.229 1.37084 -0.239451
2.23 1.3706 -0.242104
2.231 1.37036 -0.24476
2.232 1.37011 -0.247417
2.233 1.36986 -0.250077
2.234 1.36961 -0.25274
2.235 1.36936 -0.255404
2.236 1.36911 -0.258071
2.237 1.36885 -0.260741
2.238 1.36859 -0.263412
2.239 1.36832 -0.266086
2.24 1.36806 -0.268763
2.241 1.36779 -0.271441
2.242 1.36752 -0.274122
2.243 1.36724 -0.276805
2.244 1.36697 -0.279491
2.245 1.36669 -0.282179
2.246 1.3664 -0.284869
2.247 1.36612 -0.287561
2.248 1.36583 -0.290256
2.249 1.36554 -0.292953
2.25 1.36525 -0.295652
2.251 1.36495 -0.298354
2.252 1.36466 -0.301057
2.253 1.36435 -0.303763
2.254 1.36405 -0.306472
2.255 1.36374 -0.309182
2.256 1.36343 -0.311895
2.257 1.36312 -0.31461
2.258 1.36281 -0.317327
2.259 1.36249 -0.320047
2.26 1.36217 -0.322769
2.261 1.36185 -0.325493
2.262 1.36152 -0.328219
2.263 1.36119 -0.330948
2.264 1.36086 -0.333679
2.265 1.36053 -0.336412
2.266 1.36019 -0.339147
2.267 1.35985 -0.341884
2.268 1.35951 -0.344624
2.269 1.35917 -0.347366
2.27 1.35882 -0.35011
2.271 1.35847 -0.352856
2.272 1.35812 -0.355605
2.273 1.35776 -0.358356
2.274 1.3574 -0.361109
2.275 1.35704 -0.363864
2.276 1.35668 -0.366621
2.277 1.35631 -0.369381
2.278 1.35594 -0.372142
2.279 1.35557 -0.374906
2.28 1.3552 -0.377672
2.281 1.35482 -0.38044
2.282 1.35444 -0.383211
2.283 1.35405 -0.385983
2.284 1.35367 -0.388758
2.285 1.35328 -0.391535
2.286 1.35289 -0.394314
2.287 1.35249 -0.397095
2.288 1.3521 -0.399879
2.289 1.3517 -0.402664
2.29 1.35129 -0.405452
2.291 1.35089 -0.408242
2.292 1.35048 -0.411034
2.293 1.35007 -0.413828
2.294 1.34966 -0.416624
2.295 1.34924 -0.419422
2.296 1.34882 -0.422223
2.297 1.3484 -0.425026
2.298 1.34797 -0.42783
2.299 1.34754 -0.430637
2.3 1.34711 -0.433446
2.301 1.34668 -0.436257
2.302 1.34624 -0.43907
2.303 1.3458 -0.441885
2.304 1.34536 -0.444703
2.305 1.34492 -0.447522
2.306 1.34447 -0.450344
2.307 1.34402 -0.453167
2.308 1.34357 -0.455993
2.309 1.34311 -0.458821
2.31 1.34265 -0.461651
2.311 1.34219 -0.464482
2.312 1.34173 -0.467316
2.313 1.34126 -0.470152
2.314 1.34079 -0.47299
2.315 1.34032 -0.475831
2.316 1.33984 -0.478673
2.317 1.33936 -0.481517
2.318 1.33888 -0.484363
2.319 1.3384 -0.487212
2.32 1.33791 -0.490062
2.321 1.33742 -0.492914
2.322 1.33692 -0.495769
2.323 1.33643 -0.498625
2.324 1.33593 -0.501484
2.325 1.33543 -0.504344
2.326 1.33492 -0.507207
2.327 1.33442 -0.510071
2.328 1.33391 -0.512938
2.329 1.33339 -0.515806
2.33 1.33288 -0.518677
2.331 1.33236 -0.521549
2.332 1.33184 -0.524424
2.333 1.33131 -0.5273
2.334 1.33079 -0.530179
2.335 1.33026 -0.533059
2.336 1.32972 -0.535942
2.337 1.32919 -0.538826
2.338 1.32865 -0.541712
2.339 1.32811 -0.544601
2.34 1.32756 -0.547491
2.341 1.32701 -0.550383
2.342 1.32646 -0.553277
2.343 1.32591 -0.556174
2.344 1.32536 -0.559072
2.345 1.3248 -0.561972
2.346 1.32423 -0.564874
2.347 1.32367 -0.567778
2.348 1.3231 -0.570683
2.349 1.32253 -0.573591
2.35 1.32196 -0.576501
2.351 1.32138 -0.579413
2.352 1.3208 -0.582326
2.353 1.32022 -0.585241
2.354 1.31963 -0.588159
2.355 1.31905 -0.591078
2.356 1.31845 -0.593999
2.357 1.31786 -0.596922
2.358 1.31726 -0.599847
2.359 1.31666 -0.602774
2.36 1.31606 -0.605702
2.361 1.31546 -0.608633
2.362 1.31485 -0.611565
2.363 1.31423 -0.6145
2.364 1.31362 -0.617436
2.365 1.313 -0.620374
2.366 1.31238 -0.623314
2.367 1.31176 -0.626255
2.368 1.31113 -0.629199
2.369 1.3105 -0.632144
2.37 1.30987 -0.635092
2.371 1.30924 -0.638041
2.372 1.3086 -0.640992
2.373 1.30796 -0.643944
2.374 1.30731 -0.646899
2.375 1.30667 -0.649855
2.376 1.30602 -0.652814
2.377 1.30536 -0.655774
2.378 1.30471 -0.658735
2.379 1.30405 -0.661699
2.38 1.30339 -0.664665
2.381 1.30272 -0.667632
2.382 1.30206 -0.670601
2.383 1.30139 -0.673572
2.384 1.30071 -0.676544
2.385 1.30003 -0.679518
2.386 1.29936 -0.682495
2.387 1.29867 -0.685473
2.388 1.29799 -0.688452
2.389 1.2973 -0.691434
2.39 1.29661 -0.694417
2.391 1.29591 -0.697402
2.392 1.29522 -0.700388
2.393 1.29452 -0.703377
2.394 1.29381 -0.706367
2.395 1.29311 -0.709359
2.396 1.2924 -0.712352
2.397 1.29168 -0.715348
2.398 1.29097 -0.718345
2.399 1.29025 -0.721344
2.4 1.28953 -0.724344
2.401 1.2888 -0.727346
2.402 1.28808 -0.73035
2.403 1.28735 -0.733356
2.404 1.28661 -0.736363
2.405 1.28588 -0.739372
2.406 1.28514 -0.742383
2.407 1.2844 -0.745395
2.408 1.28365 -0.748409
2.409 1.2829 -0.751425
2.41 1.28215 -0.754442
2.411 1.2814 -0.757461
2.412 1.28064 -0.760482
2.413 1.27988 -0.763505
2.414 1.27911 -0.766529
2.415 1.27835 -0.769554
2.416 1.27758 -0.772582
2.417 1.27681 -0.77561
2.418 1.27603 -0.778641
2.419 1.27525 -0.781673
2.42 1.27447 -0.784707
2.421 1.27368 -0.787743
2.422 1.2729 -0.79078
2.423 1.27211 -0.793818
2.424 1.27131 -0.796859
2.425 1.27052 -0.7999
2.426 1.26972 -0.802944
2.427 1.26891 -0.805989
2.428 1.26811 -0.809036
2.429 1.2673 -0.812084
2.43 1.26649 -0.815134
2.431 1.26567 -0.818185
2.432 1.26485 -0.821238
2.433 1.26403 -0.824293
2.434 1.26321 -0.827349
2.435 1.26238 -0.830406
2.436 1.26155 -0.833466
2.437 1.26072 -0.836526
2.438 1.25988 -0.839589
2.439 1.25904 -0.842652
2.44 1.2582 -0.845718
2.441 1.25735 -0.848785
2.442 1.2565 -0.851853
2.443 1.25565 -0.854923
2.444 1.2548 -0.857994
2.445 1.25394 -0.861067
2.446 1.25308 -0.864142
2.447 1.25221 -0.867218
2.448 1.25135 -0.870295
2.449 1.25047 -0.873374
2.45 1.2496 -0.876454
2.451 1.24873 -0.879536
2.452 1.24785 -0.88262
2.453 1.24696 -0.885705
2.454 1.24608 -0.888791
2.455 1.24519 -0.891879
2.456 1.2443 -0.894968
2.457 1.2434 -0.898059
2.458 1.2425 -0.901151
2.459 1.2416 -0.904244
2.46 1.2407 -0.907339
2.461 1.23979 -0.910436
2.462 1.23888 -0.913534
2.463 1.23797 -0.916633
2.464 1.23705 -0.919734
2.465 1.23613 -0.922836
2.466 1.23521 -0.925939
2.467 1.23428 -0.929044
2.468 1.23335 -0.932151
2.469 1.23242 -0.935258
2.47 1.23149 -0.938367
2.471 1.23055 -0.941478
2.472 1.22961 -0.94459
2.473 1.22866 -0.947703
2.474 1.22771 -0.950818
2.475 1.22676 -0.953934
2.476 1.22581 -0.957051
2.477 1.22485 -0.96017
2.478 1.22389 -0.96329
2.479 1.22293 -0.966411
2.48 1.22196 -0.969534
2.481 1.22099 -0.972658
2.482 1.22002 -0.975783
2.483 1.21904 -0.97891
2.484 1.21806 -0.982038
2.485 1.21708 -0.985168
2.486 1.2161 -0.988298
2.487 1.21511 -0.99143
2.488 1.21412 -0.994563
2.489 1.21312 -0.997698
2.49 1.21213 -1.00083
2.491 1.21112 -1.00397
2.492 1.21012 -1.00711
2.493 1.20911 -1.01025
2.494 1.2081 -1.01339
2.495 1.20709 -1.01653
2.496 1.20607 -1.01968
2.497 1.20505 -1.02282
2.498 1.20403 -1.02597
2.499 1.203 -1.02911
2.5 1.20198 -1.03226
2.501 1.20094 -1.03541
2.502 1.19991 -1.03856
2.503 1.19887 -1.04172
2.504 1.19783 -1.04487
2.505 1.19678 -1.04802
2.506 1.19573 -1.05118
2.507 1.19468 -1.05434
2.508 1.19363 -1.05749
2.509 1.19257 -1.06065
2.51 1.19151 -1.06381
2.511 1.19045 -1.06698
2.512 1.18938 -1.07014
2.513 1.18831 -1.0733
2.514 1.18724 -1.07647
2.515 1.18616 -1.07963
2.516 1.18508 -1.0828
2.517 1.184 -1.08597
2.518 1.18291 -1.08914
2.519 1.18182 -1.09231
2.52 1.18073 -1.09548
2.521 1.17964 -1.09866
2.522 1.17854 -1.10183
2.523 1.17743 -1.10501
2.524 1.17633 -1.10818
2.525 1.17522 -1.11136
2.526 1.17411 -1.11454
2.527 1.173 -1.11772
2.528 1.17188 -1.1209
2.529 1.17076 -1.12408
2.53 1.16963 -1.12727
2.531 1.16851 -1.13045
2.532 1.16738 -1.13364
2.533 1.16624 -1.13682
2.534 1.1651 -1.14001
2.535 1.16396 -1.1432
2.536 1.16282 -1.14639
2.537 1.16168 -1.14958
2.538 1.16053 -1.15277
2.539 1.15937 -1.15596
2.54 1.15822 -1.15916
2.541 1.15706 -1.16235
2.542 1.1559 -1.16555
2.543 1.15473 -1.16874
2.544 1.15356 -1.17194
2.545 1.15239 -1.17514
2.546 1.15121 -1.17834
2.547 1.15004 -1.18154
2.548 1.14885 -1.18474
2.549 1.14767 -1.18795
2.55 1.14648 -1.19115
2.551 1.14529 -1.19435
2.552 1.1441 -1.19756
2.553 1.1429 -1.20077
2.554 1.1417 -1.20397
2.555 1.14049 -1.20718
2.556 1.13929 -1.21039
2.557 1.13808 -1.2136
2.558 1.13686 -1.21681
2.559 1.13565 -1.22003
2.56 1.13443 -1.22324
2.561 1.1332 -1.22645
2.562 1.13198 -1.22967
2.563 1.13075 -1.23288
2.564 1.12951 -1.2361
2.565 1.12828 -1.23932
2.566 1.12704 -1.24254
2.567 1.1258 -1.24576
2.568 1.12455 -1.24898
2.569 1.1233 -1.2522
2.57 1.12205 -1.25542
2.571 1.12079 -1.25864
2.572 1.11953 -1.26187
2.573 1.11827 -1.26509
2.574 1.11701 -1.26832
2.575 1.11574 -1.27154
2.576 1.11447 -1.27477
2.577 1.11319 -1.278
2.578 1.11191 -1.28123
2.579 1.11063 -1.28446
2.58 1.10935 -1.28769
2.581 1.10806 -1.29092
2.582 1.10677 -1.29415
2.583 1.10548 -1.29738
2.584 1.10418 -1.30062
2.585 1.10288 -1.30385
2.586 1.10157 -1.30708
2.587 1.10027 -1.31032
2.588 1.09896 -1.31356
2.589 1.09764 -1.31679
2.59 1.09633 -1.32003
2.591 1.09501 -1.32327
2.592 1.09368 -1.32651
2.593 1.09236 -1.32975
2.594 1.09103 -1.33299
2.595 1.08969 -1.33623
2.596 1.08836 -1.33948
2.597 1.08702 -1.34272
2.598 1.08568 -1.34596
2.599 1.08433 -1.34921
2.6 1.08298 -1.35245
2.601 1.08163 -1.3557
2.602 1.08027 -1.35895
2.603 1.07891 -1.36219
2.604 1.07755 -1.36544
2.605 1.07619 -1.36869
2.606 1.07482 -1.37194
2.607 1.07345 -1.37519
2.608 1.07207 -1.37844
2.609 1.07069 -1.38169
2.61 1.06931 -1.38494
2.611 1.06792 -1.38819
2.612 1.06654 -1.39145
2.613 1.06515 -1.3947
2.614 1.06375 -1.39795
2.615 1.06235 -1.40121
2.616 1.06095 -1.40446
2.617 1.05955 -1.40772
2.618 1.05814 -1.41098
2.619 1.05673 -1.41423
2.62 1.05531 -1.41749
2.621 1.0539 -1.42075
2.622 1.05248 -1.42401
2.623 1.05105 -1.42727
2.624 1.04962 -1.43053
2.625 1.04819 -1.43379
2.626 1.04676 -1.43705
2.627 1.04532 -1.44031
2.628 1.04388 -1.44357
2.629 1.04244 -1.44684
2.63 1.04099 -1.4501
2.631 1.03954 -1.45336
2.632 1.03809 -1.45663
2.633 1.03663 -1.45989
2.634 1.03517 -1.46316
2.635 1.03371 -1.46642
2.636 1.03224 -1.46969
2.637 1.03077 -1.47296
2.638 1.0293 -1.47622
2.639 1.02782 -1.47949
2.64 1.02634 -1.48276
2.641 1.02486 -1.48603
2.642 1.02338 -1.48929
2.643 1.02189 -1.49256
2.644 1.02039 -1.49583
2.645 1.0189 -1.4991
2.646 1.0174 -1.50237
2.647 1.0159 -1.50564
2.648 1.01439 -1.50892
2.649 1.01288 -1.51219
2.65 1.01137 -1.51546
2.651 1.00985 -1.51873
2.652 1.00834 -1.522
2.653 1.00681 -1.52528
2.654 1.00529 -1.52855
2.655 1.00376 -1.53183
2.656 1.00223 -1.5351
2.657 1.00069 -1.53837
2.658 0.999154 -1.54165
2.659 0.997613 -1.54492
2.66 0.996068 -1.5482
2.661 0.99452 -1.55148
2.662 0.992968 -1.55475
2.663 0.991413 -1.55803
2.664 0.989855 -1.5613
2.665 0.988294 -1.56458
2.666 0.986729 -1.56786
2.667 0.985162 -1.57114
2.668 0.98359 -1.57441
2.669 0.982016 -1.57769
2.67 0.980438 -1.58097
2.671 0.978857 -1.58425
2.672 0.977273 -1.58753
2.673 0.975686 -1.59081
2.674 0.974095 -1.59409
2.675 0.972501 -1.59737
2.676 0.970903 -1.60065
2.677 0.969303 -1.60393
2.678 0.967699 -1.60721
2.679 0.966092 -1.61049
2.68 0.964481 -1.61377
2.681 0.962867 -1.61705
2.682 0.96125 -1.62033
2.683 0.95963 -1.62361
2.684 0.958006 -1.62689
2.685 0.956379 -1.63017
2.686 0.954749 -1.63346
2.687 0.953116 -1.63674
2.688 0.951479 -1.64002
2.689 0.949839 -1.6433
2.69 0.948196 -1.64659
2.691 0.946549 -1.64987
2.692 0.944899 -1.65315
2.693 0.943246 -1.65643
2.694 0.94159 -1.65972
2.695 0.93993 -1.663
2.696 0.938267 -1.66628
2.697 0.936601 -1.66956
2.698 0.934931 -1.67285
2.699 0.933258 -1.67613
2.7 0.931582 -1.67941
2.701 0.929903 -1.6827
2.702 0.92822 -1.68598
2.703 0.926534 -1.68926
2.704 0.924845 -1.69255
2.705 0.923152 -1.69583
2.706 0.921456 -1.69911
2.707 0.919757 -1.7024
2.708 0.918055 -1.70568
2.709 0.916349 -1.70897
2.71 0.91464 -1.71225
2.711 0.912928 -1.71553
2.712 0.911213 -1.71882
2.713 0.909494 -1.7221
2.714 0.907772 -1.72538
2.715 0.906046 -1.72867
2.716 0.904318 -1.73195
2.717 0.902586 -1.73523
2.718 0.90085 -1.73852
2.719 0.899112 -1.7418
2.72 0.89737 -1.74508
2.721 0.895625 -1.74837
2.722 0.893877 -1.75165
2.723 0.892125 -1.75493
2.724 0.89037 -1.75822
2.725 0.888612 -1.7615
2.726 0.88685 -1.76478
2.727 0.885086 -1.76806
2.728 0.883317 -1.77135
2.729 0.881546 -1.77463
2.73 0.879771 -1.77791
2.731 0.877994 -1.78119
2.732 0.876212 -1.78447
2.733 0.874428 -1.78776
2.734 0.87264 -1.79104
2.735 0.870849 -1.79432
2.736 0.869055 -1.7976
2.737 0.867257 -1.80088
2.738 0.865456 -1.80416
2.739 0.863652 -1.80744
2.74 0.861845 -1.81072
2.741 0.860034 -1.814
2.742 0.85822 -1.81728
2.743 0.856403 -1.82056
2.744 0.854582 -1.82384
2.745 0.852758 -1.82712
2.746 0.850931 -1.8304
2.747 0.849101 -1.83368
2.748 0.847267 -1.83696
2.749 0.84543 -1.84024
2.75 0.84359 -1.84352
2.751 0.841746 -1.84679
2.752 0.8399 -1.85007
2.753 0.838049 -1.85335
2.754 0.836196 -1.85663
2.755 0.834339 -1.8599
2.756 0.83248 -1.86318
2.757 0.830616 -1.86646
2.758 0.82875 -1.86973
2.759 0.82688 -1.87301
2.76 0.825007 -1.87628
2.761 0.823131 -1.87956
2.762 0.821251 -1.88283
2.763 0.819369 -1.8861
2.764 0.817482 -1.88938
2.765 0.815593 -1.89265
2.766 0.8137 -1.89592
2.767 0.811804 -1.8992
2.768 0.809905 -1.90247
2.769 0.808003 -1.90574
2.77 0.806097 -1.90901
2.771 0.804188 -1.91228
2.772 0.802276 -1.91555
2.773 0.80036 -1.91882
2.774 0.798441 -1.92209
2.775 0.796519 -1.92536
2.776 0.794594 -1.92863
2.777 0.792665 -1.9319
2.778 0.790733 -1.93517
2.779 0.788798 -1.93843
2.78 0.78686 -1.9417
2.781 0.784918 -1.94497
2.782 0.782973 -1.94823
2.783 0.781025 -1.9515
2.784 0.779073 -1.95476
2.785 0.777119 -1.95803
2.786 0.775161 -1.96129
2.787 0.773199 -1.96456
2.788 0.771235 -1.96782
2.789 0.769267 -1.97108
2.79 0.767296 -1.97434
2.791 0.765322 -1.9776
2.792 0.763344 -1.98086
2.793 0.761363 -1.98412
2.794 0.759379 -1.98738
2.795 0.757392 -1.99064
2.796 0.755401 -1.9939
2.797 0.753407 -1.99716
2.798 0.75141 -2.00041
2.799 0.749409 -2.00367
2.8 0.747406 -2.00693
2.801 0.745399 -2.01018
2.802 0.743389 -2.01344
2.803 0.741375 -2.01669
2.804 0.739359 -2.01994
2.805 0.737339 -2.0232
2.806 0.735315 -2.02645
2.807 0.733289 -2.0297
2.808 0.731259 -2.03295
2.809 0.729226 -2.0362
2.81 0.72719 -2.03945
2.811 0.725151 -2.0427
2.812 0.723108 -2.04594
2.813 0.721062 -2.04919
2.814 0.719013 -2.05244
2.815 0.71696 -2.05568
2.816 0.714905 -2.05893
2.817 0.712846 -2.06217
2.818 0.710784 -2.06542
2.819 0.708718 -2.06866
2.82 0.70665 -2.0719
2.821 0.704578 -2.07514
2.822 0.702503 -2.07838
2.823 0.700424 -2.08162
2.824 0.698342 -2.08486
2.825 0.696258 -2.0881
2.826 0.69417 -2.09133
2.827 0.692078 -2.09457
2.828 0.689984 -2.09781
2.829 0.687886 -2.10104
2.83 0.685785 -2.10427
2.831 0.683681 -2.10751
2.832 0.681573 -2.11074
2.833 0.679462 -2.11397
2.834 0.677348 -2.1172
2.835 0.675231 -2.12043
2.836 0.673111 -2.12366
2.837 0.670987 -2.12689
2.838 0.66886 -2.13011
2.839 0.66673 -2.13334
2.84 0.664597 -2.13656
2.841 0.66246 -2.13979
2.842 0.66032 -2.14301
2.843 0.658177 -2.14623
2.844 0.656031 -2.14946
2.845 0.653882 -2.15268
2.846 0.651729 -2.15589
2.847 0.649573 -2.15911
2.848 0.647414 -2.16233
2.849 0.645252 -2.16555
2.85 0.643086 -2.16876
2.851 0.640917 -2.17198
2.852 0.638745 -2.17519
2.853 0.63657 -2.1784
2.854 0.634392 -2.18161
2.855 0.63221 -2.18482
2.856 0.630025 -2.18803
2.857 0.627837 -2.19124
2.858 0.625646 -2.19445
2.859 0.623452 -2.19766
2.86 0.621254 -2.20086
2.861 0.619053 -2.20406
2.862 0.616849 -2.20727
2.863 0.614642 -2.21047
2.864 0.612431 -2.21367
2.865 0.610218 -2.21687
2.866 0.608001 -2.22007
2.867 0.605781 -2.22327
2.868 0.603557 -2.22646
2.869 0.601331 -2.22966
2.87 0.599101 -2.23285
2.871 0.596868 -2.23604
2.872 0.594632 -2.23924
2.873 0.592393 -2.24243
2.874 0.590151 -2.24562
2.875 0.587905 -2.24881
2.876 0.585656 -2.25199
2.877 0.583404 -2.25518
2.878 0.581149 -2.25836
2.879 0.578891 -2.26155
2.88 0.576629 -2.26473
2.881 0.574364 -2.26791
2.882 0.572097 -2.27109
2.883 0.569825 -2.27427
2.884 0.567551 -2.27745
2.885 0.565274 -2.28062
2.886 0.562993 -2.2838
2.887 0.560709 -2.28697
2.888 0.558422 -2.29014
2.889 0.556132 -2.29331
2.89 0.553839 -2.29648
2.891 0.551542 -2.29965
2.892 0.549243 -2.30282
2.893 0.54694 -2.30598
2.894 0.544634 -2.30915
2.895 0.542325 -2.31231
2.896 0.540012 -2.31547
2.897 0.537697 -2.31863
2.898 0.535378 -2.32179
2.899 0.533057 -2.32495
2.9 0.530732 -2.32811
2.901 0.528404 -2.33126
2.902 0.526072 -2.33442
2.903 0.523738 -2.33757
2.904 0.5214 -2.34072
2.905 0.51906 -2.34387
2.906 0.516716 -2.34702
2.907 0.514369 -2.35016
2.908 0.512019 -2.35331
2.909 0.509665 -2.35645
2.91 0.507309 -2.35959
2.911 0.504949 -2.36273
2.912 0.502586 -2.36587
2.913 0.500221 -2.36901
2.914 0.497852 -2.37215
2.915 0.495479 -2.37528
2.916 0.493104 -2.37842
2.917 0.490726 -2.38155
2.918 0.488344 -2.38468
2.919 0.485959 -2.38781
2.92 0.483572 -2.39094
2.921 0.481181 -2.39406
2.922 0.478787 -2.39719
2.923 0.476389 -2.40031
2.924 0.473989 -2.40343
2.925 0.471586 -2.40655
2.926 0.469179 -2.40967
2.927 0.46677 -2.41278
2.928 0.464357 -2.4159
2.929 0.461941 -2.41901
2.93 0.459522 -2.42212
2.931 0.4571 -2.42523
2.932 0.454674 -2.42834
2.933 0.452246 -2.43145
2.934 0.449815 -2.43455
2.935 0.44738 -2.43766
2.936 0.444942 -2.44076
2.937 0.442502 -2.44386
2.938 0.440058 -2.44696
2.939 0.437611 -2.45006
2.94 0.435161 -2.45315
2.941 0.432708 -2.45624
2.942 0.430251 -2.45934
2.943 0.427792 -2.46243
2.944 0.42533 -2.46551
2.945 0.422864 -2.4686
2.946 0.420396 -2.47169
2.947 0.417924 -2.47477
2.948 0.415449 -2.47785
2.949 0.412971 -2.48093
2.95 0.41049 -2.48401
2.951 0.408006 -2.48709
2.952 0.405519 -2.49016
2.953 0.403029 -2.49323
2.954 0.400536 -2.4963
2.955 0.39804 -2.49937
2.956 0.39554 -2.50244
2.957 0.393038 -2.5055
2.958 0.390532 -2.50857
2.959 0.388024 -2.51163
2.96 0.385512 -2.51469
2.961 0.382997 -2.51775
2.962 0.38048 -2.5208
2.963 0.377959 -2.52386
2.964 0.375435 -2.52691
2.965 0.372908 -2.52996
2.966 0.370378 -2.53301
2.967 0.367845 -2.53606
2.968 0.365309 -2.5391
2.969 0.36277 -2.54215
2.97 0.360228 -2.54519
2.971 0.357683 -2.54823
2.972 0.355134 -2.55126
2.973 0.352583 -2.5543
2.974 0.350029 -2.55733
2.975 0.347471 -2.56036
2.976 0.344911 -2.56339
2.977 0.342348 -2.56642
2.978 0.339781 -2.56944
2.979 0.337212 -2.57247
2.98 0.334639 -2.57549
2.981 0.332064 -2.57851
2.982 0.329485 -2.58153
2.983 0.326904 -2.58454
2.984 0.324319 -2.58755
2.985 0.321732 -2.59057
2.986 0.319141 -2.59358
2.987 0.316548 -2.59658
2.988 0.313951 -2.59959
2.989 0.311351 -2.60259
2.99 0.308749 -2.60559
2.991 0.306143 -2.60859
2.992 0.303535 -2.61159
2.993 0.300923 -2.61458
2.994 0.298308 -2.61757
2.995 0.295691 -2.62056
2.996 0.29307 -2.62355
2.997 0.290447 -2.62654
2.998 0.28782 -2.62952
2.999 0.285191 -2.6325
3 0.282558 -2.63548
3.001 0.279923 -2.63846
