Matrix A: 
-93.306	-0.0340072	0.0381271	-0.0155027	-0.058747	-0.0499743	0.0273117	0.0727245	-0.0396689	-0.0950152	
-0.0270015	53.0762	-0.0364279	-0.0728543	-0.0786509	0.0521343	-0.0836655	0.0101912	0.0129304	0.0486541	
0.096352	-0.05623	-9.12082	0.0037308	0.0147683	0.0110462	0.0457093	0.0257748	0.0592256	0.0167432	
-0.0450467	0.0659196	0.082736	93.0804	-0.049583	-0.076011	-0.0568939	0.0777287	0.0967135	0.00343724	
0.0827134	-0.0302879	-0.0434866	-0.0537145	-3.14227	-0.0221375	0.0984198	0.0131922	0.0880537	0.0113502	
-0.0381537	0.0844058	0.0551201	0.0527255	-0.0118634	-30.1115	-0.0362283	-0.0661542	0.0956633	-0.0770027	
0.050589	-0.0493834	0.0889169	0.033325	-0.056303	-0.0606661	57.314	-0.0131969	-0.0829375	0.0540275	
0.0902404	0.099776	-0.0762604	-0.0532462	-0.0539385	0.0205973	0.0246163	-55.5187	-0.0662105	0.01267	
0.0558315	-0.00436421	-0.00292421	0.0109516	-0.0516387	0.0852124	0.0808401	0.0121329	-80.9418	0.0765034	
0.0351302	0.0696472	-0.07288	0.0240472	0.00297216	-0.029183	0.063381	-0.0397138	0.0576201	80.4436	

b:-93.306	
-0.0340072	
0.0381271	
-0.0155027	
-0.058747	
-0.0499743	
0.0273117	
0.0727245	
-0.0396689	
-0.0950152	


Solución usando Jacobi 0.999975	
-6.0343e-05	
0.00646062	
0.000334373	
0.0449365	
0.000394781	
-0.000368577	
0.000260738	
0.00114956	
-0.00161395	

(N_iterations) = 3
Error:
2.56625e-09


Solución usando Gauss-Seidel 
0.999975	
-6.0343e-05	
0.00646062	
0.000334373	
0.0449365	
0.000394781	
-0.000368577	
0.000260738	
0.00114956	
-0.00161395	
(N_iterations) = 3
Error:
2.56625e-09


Solución usando método LU 
0.999975	
-6.0343e-05	
0.00646062	
0.000334373	
0.0449365	
0.000394781	
-0.000368577	
0.000260738	
0.00114956	
-0.00161395	

Error:
1.42109e-14


Solución analítica: (x = !A *b ) 
0.999975	
-6.0343e-05	
0.00646062	
0.000334373	
0.0449365	
0.000394781	
-0.000368577	
0.000260738	
0.00114956	
-0.00161395	

