-3 1.59872e-14
-2.9 1.77636e-15
-2.8 4.77396e-15
-2.7 3.77476e-15
-2.6 2.9976e-15
-2.5 3.66374e-15
-2.4 7.77156e-15
-2.3 1.37668e-14
-2.2 2.18714e-14
-2.1 3.16414e-14
-2 4.28546e-14
-1.9 5.54001e-14
-1.8 6.86118e-14
-1.7 8.26006e-14
-1.6 9.64784e-14
-1.5 1.08691e-13
-1.4 1.18572e-13
-1.3 1.24567e-13
-1.2 1.2601e-13
-1.1 1.22458e-13
-1 1.13576e-13
-0.9 1.00142e-13
-0.8 8.32667e-14
-0.7 6.4837e-14
-0.6 4.65183e-14
-0.5 2.9976e-14
-0.4 1.68199e-14
-0.3 7.66054e-15
-0.2 2.35922e-15
-0.1 3.05311e-16
1.52656e-15 1.97215e-31
0.1 3.05311e-16
0.2 2.35922e-15
0.3 7.60503e-15
0.4 1.68199e-14
0.5 2.9976e-14
0.6 4.64073e-14
0.7 6.4837e-14
0.8 8.33777e-14
0.9 1.00142e-13
1 1.13465e-13
1.1 1.22458e-13
1.2 1.25899e-13
1.3 1.24567e-13
1.4 1.18239e-13
1.5 1.08802e-13
1.6 9.65894e-14
1.7 8.27116e-14
1.8 6.88338e-14
1.9 5.54001e-14
2 4.29656e-14
2.1 3.18634e-14
2.2 2.19824e-14
2.3 1.37668e-14
2.4 7.77156e-15
2.5 3.77476e-15
2.6 2.88658e-15
2.7 3.55271e-15
2.8 4.77396e-15
2.9 1.9984e-15
