-3.000000000 -0.999977910
-2.900000000 -0.999958902
-2.800000000 -0.999924987
-2.700000000 -0.999865667
-2.600000000 -0.999763966
-2.500000000 -0.999593048
-2.400000000 -0.999311486
-2.300000000 -0.998856823
-2.200000000 -0.998137154
-2.100000000 -0.997020533
-2.000000000 -0.995322265
-1.900000000 -0.992790429
-1.800000000 -0.989090502
-1.700000000 -0.983790459
-1.600000000 -0.976348383
-1.500000000 -0.966105146
-1.400000000 -0.952285120
-1.300000000 -0.934007945
-1.200000000 -0.910313978
-1.100000000 -0.880205070
-1.000000000 -0.842700793
-0.900000000 -0.796908212
-0.800000000 -0.742100965
-0.700000000 -0.677801194
-0.600000000 -0.603856091
-0.500000000 -0.520499878
-0.400000000 -0.428392355
-0.300000000 -0.328626759
-0.200000000 -0.222702589
-0.100000000 -0.112462916
0.000000000 0.000000000
0.100000000 0.112462916
0.200000000 0.222702589
0.300000000 0.328626759
0.400000000 0.428392355
0.500000000 0.520499878
0.600000000 0.603856091
0.700000000 0.677801194
0.800000000 0.742100965
0.900000000 0.796908212
1.000000000 0.842700793
1.100000000 0.880205070
1.200000000 0.910313978
1.300000000 0.934007945
1.400000000 0.952285120
1.500000000 0.966105146
1.600000000 0.976348383
1.700000000 0.983790459
1.800000000 0.989090502
1.900000000 0.992790429
2.000000000 0.995322265
2.100000000 0.997020533
2.200000000 0.998137154
2.300000000 0.998856823
2.400000000 0.999311486
2.500000000 0.999593048
2.600000000 0.999763966
2.700000000 0.999865667
2.800000000 0.999924987
2.900000000 0.999958902
