-93.306 -34.0072 38.1271 -15.5027 -58.747 -49.9743 27.3117 72.7245 -39.6689 -95.0152
-27.0015 53.0762 -36.4279 -72.8543 -78.6509 52.1343 -83.6655 10.1912 12.9304 48.6541
96.352 -56.23 -9.12082 3.7308 14.7683 11.0462 45.7093 25.7748 59.2256 16.7432
-45.0467 65.9196 82.736 93.0804 -49.583 -76.011 -56.8939 77.7287 96.7135 3.43724
82.7134 -30.2879 -43.4866 -53.7145 -3.14227 -22.1375 98.4198 13.1922 88.0537 11.3502
-38.1537 84.4058 55.1201 52.7255 -11.8634 -30.1115 -36.2283 -66.1542 95.6633 -77.0027
50.589 -49.3834 88.9169 33.325 -56.303 -60.6661 57.314 -13.1969 -82.9375 54.0275
90.2404 99.776 -76.2604 -53.2462 -53.9385 20.5973 24.6163 -55.5187 -66.2105 12.67
55.8315 -4.36421 -2.92421 10.9516 -51.6387 85.2124 80.8401 12.1329 -80.9418 76.5034
35.1302 69.6472 -72.88 24.0472 2.97216 -29.183 63.381 -39.7138 57.6201 80.4436

-93.306
-34.0072
38.1271
-15.5027
-58.747
-49.9743
27.3117
72.7245
-39.6689
-95.0152
