0.005 -1.5932 -1.27551
0.01 -1.44405 -1.14148
0.015 -1.3571 -1.06646
0.02 -1.29563 -1.01526
0.025 -1.24811 -0.976956
0.03 -1.20944 -0.946745
0.035 -1.17687 -0.922073
0.04 -1.14879 -0.901431
0.045 -1.12412 -0.883849
0.05 -1.10217 -0.86867
0.055 -1.08242 -0.855429
0.06 -1.06448 -0.843782
0.065 -1.04807 -0.833472
0.07 -1.03297 -0.824298
0.075 -1.019 -0.816102
0.08 -1.00602 -0.808759
0.085 -0.993917 -0.802164
0.09 -0.982584 -0.796233
0.095 -0.971946 -0.790895
0.1 -0.961933 -0.78609
0.105 -0.952487 -0.781769
0.11 -0.943558 -0.777886
0.115 -0.935103 -0.774405
0.12 -0.927082 -0.771294
0.125 -0.919463 -0.768524
0.13 -0.912216 -0.76607
0.135 -0.905316 -0.76391
0.14 -0.898739 -0.762024
0.145 -0.892464 -0.760396
0.15 -0.886473 -0.75901
0.155 -0.880748 -0.757852
0.16 -0.875275 -0.75691
0.165 -0.87004 -0.756172
0.17 -0.86503 -0.755628
0.175 -0.860234 -0.75527
0.18 -0.855642 -0.755088
0.185 -0.851243 -0.755075
0.19 -0.84703 -0.755224
0.195 -0.842993 -0.755529
0.2 -0.839126 -0.755984
0.205 -0.835421 -0.756583
0.21 -0.831873 -0.757323
0.215 -0.828474 -0.758197
0.22 -0.825221 -0.759203
0.225 -0.822107 -0.760337
0.23 -0.819128 -0.761594
0.235 -0.81628 -0.762972
0.24 -0.813558 -0.764469
0.245 -0.810958 -0.76608
0.25 -0.808478 -0.767803
0.255 -0.806112 -0.769638
0.26 -0.803859 -0.77158
0.265 -0.801716 -0.773628
0.27 -0.799679 -0.775781
0.275 -0.797746 -0.778037
0.28 -0.795914 -0.780395
0.285 -0.794182 -0.782852
0.29 -0.792547 -0.785408
0.295 -0.791007 -0.788062
0.3 -0.78956 -0.790812
0.305 -0.788204 -0.793659
0.31 -0.786938 -0.7966
0.315 -0.78576 -0.799635
0.32 -0.784669 -0.802764
0.325 -0.783662 -0.805986
0.33 -0.78274 -0.809301
0.335 -0.7819 -0.812708
0.34 -0.781142 -0.816207
0.345 -0.780464 -0.819798
0.35 -0.779866 -0.82348
0.355 -0.779346 -0.827254
0.36 -0.778904 -0.831119
0.365 -0.778539 -0.835075
0.37 -0.77825 -0.839124
0.375 -0.778036 -0.843264
0.38 -0.777896 -0.847496
0.385 -0.777831 -0.85182
0.39 -0.77784 -0.856237
0.395 -0.777922 -0.860747
0.4 -0.778076 -0.865351
0.405 -0.778303 -0.870048
0.41 -0.778601 -0.874841
0.415 -0.778971 -0.879728
0.42 -0.779413 -0.884712
0.425 -0.779926 -0.889792
0.43 -0.780509 -0.89497
0.435 -0.781164 -0.900247
0.44 -0.781889 -0.905623
0.445 -0.782685 -0.911099
0.45 -0.783551 -0.916676
0.455 -0.784488 -0.922357
0.46 -0.785496 -0.928141
0.465 -0.786575 -0.93403
0.47 -0.787724 -0.940025
0.475 -0.788945 -0.946128
0.48 -0.790237 -0.952341
0.485 -0.7916 -0.958664
0.49 -0.793035 -0.965099
0.495 -0.794543 -0.971649
0.5 -0.796123 -0.978314
0.505 -0.797775 -0.985097
0.51 -0.799501 -0.992
0.515 -0.801301 -0.999024
0.52 -0.803175 -1.00617
0.525 -0.805125 -1.01345
0.53 -0.807149 -1.02085
0.535 -0.80925 -1.02838
0.54 -0.811427 -1.03605
0.545 -0.813682 -1.04385
0.55 -0.816015 -1.05179
0.555 -0.818427 -1.05987
0.56 -0.820919 -1.0681
0.565 -0.823492 -1.07647
0.57 -0.826147 -1.085
0.575 -0.828885 -1.09368
0.58 -0.831707 -1.10252
0.585 -0.834613 -1.11152
0.59 -0.837607 -1.12068
0.595 -0.840687 -1.13002
0.6 -0.843856 -1.13953
0.605 -0.847116 -1.14922
0.61 -0.850467 -1.15909
0.615 -0.853912 -1.16915
0.62 -0.857451 -1.17941
0.625 -0.861087 -1.18986
0.63 -0.864821 -1.20052
0.635 -0.868655 -1.21139
0.64 -0.87259 -1.22248
0.645 -0.87663 -1.2338
0.65 -0.880777 -1.24534
0.655 -0.885031 -1.25713
0.66 -0.889396 -1.26916
0.665 -0.893875 -1.28145
0.67 -0.898469 -1.29401
0.675 -0.903181 -1.30684
0.68 -0.908015 -1.31995
0.685 -0.912973 -1.33336
0.69 -0.918059 -1.34708
0.695 -0.923275 -1.36112
0.7 -0.928626 -1.37549
0.705 -0.934115 -1.3902
0.71 -0.939745 -1.40528
0.715 -0.945521 -1.42074
0.72 -0.951448 -1.43659
0.725 -0.957529 -1.45285
0.73 -0.96377 -1.46955
0.735 -0.970175 -1.48671
0.74 -0.976751 -1.50434
0.745 -0.983502 -1.52248
0.75 -0.990435 -1.54116
0.755 -0.997556 -1.56039
0.76 -1.00487 -1.58022
0.765 -1.01239 -1.60069
0.77 -1.02012 -1.62183
0.775 -1.02807 -1.64369
0.78 -1.03624 -1.66632
0.785 -1.04465 -1.68977
0.79 -1.05331 -1.71412
0.795 -1.06222 -1.73942
0.8 -1.0714 -1.76575
0.805 -1.08087 -1.79322
0.81 -1.09063 -1.82191
0.815 -1.1007 -1.85196
0.82 -1.11109 -1.8835
0.825 -1.12183 -1.9167
0.83 -1.13292 -1.95175
0.835 -1.1444 -1.98888
0.84 -1.15628 -2.02838
0.845 -1.16859 -2.07061
0.85 -1.18135 -2.11599
0.855 -1.19459 -2.16508
0.86 -1.20835 -2.21862
0.865 -1.22266 -2.27759
0.87 -1.23755 -2.34334
0.875 -1.25308 -2.41785
0.88 -1.26929 -2.50413
0.885 -1.28624 -2.6071
0.89 -1.30399 -2.73581
0.895 -1.32261 -2.90962
0.9 -1.34218 -3.18473
0.905 -1.3628 -3.98187
0.91 -1.38457 -3.38079
0.915 -1.40762 -3.04228
0.92 -1.43211 -2.86367
0.925 -1.45819 -2.74465
0.93 -1.4861 -2.65727
0.935 -1.51608 -2.58971
0.94 -1.54844 -2.53587
0.945 -1.58359 -2.49218
0.95 -1.62203 -2.45641
0.955 -1.6644 -2.42707
0.96 -1.71159 -2.40315
0.965 -1.76477 -2.3839
0.97 -1.82567 -2.36882
0.975 -1.89684 -2.35755
0.98 -1.98238 -2.34984
0.985 -2.08949 -2.34555
0.99 -2.23261 -2.3446
0.995 -2.44854 -2.347
1 -2.90004 -2.35285
1.005 -2.97862 -2.36233
1.01 -2.4727 -2.3757
1.015 -2.24474 -2.39337
1.02 -2.09562 -2.41592
1.025 -1.98453 -2.44414
1.03 -1.89591 -2.47917
1.035 -1.82216 -2.52269
1.04 -1.75897 -2.57724
1.045 -1.70369 -2.64695
1.05 -1.65454 -2.73913
1.055 -1.61029 -2.86862
1.06 -1.57005 -3.07373
1.065 -1.53314 -3.5304
1.07 -1.49907 -3.53148
1.075 -1.46741 -3.03463
1.08 -1.43785 -2.79773
1.085 -1.41013 -2.63752
1.09 -1.38403 -2.51484
1.095 -1.35938 -2.41457
1.1 -1.33602 -2.32926
1.105 -1.31382 -2.25468
1.11 -1.29268 -2.18819
1.115 -1.27249 -2.12803
1.12 -1.25319 -2.07298
1.125 -1.23469 -2.02213
1.13 -1.21693 -1.97482
1.135 -1.19986 -1.93052
1.14 -1.18343 -1.88882
1.145 -1.16759 -1.8494
1.15 -1.1523 -1.812
1.155 -1.13753 -1.77638
1.16 -1.12325 -1.74236
1.165 -1.10941 -1.70979
1.17 -1.09601 -1.67853
1.175 -1.08301 -1.64847
1.18 -1.0704 -1.6195
1.185 -1.05814 -1.59154
1.19 -1.04623 -1.56452
1.195 -1.03464 -1.53836
1.2 -1.02337 -1.51301
1.205 -1.01239 -1.4884
1.21 -1.00169 -1.4645
1.215 -0.991256 -1.44126
1.22 -0.981084 -1.41863
1.225 -0.971158 -1.39659
1.23 -0.961469 -1.3751
1.235 -0.952006 -1.35413
1.24 -0.942762 -1.33365
1.245 -0.933727 -1.31364
1.25 -0.924894 -1.29407
1.255 -0.916255 -1.27493
1.26 -0.907804 -1.25619
1.265 -0.899534 -1.23784
1.27 -0.891439 -1.21985
1.275 -0.883513 -1.20221
1.28 -0.875751 -1.18492
1.285 -0.868148 -1.16794
1.29 -0.860698 -1.15128
1.295 -0.853397 -1.13492
1.3 -0.846241 -1.11884
1.305 -0.839226 -1.10304
1.31 -0.832347 -1.0875
1.315 -0.825601 -1.07222
1.32 -0.818984 -1.05719
1.325 -0.812493 -1.0424
1.33 -0.806125 -1.02783
1.335 -0.799876 -1.01349
1.34 -0.793744 -0.999369
1.345 -0.787726 -0.985454
1.35 -0.78182 -0.971741
1.355 -0.776021 -0.958225
1.36 -0.770329 -0.944899
1.365 -0.764741 -0.931757
1.37 -0.759255 -0.918795
1.375 -0.753869 -0.906007
1.38 -0.74858 -0.893388
1.385 -0.743386 -0.880933
1.39 -0.738286 -0.868638
1.395 -0.733279 -0.8565
1.4 -0.728361 -0.844512
1.405 -0.723533 -0.832672
1.41 -0.718791 -0.820977
1.415 -0.714135 -0.809421
1.42 -0.709564 -0.798002
1.425 -0.705075 -0.786716
1.43 -0.700667 -0.775561
1.435 -0.69634 -0.764532
1.44 -0.692092 -0.753628
1.445 -0.687922 -0.742844
1.45 -0.683828 -0.73218
1.455 -0.67981 -0.72163
1.46 -0.675867 -0.711194
1.465 -0.671997 -0.700869
1.47 -0.668201 -0.690652
1.475 -0.664476 -0.680541
1.48 -0.660822 -0.670533
1.485 -0.657238 -0.660627
1.49 -0.653724 -0.650821
1.495 -0.650278 -0.641112
1.5 -0.6469 -0.631498
1.505 -0.643589 -0.621978
1.51 -0.640345 -0.612549
1.515 -0.637167 -0.603211
1.52 -0.634054 -0.593961
1.525 -0.631006 -0.584797
1.53 -0.628022 -0.575718
1.535 -0.625102 -0.566723
1.54 -0.622246 -0.557809
1.545 -0.619452 -0.548976
1.55 -0.61672 -0.540221
1.555 -0.61405 -0.531544
1.56 -0.611442 -0.522943
1.565 -0.608895 -0.514417
1.57 -0.606409 -0.505965
1.575 -0.603983 -0.497585
1.58 -0.601617 -0.489275
1.585 -0.599312 -0.481036
1.59 -0.597066 -0.472865
1.595 -0.59488 -0.464763
1.6 -0.592753 -0.456726
1.605 -0.590685 -0.448755
1.61 -0.588676 -0.440848
1.615 -0.586725 -0.433005
1.62 -0.584834 -0.425225
1.625 -0.583 -0.417505
1.63 -0.581226 -0.409846
1.635 -0.579509 -0.402247
1.64 -0.577851 -0.394707
1.645 -0.576252 -0.387224
1.65 -0.57471 -0.379799
1.655 -0.573227 -0.37243
1.66 -0.571802 -0.365116
1.665 -0.570436 -0.357856
1.67 -0.569128 -0.350651
1.675 -0.567878 -0.343498
1.68 -0.566688 -0.336398
1.685 -0.565556 -0.32935
1.69 -0.564483 -0.322352
1.695 -0.563469 -0.315405
1.7 -0.562514 -0.308507
1.705 -0.561619 -0.301658
1.71 -0.560784 -0.294858
1.715 -0.560009 -0.288105
1.72 -0.559294 -0.281399
1.725 -0.55864 -0.27474
1.73 -0.558046 -0.268126
1.735 -0.557514 -0.261558
1.74 -0.557044 -0.255034
1.745 -0.556636 -0.248555
1.75 -0.55629 -0.242119
1.755 -0.556007 -0.235726
1.76 -0.555788 -0.229376
1.765 -0.555632 -0.223067
1.77 -0.555541 -0.216801
1.775 -0.555515 -0.210575
1.78 -0.555554 -0.20439
1.785 -0.55566 -0.198245
1.79 -0.555832 -0.19214
1.795 -0.556072 -0.186074
1.8 -0.556381 -0.180047
1.805 -0.556758 -0.174058
1.81 -0.557205 -0.168107
1.815 -0.557723 -0.162194
1.82 -0.558312 -0.156317
1.825 -0.558973 -0.150478
1.83 -0.559708 -0.144674
1.835 -0.560516 -0.138907
1.84 -0.561401 -0.133175
1.845 -0.562361 -0.127478
1.85 -0.563399 -0.121816
1.855 -0.564515 -0.116189
1.86 -0.565711 -0.110595
1.865 -0.566989 -0.105035
1.87 -0.568348 -0.0995091
1.875 -0.569792 -0.0940158
1.88 -0.57132 -0.0885552
1.885 -0.572936 -0.0831271
1.89 -0.57464 -0.077731
1.895 -0.576433 -0.0723668
1.9 -0.578318 -0.067034
1.905 -0.580297 -0.0617324
1.91 -0.582371 -0.0564616
1.915 -0.584542 -0.0512215
1.92 -0.586813 -0.0460117
1.925 -0.589185 -0.0408319
1.93 -0.59166 -0.0356818
1.935 -0.594242 -0.0305613
1.94 -0.596932 -0.0254699
1.945 -0.599734 -0.0204075
1.95 -0.602649 -0.0153738
1.955 -0.60568 -0.0103685
1.96 -0.608832 -0.00539146
1.965 -0.612106 -0.000442322
1.97 -0.615506 0.00447911
1.975 -0.619036 0.00937308
1.98 -0.622699 0.0142398
1.985 -0.626498 0.0190795
1.99 -0.630439 0.0238925
1.995 -0.634525 0.0286789
2 -0.638761 0.033439
2.005 -0.643151 0.0381729
2.01 -0.647701 0.042881
2.015 -0.652416 0.0475634
2.02 -0.6573 0.0522202
2.025 -0.662362 0.0568518
2.03 -0.667606 0.0614583
2.035 -0.673039 0.0660399
2.04 -0.678669 0.0705968
2.045 -0.684502 0.0751292
2.05 -0.690548 0.0796373
2.055 -0.696815 0.0841213
2.06 -0.703312 0.0885813
2.065 -0.710049 0.0930176
2.07 -0.717036 0.0974302
2.075 -0.724284 0.101819
2.08 -0.731807 0.106185
2.085 -0.739617 0.110528
2.09 -0.747729 0.114848
2.095 -0.756156 0.119146
2.1 -0.764918 0.12342
2.105 -0.77403 0.127672
2.11 -0.783513 0.131902
2.115 -0.793389 0.13611
2.12 -0.80368 0.140296
2.125 -0.814412 0.14446
2.13 -0.825614 0.148603
2.135 -0.837316 0.152724
2.14 -0.849552 0.156823
2.145 -0.862362 0.160901
2.15 -0.875787 0.164959
2.155 -0.889874 0.168995
2.16 -0.904678 0.17301
2.165 -0.920258 0.177005
2.17 -0.936683 0.180979
2.175 -0.95403 0.184933
2.18 -0.97239 0.188867
2.185 -0.991865 0.19278
2.19 -1.01258 0.196673
2.195 -1.03466 0.200547
2.2 -1.0583 0.2044
2.205 -1.08367 0.208234
2.21 -1.11103 0.212049
2.215 -1.14067 0.215844
2.22 -1.17297 0.219619
2.225 -1.20837 0.223376
2.23 -1.2475 0.227113
2.235 -1.29113 0.230832
2.24 -1.34035 0.234531
2.245 -1.39669 0.238212
2.25 -1.4624 0.241874
2.255 -1.54099 0.245517
2.26 -1.63846 0.249142
2.265 -1.76627 0.252749
2.27 -1.95112 0.256337
2.275 -2.28598 0.259908
2.28 -3.03814 0.26346
2.285 -2.1496 0.266994
2.29 -1.87504 0.270511
2.295 -1.70642 0.274009
2.3 -1.58395 0.27749
2.305 -1.48747 0.280954
2.31 -1.4077 0.284399
2.315 -1.33958 0.287828
2.32 -1.28005 0.291239
2.325 -1.22712 0.294633
2.33 -1.17942 0.29801
2.335 -1.13597 0.301369
2.34 -1.09603 0.304712
2.345 -1.05905 0.308038
2.35 -1.02461 0.311347
2.355 -0.992348 0.314639
2.36 -0.961994 0.317915
2.365 -0.933318 0.321174
2.37 -0.90613 0.324417
2.375 -0.880273 0.327643
2.38 -0.855612 0.330852
2.385 -0.832032 0.334046
2.39 -0.809433 0.337223
2.395 -0.78773 0.340384
2.4 -0.766847 0.343529
2.405 -0.74672 0.346659
2.41 -0.727289 0.349772
2.415 -0.708503 0.352869
2.42 -0.690317 0.355951
2.425 -0.672688 0.359016
2.43 -0.65558 0.362067
2.435 -0.638959 0.365101
2.44 -0.622795 0.36812
2.445 -0.607061 0.371124
2.45 -0.591731 0.374112
2.455 -0.576783 0.377085
2.46 -0.562196 0.380042
2.465 -0.547951 0.382985
2.47 -0.534029 0.385912
2.475 -0.520415 0.388824
2.48 -0.507093 0.391721
2.485 -0.49405 0.394603
2.49 -0.481272 0.39747
2.495 -0.468747 0.400322
2.5 -0.456465 0.403159
2.505 -0.444414 0.405982
2.51 -0.432586 0.40879
2.515 -0.420969 0.411583
2.52 -0.409557 0.414361
2.525 -0.398341 0.417125
2.53 -0.387314 0.419875
2.535 -0.376467 0.42261
2.54 -0.365796 0.42533
2.545 -0.355292 0.428036
2.55 -0.344951 0.430728
2.555 -0.334767 0.433406
2.56 -0.324734 0.436069
2.565 -0.314846 0.438718
2.57 -0.305101 0.441353
2.575 -0.295492 0.443974
2.58 -0.286016 0.446581
2.585 -0.276667 0.449173
2.59 -0.267444 0.451752
2.595 -0.258341 0.454317
2.6 -0.249355 0.456868
2.605 -0.240483 0.459405
2.61 -0.231722 0.461928
2.615 -0.223067 0.464437
2.62 -0.214518 0.466933
2.625 -0.20607 0.469415
2.63 -0.19772 0.471883
2.635 -0.189468 0.474338
2.64 -0.181308 0.476779
2.645 -0.173241 0.479206
2.65 -0.165262 0.48162
2.655 -0.157371 0.484021
2.66 -0.149564 0.486408
2.665 -0.14184 0.488781
2.67 -0.134196 0.491141
2.675 -0.126632 0.493488
2.68 -0.119145 0.495821
2.685 -0.111733 0.498141
2.69 -0.104395 0.500448
2.695 -0.0971295 0.502741
2.7 -0.0899342 0.505022
2.705 -0.0828078 0.507289
2.71 -0.0757491 0.509543
2.715 -0.0687566 0.511783
2.72 -0.0618289 0.514011
2.725 -0.0549646 0.516226
2.73 -0.0481627 0.518427
2.735 -0.0414217 0.520615
2.74 -0.0347406 0.522791
2.745 -0.0281181 0.524953
2.75 -0.0215533 0.527103
2.755 -0.0150449 0.529239
2.76 -0.00859191 0.531363
2.765 -0.0021934 0.533473
2.77 0.00415166 0.535571
2.775 0.0104442 0.537656
2.78 0.0166852 0.539728
2.785 0.0228755 0.541787
2.79 0.029016 0.543833
2.795 0.0351075 0.545867
2.8 0.0411509 0.547888
2.805 0.047147 0.549896
2.81 0.0530964 0.551891
2.815 0.0590001 0.553874
2.82 0.0648587 0.555844
2.825 0.0706729 0.557801
2.83 0.0764434 0.559746
2.835 0.0821709 0.561677
2.84 0.0878561 0.563597
2.845 0.0934996 0.565503
2.85 0.0991021 0.567397
2.855 0.104664 0.569279
2.86 0.110186 0.571148
2.865 0.115669 0.573004
2.87 0.121113 0.574847
2.875 0.126519 0.576679
2.88 0.131887 0.578497
2.885 0.137218 0.580303
2.89 0.142512 0.582097
2.895 0.147771 0.583878
2.9 0.152993 0.585646
2.905 0.158181 0.587402
2.91 0.163334 0.589145
2.915 0.168452 0.590876
2.92 0.173537 0.592595
2.925 0.178588 0.594301
2.93 0.183607 0.595995
2.935 0.188593 0.597676
2.94 0.193546 0.599344
2.945 0.198468 0.601
2.95 0.203359 0.602644
2.955 0.208219 0.604275
2.96 0.213048 0.605894
2.965 0.217846 0.607501
2.97 0.222615 0.609095
2.975 0.227355 0.610676
2.98 0.232065 0.612245
2.985 0.236746 0.613802
2.99 0.241399 0.615346
2.995 0.246023 0.616878
3 0.250619 0.618397
3.005 0.255188 0.619904
