0.001 -1.94096 -1.60378
0.002 -1.79109 -1.46029
0.003 -1.70353 -1.3777
0.004 -1.64146 -1.31988
0.005 -1.59337 -1.27555
0.006 -1.55411 -1.23971
0.007 -1.52093 -1.20972
0.008 -1.49222 -1.18398
0.009 -1.46691 -1.16148
0.01 -1.44429 -1.14154
0.011 -1.42384 -1.12364
0.012 -1.40518 -1.10744
0.013 -1.38803 -1.09266
0.014 -1.37216 -1.07908
0.015 -1.3574 -1.06653
0.016 -1.3436 -1.05489
0.017 -1.33065 -1.04403
0.018 -1.31844 -1.03387
0.019 -1.30691 -1.02433
0.02 -1.29597 -1.01534
0.021 -1.28558 -1.00686
0.022 -1.27567 -0.998822
0.023 -1.26622 -0.9912
0.024 -1.25717 -0.983954
0.025 -1.2485 -0.977053
0.026 -1.24018 -0.970469
0.027 -1.23217 -0.964177
0.028 -1.22447 -0.958156
0.029 -1.21704 -0.952387
0.03 -1.20987 -0.946852
0.031 -1.20294 -0.941535
0.032 -1.19623 -0.936423
0.033 -1.18974 -0.931502
0.034 -1.18344 -0.926761
0.035 -1.17734 -0.922189
0.036 -1.17141 -0.917777
0.037 -1.16565 -0.913516
0.038 -1.16004 -0.909396
0.039 -1.15459 -0.905412
0.04 -1.14928 -0.901555
0.041 -1.14411 -0.89782
0.042 -1.13907 -0.894201
0.043 -1.13415 -0.890691
0.044 -1.12934 -0.887286
0.045 -1.12465 -0.883981
0.046 -1.12007 -0.880772
0.047 -1.11559 -0.877654
0.048 -1.11121 -0.874623
0.049 -1.10693 -0.871676
0.05 -1.10273 -0.86881
0.051 -1.09863 -0.86602
0.052 -1.0946 -0.863305
0.053 -1.09066 -0.860661
0.054 -1.0868 -0.858085
0.055 -1.08301 -0.855575
0.056 -1.07929 -0.853129
0.057 -1.07564 -0.850744
0.058 -1.07206 -0.848418
0.059 -1.06855 -0.846149
0.06 -1.0651 -0.843935
0.061 -1.06171 -0.841774
0.062 -1.05838 -0.839665
0.063 -1.0551 -0.837606
0.064 -1.05188 -0.835595
0.065 -1.04872 -0.833631
0.066 -1.04561 -0.831712
0.067 -1.04254 -0.829837
0.068 -1.03953 -0.828004
0.069 -1.03657 -0.826213
0.07 -1.03365 -0.824462
0.071 -1.03077 -0.82275
0.072 -1.02794 -0.821076
0.073 -1.02516 -0.819439
0.074 -1.02241 -0.817838
0.075 -1.01971 -0.816272
0.076 -1.01704 -0.814739
0.077 -1.01441 -0.81324
0.078 -1.01182 -0.811773
0.079 -1.00927 -0.810338
0.08 -1.00675 -0.808933
0.081 -1.00427 -0.807558
0.082 -1.00182 -0.806212
0.083 -0.999407 -0.804895
0.084 -0.997023 -0.803605
0.085 -0.994672 -0.802342
0.086 -0.992351 -0.801106
0.087 -0.990061 -0.799896
0.088 -0.9878 -0.798711
0.089 -0.985568 -0.797551
0.09 -0.983365 -0.796416
0.091 -0.981189 -0.795303
0.092 -0.97904 -0.794214
0.093 -0.976918 -0.793148
0.094 -0.974822 -0.792104
0.095 -0.972751 -0.791081
0.096 -0.970705 -0.79008
0.097 -0.968684 -0.7891
0.098 -0.966687 -0.78814
0.099 -0.964713 -0.7872
0.1 -0.962763 -0.78628
0.101 -0.960835 -0.785379
0.102 -0.958929 -0.784497
0.103 -0.957045 -0.783634
0.104 -0.955183 -0.782789
0.105 -0.953341 -0.781962
0.106 -0.95152 -0.781152
0.107 -0.94972 -0.780359
0.108 -0.947939 -0.779583
0.109 -0.946178 -0.778824
0.11 -0.944436 -0.778082
0.111 -0.942713 -0.777355
0.112 -0.941009 -0.776644
0.113 -0.939323 -0.775949
0.114 -0.937655 -0.775269
0.115 -0.936004 -0.774603
0.116 -0.934371 -0.773953
0.117 -0.932755 -0.773317
0.118 -0.931156 -0.772696
0.119 -0.929573 -0.772088
0.12 -0.928007 -0.771494
0.121 -0.926457 -0.770914
0.122 -0.924922 -0.770347
0.123 -0.923403 -0.769794
0.124 -0.9219 -0.769253
0.125 -0.920411 -0.768726
0.126 -0.918938 -0.768211
0.127 -0.917479 -0.767708
0.128 -0.916034 -0.767218
0.129 -0.914604 -0.766739
0.13 -0.913188 -0.766273
0.131 -0.911786 -0.765818
0.132 -0.910397 -0.765375
0.133 -0.909022 -0.764944
0.134 -0.90766 -0.764523
0.135 -0.906311 -0.764114
0.136 -0.904975 -0.763716
0.137 -0.903651 -0.763328
0.138 -0.902341 -0.762952
0.139 -0.901042 -0.762585
0.14 -0.899756 -0.76223
0.141 -0.898482 -0.761884
0.142 -0.89722 -0.761549
0.143 -0.89597 -0.761223
0.144 -0.894731 -0.760908
0.145 -0.893504 -0.760602
0.146 -0.892288 -0.760306
0.147 -0.891084 -0.760019
0.148 -0.88989 -0.759742
0.149 -0.888707 -0.759475
0.15 -0.887535 -0.759216
0.151 -0.886374 -0.758967
0.152 -0.885223 -0.758726
0.153 -0.884083 -0.758495
0.154 -0.882953 -0.758272
0.155 -0.881833 -0.758058
0.156 -0.880724 -0.757852
0.157 -0.879624 -0.757655
0.158 -0.878534 -0.757467
0.159 -0.877453 -0.757287
0.16 -0.876383 -0.757115
0.161 -0.875322 -0.756951
0.162 -0.87427 -0.756795
0.163 -0.873227 -0.756647
0.164 -0.872194 -0.756508
0.165 -0.87117 -0.756376
0.166 -0.870155 -0.756251
0.167 -0.869149 -0.756135
0.168 -0.868151 -0.756026
0.169 -0.867163 -0.755924
0.17 -0.866183 -0.75583
0.171 -0.865211 -0.755744
0.172 -0.864248 -0.755665
0.173 -0.863293 -0.755593
0.174 -0.862347 -0.755528
0.175 -0.861409 -0.75547
0.176 -0.860479 -0.755419
0.177 -0.859557 -0.755375
0.178 -0.858643 -0.755339
0.179 -0.857737 -0.755309
0.18 -0.856839 -0.755286
0.181 -0.855948 -0.755269
0.182 -0.855065 -0.755259
0.183 -0.85419 -0.755256
0.184 -0.853322 -0.75526
0.185 -0.852462 -0.75527
0.186 -0.851609 -0.755286
0.187 -0.850764 -0.755309
0.188 -0.849925 -0.755339
0.189 -0.849094 -0.755374
0.19 -0.848271 -0.755416
0.191 -0.847454 -0.755464
0.192 -0.846644 -0.755518
0.193 -0.845841 -0.755579
0.194 -0.845045 -0.755645
0.195 -0.844256 -0.755717
0.196 -0.843474 -0.755796
0.197 -0.842698 -0.75588
0.198 -0.841929 -0.75597
0.199 -0.841167 -0.756066
0.2 -0.840411 -0.756168
0.201 -0.839662 -0.756276
0.202 -0.838919 -0.756389
0.203 -0.838182 -0.756508
0.204 -0.837452 -0.756633
0.205 -0.836728 -0.756764
0.206 -0.836011 -0.756899
0.207 -0.835299 -0.757041
0.208 -0.834594 -0.757188
0.209 -0.833895 -0.75734
0.21 -0.833202 -0.757498
0.211 -0.832515 -0.757661
0.212 -0.831834 -0.75783
0.213 -0.831159 -0.758004
0.214 -0.83049 -0.758183
0.215 -0.829826 -0.758367
0.216 -0.829168 -0.758557
0.217 -0.828517 -0.758752
0.218 -0.82787 -0.758952
0.219 -0.82723 -0.759157
0.22 -0.826595 -0.759368
0.221 -0.825966 -0.759583
0.222 -0.825342 -0.759803
0.223 -0.824724 -0.760029
0.224 -0.824111 -0.760259
0.225 -0.823503 -0.760495
0.226 -0.822901 -0.760735
0.227 -0.822305 -0.76098
0.228 -0.821714 -0.76123
0.229 -0.821128 -0.761485
0.23 -0.820547 -0.761745
0.231 -0.819971 -0.76201
0.232 -0.819401 -0.762279
0.233 -0.818836 -0.762553
0.234 -0.818276 -0.762832
0.235 -0.817721 -0.763116
0.236 -0.817171 -0.763404
0.237 -0.816626 -0.763697
0.238 -0.816086 -0.763995
0.239 -0.815551 -0.764297
0.24 -0.815021 -0.764604
0.241 -0.814496 -0.764915
0.242 -0.813976 -0.765231
0.243 -0.81346 -0.765552
0.244 -0.81295 -0.765877
0.245 -0.812444 -0.766206
0.246 -0.811943 -0.76654
0.247 -0.811447 -0.766879
0.248 -0.810955 -0.767222
0.249 -0.810468 -0.767569
0.25 -0.809986 -0.767921
0.251 -0.809508 -0.768277
0.252 -0.809035 -0.768638
0.253 -0.808566 -0.769003
0.254 -0.808103 -0.769372
0.255 -0.807643 -0.769745
0.256 -0.807188 -0.770123
0.257 -0.806738 -0.770505
0.258 -0.806292 -0.770892
0.259 -0.80585 -0.771282
0.26 -0.805413 -0.771677
0.261 -0.80498 -0.772076
0.262 -0.804552 -0.77248
0.263 -0.804127 -0.772887
0.264 -0.803708 -0.773299
0.265 -0.803292 -0.773715
0.266 -0.802881 -0.774135
0.267 -0.802474 -0.774559
0.268 -0.802071 -0.774987
0.269 -0.801672 -0.77542
0.27 -0.801278 -0.775856
0.271 -0.800888 -0.776297
0.272 -0.800501 -0.776741
0.273 -0.800119 -0.77719
0.274 -0.799742 -0.777643
0.275 -0.799368 -0.7781
0.276 -0.798998 -0.77856
0.277 -0.798632 -0.779025
0.278 -0.798271 -0.779494
0.279 -0.797913 -0.779967
0.28 -0.797559 -0.780444
0.281 -0.797209 -0.780924
0.282 -0.796864 -0.781409
0.283 -0.796522 -0.781898
0.284 -0.796184 -0.782391
0.285 -0.79585 -0.782887
0.286 -0.79552 -0.783388
0.287 -0.795194 -0.783892
0.288 -0.794871 -0.7844
0.289 -0.794553 -0.784913
0.29 -0.794238 -0.785429
0.291 -0.793927 -0.785949
0.292 -0.79362 -0.786472
0.293 -0.793317 -0.787
0.294 -0.793017 -0.787532
0.295 -0.792721 -0.788067
0.296 -0.792429 -0.788606
0.297 -0.792141 -0.789149
0.298 -0.791856 -0.789696
0.299 -0.791575 -0.790247
0.3 -0.791297 -0.790801
0.301 -0.791024 -0.791359
0.302 -0.790754 -0.791921
0.303 -0.790487 -0.792487
0.304 -0.790224 -0.793057
0.305 -0.789965 -0.79363
0.306 -0.78971 -0.794207
0.307 -0.789458 -0.794788
0.308 -0.789209 -0.795373
0.309 -0.788964 -0.795961
0.31 -0.788723 -0.796553
0.311 -0.788485 -0.797149
0.312 -0.788251 -0.797749
0.313 -0.78802 -0.798352
0.314 -0.787792 -0.798959
0.315 -0.787569 -0.79957
0.316 -0.787348 -0.800184
0.317 -0.787131 -0.800802
0.318 -0.786918 -0.801424
0.319 -0.786708 -0.80205
0.32 -0.786501 -0.802679
0.321 -0.786298 -0.803312
0.322 -0.786098 -0.803949
0.323 -0.785902 -0.804589
0.324 -0.785709 -0.805233
0.325 -0.785519 -0.80588
0.326 -0.785333 -0.806532
0.327 -0.78515 -0.807187
0.328 -0.78497 -0.807845
0.329 -0.784794 -0.808507
0.33 -0.784621 -0.809173
0.331 -0.784451 -0.809843
0.332 -0.784285 -0.810516
0.333 -0.784122 -0.811193
0.334 -0.783962 -0.811873
0.335 -0.783806 -0.812557
0.336 -0.783652 -0.813245
0.337 -0.783502 -0.813936
0.338 -0.783356 -0.814631
0.339 -0.783212 -0.81533
0.34 -0.783072 -0.816032
0.341 -0.782935 -0.816738
0.342 -0.782801 -0.817448
0.343 -0.78267 -0.818161
0.344 -0.782543 -0.818878
0.345 -0.782419 -0.819598
0.346 -0.782298 -0.820322
0.347 -0.78218 -0.821049
0.348 -0.782065 -0.821781
0.349 -0.781954 -0.822515
0.35 -0.781845 -0.823254
0.351 -0.78174 -0.823996
0.352 -0.781638 -0.824742
0.353 -0.781539 -0.825491
0.354 -0.781443 -0.826244
0.355 -0.781351 -0.827
0.356 -0.781261 -0.82776
0.357 -0.781175 -0.828524
0.358 -0.781091 -0.829291
0.359 -0.781011 -0.830062
0.36 -0.780934 -0.830837
0.361 -0.780859 -0.831615
0.362 -0.780788 -0.832396
0.363 -0.78072 -0.833182
0.364 -0.780655 -0.833971
0.365 -0.780594 -0.834763
0.366 -0.780535 -0.835559
0.367 -0.780479 -0.836359
0.368 -0.780426 -0.837162
0.369 -0.780377 -0.837969
0.37 -0.78033 -0.83878
0.371 -0.780286 -0.839594
0.372 -0.780246 -0.840412
0.373 -0.780208 -0.841234
0.374 -0.780173 -0.842059
0.375 -0.780142 -0.842887
0.376 -0.780113 -0.84372
0.377 -0.780087 -0.844556
0.378 -0.780065 -0.845395
0.379 -0.780045 -0.846238
0.38 -0.780028 -0.847085
0.381 -0.780015 -0.847936
0.382 -0.780004 -0.84879
0.383 -0.779996 -0.849647
0.384 -0.779991 -0.850509
0.385 -0.77999 -0.851374
0.386 -0.779991 -0.852242
0.387 -0.779995 -0.853115
0.388 -0.780002 -0.853991
0.389 -0.780012 -0.85487
0.39 -0.780025 -0.855753
0.391 -0.78004 -0.85664
0.392 -0.780059 -0.857531
0.393 -0.780081 -0.858425
0.394 -0.780105 -0.859323
0.395 -0.780133 -0.860225
0.396 -0.780163 -0.86113
0.397 -0.780197 -0.862039
0.398 -0.780233 -0.862951
0.399 -0.780272 -0.863868
0.4 -0.780314 -0.864788
0.401 -0.780359 -0.865711
0.402 -0.780407 -0.866639
0.403 -0.780457 -0.86757
0.404 -0.780511 -0.868504
0.405 -0.780568 -0.869443
0.406 -0.780627 -0.870385
0.407 -0.780689 -0.871331
0.408 -0.780754 -0.87228
0.409 -0.780822 -0.873234
0.41 -0.780893 -0.874191
0.411 -0.780967 -0.875152
0.412 -0.781044 -0.876116
0.413 -0.781123 -0.877084
0.414 -0.781206 -0.878057
0.415 -0.781291 -0.879032
0.416 -0.781379 -0.880012
0.417 -0.78147 -0.880995
0.418 -0.781564 -0.881982
0.419 -0.781661 -0.882973
0.42 -0.78176 -0.883968
0.421 -0.781863 -0.884966
0.422 -0.781968 -0.885968
0.423 -0.782076 -0.886974
0.424 -0.782187 -0.887984
0.425 -0.782301 -0.888998
0.426 -0.782418 -0.890015
0.427 -0.782537 -0.891036
0.428 -0.78266 -0.892062
0.429 -0.782785 -0.89309
0.43 -0.782913 -0.894123
0.431 -0.783044 -0.89516
0.432 -0.783178 -0.8962
0.433 -0.783314 -0.897245
0.434 -0.783454 -0.898293
0.435 -0.783596 -0.899345
0.436 -0.783741 -0.900401
0.437 -0.783889 -0.901461
0.438 -0.78404 -0.902524
0.439 -0.784194 -0.903592
0.44 -0.78435 -0.904664
0.441 -0.784509 -0.905739
0.442 -0.784672 -0.906819
0.443 -0.784837 -0.907902
0.444 -0.785004 -0.908989
0.445 -0.785175 -0.91008
0.446 -0.785349 -0.911175
0.447 -0.785525 -0.912275
0.448 -0.785704 -0.913378
0.449 -0.785886 -0.914485
0.45 -0.786071 -0.915596
0.451 -0.786259 -0.916711
0.452 -0.786449 -0.91783
0.453 -0.786642 -0.918953
0.454 -0.786839 -0.92008
0.455 -0.787038 -0.921211
0.456 -0.78724 -0.922346
0.457 -0.787444 -0.923486
0.458 -0.787652 -0.924629
0.459 -0.787862 -0.925776
0.46 -0.788076 -0.926928
0.461 -0.788292 -0.928083
0.462 -0.788511 -0.929243
0.463 -0.788732 -0.930407
0.464 -0.788957 -0.931574
0.465 -0.789185 -0.932746
0.466 -0.789415 -0.933922
0.467 -0.789648 -0.935103
0.468 -0.789884 -0.936287
0.469 -0.790123 -0.937475
0.47 -0.790365 -0.938668
0.471 -0.790609 -0.939865
0.472 -0.790857 -0.941066
0.473 -0.791107 -0.942271
0.474 -0.79136 -0.943481
0.475 -0.791616 -0.944695
0.476 -0.791875 -0.945912
0.477 -0.792137 -0.947135
0.478 -0.792402 -0.948361
0.479 -0.792669 -0.949592
0.48 -0.79294 -0.950827
0.481 -0.793213 -0.952066
0.482 -0.793489 -0.95331
0.483 -0.793768 -0.954558
0.484 -0.79405 -0.95581
0.485 -0.794335 -0.957066
0.486 -0.794623 -0.958327
0.487 -0.794913 -0.959593
0.488 -0.795207 -0.960862
0.489 -0.795503 -0.962136
0.49 -0.795802 -0.963415
0.491 -0.796105 -0.964697
0.492 -0.79641 -0.965985
0.493 -0.796718 -0.967276
0.494 -0.797028 -0.968573
0.495 -0.797342 -0.969873
0.496 -0.797659 -0.971178
0.497 -0.797979 -0.972488
0.498 -0.798301 -0.973802
0.499 -0.798627 -0.97512
0.5 -0.798955 -0.976443
0.501 -0.799286 -0.977771
0.502 -0.799621 -0.979103
0.503 -0.799958 -0.98044
0.504 -0.800298 -0.981781
0.505 -0.800641 -0.983127
0.506 -0.800987 -0.984478
0.507 -0.801336 -0.985833
0.508 -0.801688 -0.987193
0.509 -0.802043 -0.988557
0.51 -0.802401 -0.989926
0.511 -0.802762 -0.9913
0.512 -0.803126 -0.992678
0.513 -0.803492 -0.994062
0.514 -0.803862 -0.99545
0.515 -0.804235 -0.996842
0.516 -0.804611 -0.99824
0.517 -0.80499 -0.999642
0.518 -0.805371 -1.00105
0.519 -0.805756 -1.00246
0.52 -0.806144 -1.00388
0.521 -0.806535 -1.0053
0.522 -0.806928 -1.00672
0.523 -0.807325 -1.00816
0.524 -0.807725 -1.00959
0.525 -0.808128 -1.01103
0.526 -0.808534 -1.01248
0.527 -0.808943 -1.01393
0.528 -0.809355 -1.01539
0.529 -0.80977 -1.01685
0.53 -0.810188 -1.01831
0.531 -0.810609 -1.01978
0.532 -0.811033 -1.02126
0.533 -0.811461 -1.02274
0.534 -0.811891 -1.02422
0.535 -0.812325 -1.02572
0.536 -0.812761 -1.02721
0.537 -0.813201 -1.02871
0.538 -0.813644 -1.03022
0.539 -0.81409 -1.03173
0.54 -0.814539 -1.03325
0.541 -0.814991 -1.03477
0.542 -0.815446 -1.0363
0.543 -0.815904 -1.03783
0.544 -0.816366 -1.03937
0.545 -0.81683 -1.04091
0.546 -0.817298 -1.04246
0.547 -0.817769 -1.04401
0.548 -0.818243 -1.04557
0.549 -0.818721 -1.04713
0.55 -0.819201 -1.0487
0.551 -0.819685 -1.05028
0.552 -0.820172 -1.05186
0.553 -0.820662 -1.05344
0.554 -0.821155 -1.05503
0.555 -0.821652 -1.05663
0.556 -0.822151 -1.05823
0.557 -0.822654 -1.05984
0.558 -0.82316 -1.06145
0.559 -0.82367 -1.06307
0.56 -0.824182 -1.06469
0.561 -0.824698 -1.06632
0.562 -0.825218 -1.06796
0.563 -0.82574 -1.0696
0.564 -0.826266 -1.07125
0.565 -0.826795 -1.0729
0.566 -0.827327 -1.07456
0.567 -0.827863 -1.07622
0.568 -0.828402 -1.07789
0.569 -0.828944 -1.07957
0.57 -0.82949 -1.08125
0.571 -0.830039 -1.08293
0.572 -0.830591 -1.08463
0.573 -0.831147 -1.08632
0.574 -0.831706 -1.08803
0.575 -0.832268 -1.08974
0.576 -0.832834 -1.09146
0.577 -0.833403 -1.09318
0.578 -0.833975 -1.09491
0.579 -0.834551 -1.09664
0.58 -0.835131 -1.09838
0.581 -0.835714 -1.10013
0.582 -0.8363 -1.10188
0.583 -0.83689 -1.10364
0.584 -0.837483 -1.10541
0.585 -0.83808 -1.10718
0.586 -0.83868 -1.10896
0.587 -0.839283 -1.11074
0.588 -0.83989 -1.11253
0.589 -0.840501 -1.11433
0.59 -0.841115 -1.11613
0.591 -0.841733 -1.11794
0.592 -0.842354 -1.11975
0.593 -0.842979 -1.12158
0.594 -0.843607 -1.12341
0.595 -0.844239 -1.12524
0.596 -0.844875 -1.12708
0.597 -0.845514 -1.12893
0.598 -0.846156 -1.13078
0.599 -0.846803 -1.13265
0.6 -0.847452 -1.13451
0.601 -0.848106 -1.13639
0.602 -0.848763 -1.13827
0.603 -0.849424 -1.14016
0.604 -0.850089 -1.14205
0.605 -0.850757 -1.14395
0.606 -0.851429 -1.14586
0.607 -0.852105 -1.14778
0.608 -0.852784 -1.1497
0.609 -0.853467 -1.15163
0.61 -0.854154 -1.15357
0.611 -0.854844 -1.15551
0.612 -0.855539 -1.15746
0.613 -0.856237 -1.15942
0.614 -0.856939 -1.16138
0.615 -0.857645 -1.16335
0.616 -0.858354 -1.16533
0.617 -0.859068 -1.16732
0.618 -0.859785 -1.16931
0.619 -0.860506 -1.17131
0.62 -0.861231 -1.17332
0.621 -0.86196 -1.17533
0.622 -0.862693 -1.17736
0.623 -0.86343 -1.17939
0.624 -0.864171 -1.18142
0.625 -0.864915 -1.18347
0.626 -0.865664 -1.18552
0.627 -0.866417 -1.18758
0.628 -0.867173 -1.18965
0.629 -0.867934 -1.19173
0.63 -0.868698 -1.19381
0.631 -0.869467 -1.1959
0.632 -0.87024 -1.198
0.633 -0.871017 -1.20011
0.634 -0.871798 -1.20222
0.635 -0.872583 -1.20434
0.636 -0.873372 -1.20647
0.637 -0.874165 -1.20861
0.638 -0.874962 -1.21076
0.639 -0.875764 -1.21291
0.64 -0.87657 -1.21508
0.641 -0.87738 -1.21725
0.642 -0.878194 -1.21943
0.643 -0.879012 -1.22162
0.644 -0.879835 -1.22381
0.645 -0.880662 -1.22602
0.646 -0.881493 -1.22823
0.647 -0.882329 -1.23045
0.648 -0.883169 -1.23268
0.649 -0.884013 -1.23492
0.65 -0.884861 -1.23717
0.651 -0.885714 -1.23942
0.652 -0.886572 -1.24169
0.653 -0.887433 -1.24396
0.654 -0.8883 -1.24624
0.655 -0.88917 -1.24853
0.656 -0.890046 -1.25083
0.657 -0.890925 -1.25314
0.658 -0.891809 -1.25546
0.659 -0.892698 -1.25779
0.66 -0.893591 -1.26013
0.661 -0.894489 -1.26247
0.662 -0.895391 -1.26483
0.663 -0.896299 -1.26719
0.664 -0.89721 -1.26956
0.665 -0.898127 -1.27195
0.666 -0.899048 -1.27434
0.667 -0.899973 -1.27674
0.668 -0.900904 -1.27916
0.669 -0.901839 -1.28158
0.67 -0.902779 -1.28401
0.671 -0.903724 -1.28645
0.672 -0.904673 -1.2889
0.673 -0.905628 -1.29136
0.674 -0.906587 -1.29383
0.675 -0.907551 -1.29631
0.676 -0.90852 -1.2988
0.677 -0.909494 -1.30131
0.678 -0.910473 -1.30382
0.679 -0.911457 -1.30634
0.68 -0.912446 -1.30887
0.681 -0.91344 -1.31141
0.682 -0.914439 -1.31397
0.683 -0.915443 -1.31653
0.684 -0.916452 -1.31911
0.685 -0.917467 -1.32169
0.686 -0.918486 -1.32429
0.687 -0.919511 -1.32689
0.688 -0.920541 -1.32951
0.689 -0.921576 -1.33214
0.69 -0.922616 -1.33478
0.691 -0.923662 -1.33743
0.692 -0.924713 -1.3401
0.693 -0.92577 -1.34277
0.694 -0.926831 -1.34546
0.695 -0.927898 -1.34815
0.696 -0.928971 -1.35086
0.697 -0.930049 -1.35358
0.698 -0.931133 -1.35631
0.699 -0.932222 -1.35906
0.7 -0.933317 -1.36181
0.701 -0.934417 -1.36458
0.702 -0.935523 -1.36736
0.703 -0.936634 -1.37015
0.704 -0.937751 -1.37296
0.705 -0.938874 -1.37577
0.706 -0.940003 -1.3786
0.707 -0.941137 -1.38144
0.708 -0.942278 -1.3843
0.709 -0.943424 -1.38717
0.71 -0.944576 -1.39005
0.711 -0.945734 -1.39294
0.712 -0.946898 -1.39584
0.713 -0.948067 -1.39876
0.714 -0.949243 -1.40169
0.715 -0.950425 -1.40464
0.716 -0.951613 -1.4076
0.717 -0.952807 -1.41057
0.718 -0.954008 -1.41356
0.719 -0.955214 -1.41656
0.72 -0.956427 -1.41957
0.721 -0.957646 -1.4226
0.722 -0.958871 -1.42564
0.723 -0.960103 -1.4287
0.724 -0.961341 -1.43177
0.725 -0.962585 -1.43485
0.726 -0.963836 -1.43795
0.727 -0.965094 -1.44106
0.728 -0.966358 -1.44419
0.729 -0.967628 -1.44734
0.73 -0.968906 -1.45049
0.731 -0.97019 -1.45367
0.732 -0.97148 -1.45686
0.733 -0.972778 -1.46006
0.734 -0.974082 -1.46328
0.735 -0.975393 -1.46652
0.736 -0.976711 -1.46977
0.737 -0.978036 -1.47303
0.738 -0.979368 -1.47632
0.739 -0.980707 -1.47962
0.74 -0.982053 -1.48293
0.741 -0.983406 -1.48626
0.742 -0.984767 -1.48961
0.743 -0.986134 -1.49298
0.744 -0.987509 -1.49636
0.745 -0.988892 -1.49976
0.746 -0.990281 -1.50318
0.747 -0.991678 -1.50661
0.748 -0.993083 -1.51006
0.749 -0.994495 -1.51353
0.75 -0.995915 -1.51702
0.751 -0.997342 -1.52052
0.752 -0.998777 -1.52405
0.753 -1.00022 -1.52759
0.754 -1.00167 -1.53115
0.755 -1.00313 -1.53473
0.756 -1.0046 -1.53832
0.757 -1.00607 -1.54194
0.758 -1.00755 -1.54558
0.759 -1.00904 -1.54923
0.76 -1.01054 -1.55291
0.761 -1.01205 -1.5566
0.762 -1.01356 -1.56032
0.763 -1.01509 -1.56405
0.764 -1.01662 -1.56781
0.765 -1.01816 -1.57158
0.766 -1.01971 -1.57538
0.767 -1.02127 -1.57919
0.768 -1.02283 -1.58303
0.769 -1.02441 -1.58689
0.77 -1.02599 -1.59078
0.771 -1.02758 -1.59468
0.772 -1.02919 -1.5986
0.773 -1.0308 -1.60255
0.774 -1.03242 -1.60652
0.775 -1.03405 -1.61052
0.776 -1.03568 -1.61453
0.777 -1.03733 -1.61857
0.778 -1.03899 -1.62264
0.779 -1.04066 -1.62672
0.78 -1.04233 -1.63083
0.781 -1.04402 -1.63497
0.782 -1.04571 -1.63913
0.783 -1.04742 -1.64331
0.784 -1.04913 -1.64752
0.785 -1.05086 -1.65176
0.786 -1.05259 -1.65602
0.787 -1.05434 -1.6603
0.788 -1.05609 -1.66462
0.789 -1.05786 -1.66896
0.79 -1.05964 -1.67332
0.791 -1.06142 -1.67772
0.792 -1.06322 -1.68214
0.793 -1.06503 -1.68659
0.794 -1.06685 -1.69106
0.795 -1.06868 -1.69557
0.796 -1.07052 -1.7001
0.797 -1.07237 -1.70467
0.798 -1.07423 -1.70926
0.799 -1.0761 -1.71388
0.8 -1.07799 -1.71854
0.801 -1.07989 -1.72322
0.802 -1.0818 -1.72793
0.803 -1.08372 -1.73268
0.804 -1.08565 -1.73746
0.805 -1.08759 -1.74227
0.806 -1.08955 -1.74711
0.807 -1.09152 -1.75199
0.808 -1.0935 -1.7569
0.809 -1.09549 -1.76184
0.81 -1.09749 -1.76682
0.811 -1.09951 -1.77183
0.812 -1.10154 -1.77688
0.813 -1.10359 -1.78196
0.814 -1.10564 -1.78708
0.815 -1.10771 -1.79224
0.816 -1.1098 -1.79744
0.817 -1.11189 -1.80267
0.818 -1.114 -1.80794
0.819 -1.11613 -1.81325
0.82 -1.11827 -1.8186
0.821 -1.12042 -1.82399
0.822 -1.12258 -1.82942
0.823 -1.12476 -1.83489
0.824 -1.12696 -1.8404
0.825 -1.12917 -1.84596
0.826 -1.13139 -1.85155
0.827 -1.13363 -1.8572
0.828 -1.13588 -1.86288
0.829 -1.13815 -1.86862
0.83 -1.14044 -1.87439
0.831 -1.14274 -1.88022
0.832 -1.14506 -1.88609
0.833 -1.14739 -1.89201
0.834 -1.14974 -1.89798
0.835 -1.1521 -1.904
0.836 -1.15448 -1.91007
0.837 -1.15688 -1.91619
0.838 -1.15929 -1.92236
0.839 -1.16173 -1.92859
0.84 -1.16418 -1.93487
0.841 -1.16664 -1.9412
0.842 -1.16913 -1.9476
0.843 -1.17163 -1.95405
0.844 -1.17415 -1.96055
0.845 -1.17669 -1.96712
0.846 -1.17925 -1.97374
0.847 -1.18182 -1.98043
0.848 -1.18442 -1.98718
0.849 -1.18703 -1.99399
0.85 -1.18967 -2.00087
0.851 -1.19232 -2.00782
0.852 -1.195 -2.01483
0.853 -1.19769 -2.02191
0.854 -1.20041 -2.02906
0.855 -1.20314 -2.03628
0.856 -1.2059 -2.04358
0.857 -1.20868 -2.05095
0.858 -1.21148 -2.05839
0.859 -1.2143 -2.06592
0.86 -1.21715 -2.07352
0.861 -1.22001 -2.08121
0.862 -1.2229 -2.08897
0.863 -1.22582 -2.09683
0.864 -1.22875 -2.10477
0.865 -1.23172 -2.11279
0.866 -1.2347 -2.12091
0.867 -1.23771 -2.12913
0.868 -1.24075 -2.13743
0.869 -1.24381 -2.14584
0.87 -1.24689 -2.15434
0.871 -1.25001 -2.16295
0.872 -1.25315 -2.17166
0.873 -1.25631 -2.18048
0.874 -1.25951 -2.18942
0.875 -1.26273 -2.19846
0.876 -1.26598 -2.20762
0.877 -1.26925 -2.2169
0.878 -1.27256 -2.22631
0.879 -1.2759 -2.23584
0.88 -1.27926 -2.2455
0.881 -1.28266 -2.2553
0.882 -1.28609 -2.26523
0.883 -1.28955 -2.27531
0.884 -1.29304 -2.28554
0.885 -1.29657 -2.29591
0.886 -1.30012 -2.30644
0.887 -1.30372 -2.31714
0.888 -1.30734 -2.328
0.889 -1.311 -2.33903
0.89 -1.3147 -2.35024
0.891 -1.31843 -2.36164
0.892 -1.3222 -2.37323
0.893 -1.32601 -2.38502
0.894 -1.32985 -2.39701
0.895 -1.33374 -2.40922
0.896 -1.33766 -2.42165
0.897 -1.34162 -2.43431
0.898 -1.34563 -2.44721
0.899 -1.34968 -2.46036
0.9 -1.35377 -2.47378
0.901 -1.3579 -2.48747
0.902 -1.36208 -2.50145
0.903 -1.3663 -2.51573
0.904 -1.37057 -2.53032
0.905 -1.37489 -2.54524
0.906 -1.37925 -2.56051
0.907 -1.38367 -2.57614
0.908 -1.38813 -2.59216
0.909 -1.39265 -2.60858
0.91 -1.39722 -2.62544
0.911 -1.40184 -2.64275
0.912 -1.40651 -2.66054
0.913 -1.41125 -2.67885
0.914 -1.41604 -2.6977
0.915 -1.42089 -2.71714
0.916 -1.4258 -2.73721
0.917 -1.43077 -2.75795
0.918 -1.4358 -2.77942
0.919 -1.4409 -2.80168
0.92 -1.44606 -2.82479
0.921 -1.45129 -2.84882
0.922 -1.45659 -2.87387
0.923 -1.46196 -2.90004
0.924 -1.46741 -2.92744
0.925 -1.47293 -2.9562
0.926 -1.47852 -2.98649
0.927 -1.4842 -3.01849
0.928 -1.48995 -3.05244
0.929 -1.49579 -3.08861
0.93 -1.50171 -3.12735
0.931 -1.50773 -3.1691
0.932 -1.51383 -3.2144
0.933 -1.52003 -3.264
0.934 -1.52632 -3.31887
0.935 -1.53271 -3.38038
0.936 -1.5392 -3.45053
0.937 -1.5458 -3.53238
0.938 -1.5525 -3.63098
0.939 -1.55932 -3.75562
0.94 -1.56625 -3.92646
0.941 -1.5733 -4.20326
0.942 -1.58048 -5.0933
0.943 -1.58778 -4.34467
0.944 -1.59521 -4.01219
0.945 -1.60278 -3.82983
0.946 -1.61049 -3.7046
0.947 -1.61835 -3.60977
0.948 -1.62636 -3.53389
0.949 -1.63453 -3.47097
0.95 -1.64286 -3.41748
0.951 -1.65137 -3.37119
0.952 -1.66005 -3.33056
0.953 -1.66891 -3.29451
0.954 -1.67797 -3.26227
0.955 -1.68723 -3.23322
0.956 -1.6967 -3.20691
0.957 -1.70639 -3.18297
0.958 -1.71631 -3.1611
0.959 -1.72647 -3.14107
0.96 -1.73688 -3.12269
0.961 -1.74756 -3.10578
0.962 -1.75851 -3.09022
0.963 -1.76976 -3.07587
0.964 -1.78132 -3.06266
0.965 -1.7932 -3.05048
0.966 -1.80543 -3.03927
0.967 -1.81803 -3.02896
0.968 -1.83101 -3.0195
0.969 -1.8444 -3.01084
0.97 -1.85822 -3.00294
0.971 -1.87252 -2.99576
0.972 -1.88731 -2.98927
0.973 -1.90264 -2.98344
0.974 -1.91854 -2.97824
0.975 -1.93506 -2.97367
0.976 -1.95225 -2.96969
0.977 -1.97015 -2.9663
0.978 -1.98885 -2.96348
0.979 -2.0084 -2.96122
0.98 -2.02888 -2.95952
0.981 -2.0504 -2.95837
0.982 -2.07306 -2.95777
0.983 -2.09698 -2.9577
0.984 -2.12232 -2.95819
0.985 -2.14925 -2.95922
0.986 -2.17798 -2.96081
0.987 -2.20877 -2.96296
0.988 -2.24194 -2.96568
0.989 -2.27787 -2.96898
0.99 -2.31708 -2.97288
0.991 -2.36022 -2.9774
0.992 -2.40816 -2.98254
0.993 -2.46209 -2.98835
0.994 -2.52373 -2.99484
0.995 -2.59564 -3.00204
0.996 -2.68193 -3.01
0.997 -2.78982 -3.01875
0.998 -2.9338 -3.02834
0.999 -3.15088 -3.03882
1 -3.60546 -3.05025
1.001 -3.6763 -3.06272
1.002 -3.17406 -3.07629
1.003 -2.94724 -3.09107
1.004 -2.79892 -3.10717
1.005 -2.6885 -3.12473
1.006 -2.60049 -3.1439
1.007 -2.5273 -3.16487
1.008 -2.46464 -3.18788
1.009 -2.40987 -3.2132
1.01 -2.3612 -3.2412
1.011 -2.31742 -3.2723
1.012 -2.27763 -3.3071
1.013 -2.24115 -3.34634
1.014 -2.20749 -3.39104
1.015 -2.17623 -3.44264
1.016 -2.14705 -3.50324
1.017 -2.11969 -3.5761
1.018 -2.09394 -3.66667
1.019 -2.06962 -3.78515
1.02 -2.04658 -3.95435
1.021 -2.02468 -4.24659
1.022 -2.00382 -6.10683
1.023 -1.98391 -4.24715
1.024 -1.96486 -3.93747
1.025 -1.9466 -3.75483
1.026 -1.92907 -3.6239
1.027 -1.91221 -3.52126
1.028 -1.89597 -3.43651
1.029 -1.88031 -3.36412
1.03 -1.86519 -3.30077
1.031 -1.85056 -3.24434
1.032 -1.83641 -3.19338
1.033 -1.82269 -3.14685
1.034 -1.80939 -3.10399
1.035 -1.79648 -3.06421
1.036 -1.78393 -3.02707
1.037 -1.77173 -2.9922
1.038 -1.75986 -2.95931
1.039 -1.7483 -2.92818
1.04 -1.73703 -2.8986
1.041 -1.72604 -2.87041
1.042 -1.71532 -2.84348
1.043 -1.70485 -2.81767
1.044 -1.69462 -2.7929
1.045 -1.68462 -2.76907
1.046 -1.67485 -2.7461
1.047 -1.66528 -2.72392
1.048 -1.65592 -2.70249
1.049 -1.64674 -2.68173
1.05 -1.63776 -2.66161
1.051 -1.62895 -2.64209
1.052 -1.62032 -2.62311
1.053 -1.61185 -2.60466
1.054 -1.60353 -2.5867
1.055 -1.59537 -2.56919
1.056 -1.58736 -2.55212
1.057 -1.57949 -2.53546
1.058 -1.57176 -2.51918
1.059 -1.56416 -2.50328
1.06 -1.55668 -2.48772
1.061 -1.54933 -2.4725
1.062 -1.5421 -2.45759
1.063 -1.53498 -2.44299
1.064 -1.52798 -2.42867
1.065 -1.52109 -2.41463
1.066 -1.5143 -2.40086
1.067 -1.50761 -2.38733
1.068 -1.50102 -2.37405
1.069 -1.49453 -2.36101
1.07 -1.48813 -2.34819
1.071 -1.48182 -2.33558
1.072 -1.4756 -2.32318
1.073 -1.46946 -2.31098
1.074 -1.46341 -2.29897
1.075 -1.45744 -2.28715
1.076 -1.45155 -2.27551
1.077 -1.44573 -2.26404
1.078 -1.43999 -2.25274
1.079 -1.43433 -2.2416
1.08 -1.42873 -2.23062
1.081 -1.4232 -2.21979
1.082 -1.41775 -2.20911
1.083 -1.41235 -2.19857
1.084 -1.40703 -2.18817
1.085 -1.40176 -2.17791
1.086 -1.39656 -2.16778
1.087 -1.39141 -2.15777
1.088 -1.38633 -2.14789
1.089 -1.3813 -2.13813
1.09 -1.37633 -2.12848
1.091 -1.37141 -2.11895
1.092 -1.36655 -2.10953
1.093 -1.36174 -2.10022
1.094 -1.35698 -2.09101
1.095 -1.35228 -2.08191
1.096 -1.34762 -2.07291
1.097 -1.34301 -2.06401
1.098 -1.33844 -2.0552
1.099 -1.33393 -2.04648
1.1 -1.32945 -2.03786
1.101 -1.32503 -2.02932
1.102 -1.32064 -2.02087
1.103 -1.3163 -2.01251
1.104 -1.31201 -2.00423
1.105 -1.30775 -1.99603
1.106 -1.30353 -1.98791
1.107 -1.29935 -1.97987
1.108 -1.29522 -1.97191
1.109 -1.29112 -1.96402
1.11 -1.28705 -1.9562
1.111 -1.28303 -1.94846
1.112 -1.27904 -1.94078
1.113 -1.27509 -1.93318
1.114 -1.27117 -1.92564
1.115 -1.26728 -1.91817
1.116 -1.26343 -1.91076
1.117 -1.25961 -1.90342
1.118 -1.25583 -1.89614
1.119 -1.25208 -1.88892
1.12 -1.24836 -1.88176
1.121 -1.24467 -1.87466
1.122 -1.24101 -1.86762
1.123 -1.23738 -1.86064
1.124 -1.23378 -1.85371
1.125 -1.23021 -1.84684
1.126 -1.22667 -1.84002
1.127 -1.22315 -1.83325
1.128 -1.21967 -1.82654
1.129 -1.21621 -1.81988
1.13 -1.21278 -1.81327
1.131 -1.20937 -1.80671
1.132 -1.20599 -1.8002
1.133 -1.20264 -1.79373
1.134 -1.19931 -1.78731
1.135 -1.19601 -1.78094
1.136 -1.19273 -1.77462
1.137 -1.18948 -1.76834
1.138 -1.18625 -1.76211
1.139 -1.18304 -1.75592
1.14 -1.17986 -1.74977
1.141 -1.1767 -1.74367
1.142 -1.17356 -1.7376
1.143 -1.17045 -1.73158
1.144 -1.16735 -1.7256
1.145 -1.16428 -1.71966
1.146 -1.16123 -1.71376
1.147 -1.1582 -1.7079
1.148 -1.1552 -1.70207
1.149 -1.15221 -1.69629
1.15 -1.14924 -1.69054
1.151 -1.1463 -1.68482
1.152 -1.14337 -1.67915
1.153 -1.14046 -1.67351
1.154 -1.13758 -1.6679
1.155 -1.13471 -1.66233
1.156 -1.13186 -1.6568
1.157 -1.12903 -1.6513
1.158 -1.12621 -1.64583
1.159 -1.12342 -1.64039
1.16 -1.12064 -1.63499
1.161 -1.11788 -1.62962
1.162 -1.11514 -1.62428
1.163 -1.11242 -1.61897
1.164 -1.10971 -1.6137
1.165 -1.10702 -1.60845
1.166 -1.10435 -1.60324
1.167 -1.10169 -1.59805
1.168 -1.09905 -1.5929
1.169 -1.09642 -1.58777
1.17 -1.09382 -1.58267
1.171 -1.09122 -1.5776
1.172 -1.08865 -1.57256
1.173 -1.08608 -1.56754
1.174 -1.08354 -1.56256
1.175 -1.08101 -1.5576
1.176 -1.07849 -1.55267
1.177 -1.07599 -1.54776
1.178 -1.0735 -1.54288
1.179 -1.07103 -1.53803
1.18 -1.06857 -1.5332
1.181 -1.06612 -1.52839
1.182 -1.06369 -1.52362
1.183 -1.06128 -1.51886
1.184 -1.05887 -1.51413
1.185 -1.05649 -1.50943
1.186 -1.05411 -1.50475
1.187 -1.05175 -1.50009
1.188 -1.0494 -1.49546
1.189 -1.04706 -1.49085
1.19 -1.04474 -1.48626
1.191 -1.04243 -1.48169
1.192 -1.04013 -1.47715
1.193 -1.03784 -1.47263
1.194 -1.03557 -1.46813
1.195 -1.03331 -1.46366
1.196 -1.03106 -1.4592
1.197 -1.02882 -1.45477
1.198 -1.0266 -1.45035
1.199 -1.02439 -1.44596
1.2 -1.02218 -1.44159
1.201 -1.01999 -1.43724
1.202 -1.01782 -1.43291
1.203 -1.01565 -1.4286
1.204 -1.01349 -1.42431
1.205 -1.01135 -1.42004
1.206 -1.00921 -1.41579
1.207 -1.00709 -1.41155
1.208 -1.00498 -1.40734
1.209 -1.00288 -1.40315
1.21 -1.00079 -1.39897
1.211 -0.998709 -1.39481
1.212 -0.99664 -1.39068
1.213 -0.994581 -1.38656
1.214 -0.992532 -1.38245
1.215 -0.990494 -1.37837
1.216 -0.988465 -1.3743
1.217 -0.986447 -1.37025
1.218 -0.984439 -1.36622
1.219 -0.98244 -1.36221
1.22 -0.980451 -1.35821
1.221 -0.978472 -1.35423
1.222 -0.976503 -1.35027
1.223 -0.974543 -1.34632
1.224 -0.972592 -1.34239
1.225 -0.970651 -1.33847
1.226 -0.968719 -1.33458
1.227 -0.966797 -1.33069
1.228 -0.964883 -1.32683
1.229 -0.962979 -1.32298
1.23 -0.961083 -1.31914
1.231 -0.959197 -1.31532
1.232 -0.957319 -1.31152
1.233 -0.95545 -1.30773
1.234 -0.95359 -1.30396
1.235 -0.951739 -1.3002
1.236 -0.949896 -1.29646
1.237 -0.948061 -1.29273
1.238 -0.946235 -1.28901
1.239 -0.944418 -1.28531
1.24 -0.942608 -1.28163
1.241 -0.940807 -1.27796
1.242 -0.939015 -1.2743
1.243 -0.93723 -1.27065
1.244 -0.935453 -1.26703
1.245 -0.933685 -1.26341
1.246 -0.931924 -1.25981
1.247 -0.930171 -1.25622
1.248 -0.928426 -1.25265
1.249 -0.926689 -1.24908
1.25 -0.924959 -1.24554
1.251 -0.923238 -1.242
1.252 -0.921523 -1.23848
1.253 -0.919817 -1.23497
1.254 -0.918118 -1.23147
1.255 -0.916426 -1.22799
1.256 -0.914742 -1.22452
1.257 -0.913065 -1.22106
1.258 -0.911395 -1.21762
1.259 -0.909732 -1.21418
1.26 -0.908077 -1.21076
1.261 -0.906429 -1.20735
1.262 -0.904788 -1.20396
1.263 -0.903154 -1.20057
1.264 -0.901527 -1.1972
1.265 -0.899907 -1.19384
1.266 -0.898294 -1.19049
1.267 -0.896688 -1.18715
1.268 -0.895088 -1.18382
1.269 -0.893496 -1.18051
1.27 -0.89191 -1.17721
1.271 -0.89033 -1.17391
1.272 -0.888758 -1.17063
1.273 -0.887192 -1.16736
1.274 -0.885632 -1.1641
1.275 -0.884079 -1.16086
1.276 -0.882533 -1.15762
1.277 -0.880992 -1.15439
1.278 -0.879459 -1.15118
1.279 -0.877931 -1.14797
1.28 -0.87641 -1.14478
1.281 -0.874895 -1.1416
1.282 -0.873387 -1.13843
1.283 -0.871884 -1.13526
1.284 -0.870388 -1.13211
1.285 -0.868898 -1.12897
1.286 -0.867414 -1.12584
1.287 -0.865936 -1.12272
1.288 -0.864464 -1.1196
1.289 -0.862998 -1.1165
1.29 -0.861537 -1.11341
1.291 -0.860083 -1.11033
1.292 -0.858635 -1.10726
1.293 -0.857192 -1.1042
1.294 -0.855755 -1.10114
1.295 -0.854324 -1.0981
1.296 -0.852899 -1.09507
1.297 -0.851479 -1.09204
1.298 -0.850065 -1.08903
1.299 -0.848657 -1.08602
1.3 -0.847254 -1.08303
1.301 -0.845857 -1.08004
1.302 -0.844465 -1.07706
1.303 -0.843079 -1.07409
1.304 -0.841699 -1.07113
1.305 -0.840323 -1.06818
1.306 -0.838953 -1.06524
1.307 -0.837589 -1.06231
1.308 -0.83623 -1.05939
1.309 -0.834876 -1.05647
1.31 -0.833527 -1.05356
1.311 -0.832184 -1.05067
1.312 -0.830846 -1.04778
1.313 -0.829513 -1.0449
1.314 -0.828186 -1.04202
1.315 -0.826863 -1.03916
1.316 -0.825546 -1.0363
1.317 -0.824233 -1.03346
1.318 -0.822926 -1.03062
1.319 -0.821624 -1.02779
1.32 -0.820327 -1.02497
1.321 -0.819035 -1.02215
1.322 -0.817747 -1.01935
1.323 -0.816465 -1.01655
1.324 -0.815188 -1.01376
1.325 -0.813915 -1.01098
1.326 -0.812647 -1.0082
1.327 -0.811385 -1.00544
1.328 -0.810127 -1.00268
1.329 -0.808873 -0.999926
1.33 -0.807625 -0.997183
1.331 -0.806381 -0.994448
1.332 -0.805142 -0.99172
1.333 -0.803908 -0.989
1.334 -0.802678 -0.986287
1.335 -0.801453 -0.983582
1.336 -0.800233 -0.980884
1.337 -0.799017 -0.978194
1.338 -0.797806 -0.975511
1.339 -0.7966 -0.972835
1.34 -0.795398 -0.970167
1.341 -0.7942 -0.967506
1.342 -0.793007 -0.964852
1.343 -0.791818 -0.962205
1.344 -0.790634 -0.959566
1.345 -0.789455 -0.956933
1.346 -0.788279 -0.954308
1.347 -0.787108 -0.951689
1.348 -0.785942 -0.949077
1.349 -0.78478 -0.946473
1.35 -0.783622 -0.943875
1.351 -0.782469 -0.941284
1.352 -0.781319 -0.9387
1.353 -0.780174 -0.936123
1.354 -0.779034 -0.933552
1.355 -0.777897 -0.930988
1.356 -0.776765 -0.928431
1.357 -0.775637 -0.925881
1.358 -0.774513 -0.923337
1.359 -0.773394 -0.920799
1.36 -0.772278 -0.918268
1.361 -0.771167 -0.915744
1.362 -0.770059 -0.913226
1.363 -0.768956 -0.910714
1.364 -0.767857 -0.908209
1.365 -0.766762 -0.90571
1.366 -0.765671 -0.903218
1.367 -0.764584 -0.900732
1.368 -0.763501 -0.898252
1.369 -0.762422 -0.895778
1.37 -0.761347 -0.893311
1.371 -0.760276 -0.890849
1.372 -0.759209 -0.888394
1.373 -0.758146 -0.885945
1.374 -0.757086 -0.883502
1.375 -0.756031 -0.881065
1.376 -0.75498 -0.878634
1.377 -0.753932 -0.876208
1.378 -0.752888 -0.873789
1.379 -0.751848 -0.871376
1.38 -0.750812 -0.868969
1.381 -0.74978 -0.866567
1.382 -0.748751 -0.864172
1.383 -0.747726 -0.861782
1.384 -0.746705 -0.859398
1.385 -0.745688 -0.857019
1.386 -0.744675 -0.854646
1.387 -0.743665 -0.852279
1.388 -0.742659 -0.849918
1.389 -0.741656 -0.847562
1.39 -0.740658 -0.845212
1.391 -0.739663 -0.842868
1.392 -0.738671 -0.840529
1.393 -0.737683 -0.838195
1.394 -0.736699 -0.835867
1.395 -0.735719 -0.833545
1.396 -0.734742 -0.831228
1.397 -0.733768 -0.828916
1.398 -0.732798 -0.82661
1.399 -0.731832 -0.824309
1.4 -0.730869 -0.822013
1.401 -0.72991 -0.819723
1.402 -0.728954 -0.817438
1.403 -0.728002 -0.815158
1.404 -0.727054 -0.812883
1.405 -0.726108 -0.810614
1.406 -0.725167 -0.80835
1.407 -0.724228 -0.806091
1.408 -0.723294 -0.803837
1.409 -0.722362 -0.801588
1.41 -0.721434 -0.799344
1.411 -0.72051 -0.797106
1.412 -0.719589 -0.794872
1.413 -0.718671 -0.792644
1.414 -0.717756 -0.79042
1.415 -0.716845 -0.788202
1.416 -0.715938 -0.785988
1.417 -0.715033 -0.783779
1.418 -0.714132 -0.781576
1.419 -0.713235 -0.779377
1.42 -0.71234 -0.777183
1.421 -0.711449 -0.774993
1.422 -0.710562 -0.772809
1.423 -0.709677 -0.770629
1.424 -0.708796 -0.768455
1.425 -0.707918 -0.766285
1.426 -0.707043 -0.764119
1.427 -0.706172 -0.761959
1.428 -0.705304 -0.759803
1.429 -0.704439 -0.757651
1.43 -0.703577 -0.755505
1.431 -0.702718 -0.753363
1.432 -0.701863 -0.751225
1.433 -0.701011 -0.749093
1.434 -0.700162 -0.746964
1.435 -0.699316 -0.744841
1.436 -0.698473 -0.742721
1.437 -0.697633 -0.740607
1.438 -0.696797 -0.738497
1.439 -0.695964 -0.736391
1.44 -0.695133 -0.73429
1.441 -0.694306 -0.732193
1.442 -0.693482 -0.7301
1.443 -0.692661 -0.728012
1.444 -0.691844 -0.725929
1.445 -0.691029 -0.72385
1.446 -0.690217 -0.721775
1.447 -0.689408 -0.719704
1.448 -0.688603 -0.717638
1.449 -0.6878 -0.715576
1.45 -0.687001 -0.713518
1.451 -0.686204 -0.711464
1.452 -0.685411 -0.709415
1.453 -0.68462 -0.70737
1.454 -0.683833 -0.705329
1.455 -0.683048 -0.703292
1.456 -0.682267 -0.70126
1.457 -0.681488 -0.699231
1.458 -0.680713 -0.697207
1.459 -0.67994 -0.695187
1.46 -0.679171 -0.693171
1.461 -0.678404 -0.691159
1.462 -0.67764 -0.689151
1.463 -0.676879 -0.687147
1.464 -0.676121 -0.685147
1.465 -0.675366 -0.683151
1.466 -0.674614 -0.681159
1.467 -0.673865 -0.679171
1.468 -0.673119 -0.677188
1.469 -0.672376 -0.675208
1.47 -0.671635 -0.673232
1.471 -0.670897 -0.671259
1.472 -0.670163 -0.669291
1.473 -0.669431 -0.667327
1.474 -0.668702 -0.665366
1.475 -0.667975 -0.66341
1.476 -0.667252 -0.661457
1.477 -0.666532 -0.659508
1.478 -0.665814 -0.657563
1.479 -0.665099 -0.655621
1.48 -0.664387 -0.653684
1.481 -0.663678 -0.65175
1.482 -0.662971 -0.64982
1.483 -0.662267 -0.647893
1.484 -0.661567 -0.645971
1.485 -0.660869 -0.644052
1.486 -0.660173 -0.642136
1.487 -0.659481 -0.640225
1.488 -0.658791 -0.638317
1.489 -0.658104 -0.636413
1.49 -0.65742 -0.634512
1.491 -0.656738 -0.632615
1.492 -0.656059 -0.630722
1.493 -0.655383 -0.628832
1.494 -0.65471 -0.626946
1.495 -0.654039 -0.625063
1.496 -0.653372 -0.623184
1.497 -0.652706 -0.621308
1.498 -0.652044 -0.619436
1.499 -0.651384 -0.617568
1.5 -0.650727 -0.615702
1.501 -0.650073 -0.613841
1.502 -0.649421 -0.611983
1.503 -0.648772 -0.610128
1.504 -0.648126 -0.608277
1.505 -0.647482 -0.606429
1.506 -0.646841 -0.604585
1.507 -0.646203 -0.602744
1.508 -0.645568 -0.600906
1.509 -0.644935 -0.599072
1.51 -0.644304 -0.597242
1.511 -0.643677 -0.595414
1.512 -0.643052 -0.59359
1.513 -0.642429 -0.591769
1.514 -0.641809 -0.589952
1.515 -0.641192 -0.588138
1.516 -0.640578 -0.586327
1.517 -0.639966 -0.58452
1.518 -0.639356 -0.582715
1.519 -0.63875 -0.580914
1.52 -0.638146 -0.579117
1.521 -0.637544 -0.577322
1.522 -0.636945 -0.575531
1.523 -0.636349 -0.573743
1.524 -0.635755 -0.571958
1.525 -0.635164 -0.570177
1.526 -0.634576 -0.568398
1.527 -0.63399 -0.566623
1.528 -0.633406 -0.564851
1.529 -0.632825 -0.563082
1.53 -0.632247 -0.561316
1.531 -0.631672 -0.559553
1.532 -0.631098 -0.557794
1.533 -0.630528 -0.556037
1.534 -0.62996 -0.554284
1.535 -0.629394 -0.552534
1.536 -0.628831 -0.550786
1.537 -0.628271 -0.549042
1.538 -0.627713 -0.547301
1.539 -0.627157 -0.545563
1.54 -0.626605 -0.543828
1.541 -0.626054 -0.542096
1.542 -0.625507 -0.540367
1.543 -0.624961 -0.538641
1.544 -0.624418 -0.536918
1.545 -0.623878 -0.535198
1.546 -0.62334 -0.533481
1.547 -0.622805 -0.531767
1.548 -0.622272 -0.530056
1.549 -0.621742 -0.528347
1.55 -0.621214 -0.526642
1.551 -0.620689 -0.52494
1.552 -0.620166 -0.52324
1.553 -0.619646 -0.521544
1.554 -0.619128 -0.51985
1.555 -0.618613 -0.518159
1.556 -0.6181 -0.516471
1.557 -0.61759 -0.514786
1.558 -0.617082 -0.513104
1.559 -0.616576 -0.511425
1.56 -0.616073 -0.509748
1.561 -0.615573 -0.508075
1.562 -0.615075 -0.506404
1.563 -0.614579 -0.504736
1.564 -0.614086 -0.503071
1.565 -0.613595 -0.501408
1.566 -0.613107 -0.499748
1.567 -0.612621 -0.498091
1.568 -0.612138 -0.496437
1.569 -0.611657 -0.494786
1.57 -0.611178 -0.493137
1.571 -0.610702 -0.491491
1.572 -0.610229 -0.489848
1.573 -0.609757 -0.488208
1.574 -0.609289 -0.48657
1.575 -0.608822 -0.484935
1.576 -0.608358 -0.483302
1.577 -0.607897 -0.481673
1.578 -0.607438 -0.480046
1.579 -0.606981 -0.478421
1.58 -0.606527 -0.476799
1.581 -0.606075 -0.47518
1.582 -0.605626 -0.473564
1.583 -0.605179 -0.47195
1.584 -0.604734 -0.470339
1.585 -0.604292 -0.46873
1.586 -0.603853 -0.467124
1.587 -0.603415 -0.465521
1.588 -0.60298 -0.46392
1.589 -0.602548 -0.462322
1.59 -0.602118 -0.460727
1.591 -0.60169 -0.459134
1.592 -0.601265 -0.457543
1.593 -0.600842 -0.455955
1.594 -0.600421 -0.45437
1.595 -0.600003 -0.452787
1.596 -0.599587 -0.451207
1.597 -0.599174 -0.449629
1.598 -0.598763 -0.448053
1.599 -0.598354 -0.446481
1.6 -0.597948 -0.44491
1.601 -0.597544 -0.443343
1.602 -0.597143 -0.441777
1.603 -0.596744 -0.440214
1.604 -0.596347 -0.438654
1.605 -0.595953 -0.437096
1.606 -0.595561 -0.435541
1.607 -0.595171 -0.433988
1.608 -0.594784 -0.432437
1.609 -0.5944 -0.430889
1.61 -0.594017 -0.429343
1.611 -0.593637 -0.4278
1.612 -0.59326 -0.426259
1.613 -0.592884 -0.42472
1.614 -0.592511 -0.423184
1.615 -0.592141 -0.42165
1.616 -0.591773 -0.420119
1.617 -0.591407 -0.41859
1.618 -0.591043 -0.417063
1.619 -0.590682 -0.415539
1.62 -0.590324 -0.414017
1.621 -0.589967 -0.412498
1.622 -0.589613 -0.41098
1.623 -0.589262 -0.409465
1.624 -0.588913 -0.407953
1.625 -0.588566 -0.406443
1.626 -0.588221 -0.404935
1.627 -0.587879 -0.403429
1.628 -0.587539 -0.401926
1.629 -0.587202 -0.400425
1.63 -0.586867 -0.398926
1.631 -0.586534 -0.397429
1.632 -0.586204 -0.395935
1.633 -0.585876 -0.394443
1.634 -0.58555 -0.392953
1.635 -0.585227 -0.391466
1.636 -0.584906 -0.389981
1.637 -0.584588 -0.388498
1.638 -0.584272 -0.387017
1.639 -0.583958 -0.385538
1.64 -0.583646 -0.384062
1.641 -0.583337 -0.382588
1.642 -0.583031 -0.381116
1.643 -0.582726 -0.379646
1.644 -0.582424 -0.378179
1.645 -0.582125 -0.376714
1.646 -0.581827 -0.37525
1.647 -0.581532 -0.373789
1.648 -0.58124 -0.372331
1.649 -0.58095 -0.370874
1.65 -0.580662 -0.36942
1.651 -0.580377 -0.367967
1.652 -0.580093 -0.366517
1.653 -0.579813 -0.365069
1.654 -0.579534 -0.363623
1.655 -0.579258 -0.362179
1.656 -0.578985 -0.360738
1.657 -0.578714 -0.359298
1.658 -0.578445 -0.357861
1.659 -0.578178 -0.356426
1.66 -0.577914 -0.354992
1.661 -0.577652 -0.353561
1.662 -0.577393 -0.352132
1.663 -0.577136 -0.350705
1.664 -0.576881 -0.34928
1.665 -0.576629 -0.347858
1.666 -0.576379 -0.346437
1.667 -0.576132 -0.345018
1.668 -0.575886 -0.343602
1.669 -0.575644 -0.342187
1.67 -0.575403 -0.340775
1.671 -0.575165 -0.339364
1.672 -0.57493 -0.337956
1.673 -0.574696 -0.336549
1.674 -0.574465 -0.335145
1.675 -0.574237 -0.333742
1.676 -0.574011 -0.332342
1.677 -0.573787 -0.330944
1.678 -0.573566 -0.329547
1.679 -0.573347 -0.328153
1.68 -0.57313 -0.32676
1.681 -0.572916 -0.32537
1.682 -0.572704 -0.323981
1.683 -0.572495 -0.322595
1.684 -0.572288 -0.321211
1.685 -0.572083 -0.319828
1.686 -0.571881 -0.318447
1.687 -0.571681 -0.317069
1.688 -0.571484 -0.315692
1.689 -0.571289 -0.314317
1.69 -0.571096 -0.312945
1.691 -0.570906 -0.311574
1.692 -0.570718 -0.310205
1.693 -0.570533 -0.308838
1.694 -0.57035 -0.307473
1.695 -0.570169 -0.306109
1.696 -0.569991 -0.304748
1.697 -0.569816 -0.303389
1.698 -0.569642 -0.302031
1.699 -0.569471 -0.300676
1.7 -0.569303 -0.299322
1.701 -0.569137 -0.29797
1.702 -0.568973 -0.29662
1.703 -0.568812 -0.295272
1.704 -0.568654 -0.293926
1.705 -0.568497 -0.292582
1.706 -0.568343 -0.291239
1.707 -0.568192 -0.289899
1.708 -0.568043 -0.28856
1.709 -0.567896 -0.287223
1.71 -0.567752 -0.285888
1.711 -0.567611 -0.284555
1.712 -0.567472 -0.283223
1.713 -0.567335 -0.281894
1.714 -0.567201 -0.280566
1.715 -0.567069 -0.27924
1.716 -0.566939 -0.277916
1.717 -0.566812 -0.276594
1.718 -0.566688 -0.275273
1.719 -0.566566 -0.273954
1.72 -0.566447 -0.272637
1.721 -0.56633 -0.271322
1.722 -0.566215 -0.270009
1.723 -0.566103 -0.268697
1.724 -0.565993 -0.267388
1.725 -0.565886 -0.26608
1.726 -0.565782 -0.264773
1.727 -0.56568 -0.263469
1.728 -0.56558 -0.262166
1.729 -0.565483 -0.260865
1.73 -0.565388 -0.259566
1.731 -0.565296 -0.258269
1.732 -0.565207 -0.256973
1.733 -0.56512 -0.255679
1.734 -0.565035 -0.254387
1.735 -0.564953 -0.253096
1.736 -0.564873 -0.251807
1.737 -0.564796 -0.25052
1.738 -0.564722 -0.249235
1.739 -0.56465 -0.247951
1.74 -0.564581 -0.24667
1.741 -0.564514 -0.245389
1.742 -0.564449 -0.244111
1.743 -0.564388 -0.242834
1.744 -0.564328 -0.241559
1.745 -0.564272 -0.240285
1.746 -0.564218 -0.239014
1.747 -0.564166 -0.237744
1.748 -0.564117 -0.236475
1.749 -0.564071 -0.235209
1.75 -0.564027 -0.233944
1.751 -0.563986 -0.23268
1.752 -0.563947 -0.231419
1.753 -0.563911 -0.230159
1.754 -0.563877 -0.2289
1.755 -0.563846 -0.227643
1.756 -0.563818 -0.226388
1.757 -0.563792 -0.225135
1.758 -0.563769 -0.223883
1.759 -0.563749 -0.222633
1.76 -0.563731 -0.221384
1.761 -0.563716 -0.220138
1.762 -0.563703 -0.218892
1.763 -0.563693 -0.217649
1.764 -0.563686 -0.216407
1.765 -0.563681 -0.215166
1.766 -0.563679 -0.213927
1.767 -0.56368 -0.21269
1.768 -0.563683 -0.211455
1.769 -0.563689 -0.210221
1.77 -0.563697 -0.208988
1.771 -0.563709 -0.207757
1.772 -0.563723 -0.206528
1.773 -0.563739 -0.2053
1.774 -0.563758 -0.204074
1.775 -0.56378 -0.20285
1.776 -0.563805 -0.201627
1.777 -0.563832 -0.200406
1.778 -0.563862 -0.199186
1.779 -0.563895 -0.197968
1.78 -0.563931 -0.196751
1.781 -0.563969 -0.195536
1.782 -0.56401 -0.194322
1.783 -0.564053 -0.19311
1.784 -0.5641 -0.1919
1.785 -0.564149 -0.190691
1.786 -0.564201 -0.189484
1.787 -0.564256 -0.188278
1.788 -0.564313 -0.187073
1.789 -0.564373 -0.185871
1.79 -0.564436 -0.184669
1.791 -0.564502 -0.18347
1.792 -0.56457 -0.182271
1.793 -0.564642 -0.181075
1.794 -0.564716 -0.179879
1.795 -0.564793 -0.178686
1.796 -0.564873 -0.177494
1.797 -0.564955 -0.176303
1.798 -0.565041 -0.175114
1.799 -0.565129 -0.173926
1.8 -0.56522 -0.17274
1.801 -0.565314 -0.171555
1.802 -0.56541 -0.170372
1.803 -0.56551 -0.16919
1.804 -0.565612 -0.16801
1.805 -0.565718 -0.166831
1.806 -0.565826 -0.165654
1.807 -0.565937 -0.164478
1.808 -0.566051 -0.163304
1.809 -0.566168 -0.162131
1.81 -0.566288 -0.160959
1.811 -0.56641 -0.159789
1.812 -0.566536 -0.158621
1.813 -0.566665 -0.157454
1.814 -0.566796 -0.156288
1.815 -0.566931 -0.155124
1.816 -0.567068 -0.153961
1.817 -0.567208 -0.1528
1.818 -0.567352 -0.15164
1.819 -0.567498 -0.150482
1.82 -0.567647 -0.149325
1.821 -0.567799 -0.148169
1.822 -0.567955 -0.147015
1.823 -0.568113 -0.145862
1.824 -0.568274 -0.144711
1.825 -0.568439 -0.143561
1.826 -0.568606 -0.142413
1.827 -0.568776 -0.141265
1.828 -0.56895 -0.14012
1.829 -0.569126 -0.138976
1.83 -0.569306 -0.137833
1.831 -0.569488 -0.136691
1.832 -0.569674 -0.135551
1.833 -0.569863 -0.134412
1.834 -0.570055 -0.133275
1.835 -0.57025 -0.132139
1.836 -0.570448 -0.131005
1.837 -0.570649 -0.129872
1.838 -0.570853 -0.12874
1.839 -0.571061 -0.127609
1.84 -0.571271 -0.12648
1.841 -0.571485 -0.125353
1.842 -0.571702 -0.124226
1.843 -0.571923 -0.123102
1.844 -0.572146 -0.121978
1.845 -0.572372 -0.120856
1.846 -0.572602 -0.119735
1.847 -0.572835 -0.118615
1.848 -0.573072 -0.117497
1.849 -0.573311 -0.11638
1.85 -0.573554 -0.115265
1.851 -0.5738 -0.114151
1.852 -0.574049 -0.113038
1.853 -0.574302 -0.111927
1.854 -0.574558 -0.110817
1.855 -0.574817 -0.109708
1.856 -0.575079 -0.1086
1.857 -0.575345 -0.107494
1.858 -0.575614 -0.106389
1.859 -0.575887 -0.105286
1.86 -0.576163 -0.104184
1.861 -0.576442 -0.103083
1.862 -0.576724 -0.101983
1.863 -0.57701 -0.100885
1.864 -0.5773 -0.0997883
1.865 -0.577593 -0.0986927
1.866 -0.577889 -0.0975984
1.867 -0.578189 -0.0965054
1.868 -0.578492 -0.0954136
1.869 -0.578799 -0.0943232
1.87 -0.579109 -0.0932341
1.871 -0.579422 -0.0921463
1.872 -0.579739 -0.0910597
1.873 -0.58006 -0.0899745
1.874 -0.580384 -0.0888905
1.875 -0.580712 -0.0878078
1.876 -0.581043 -0.0867264
1.877 -0.581378 -0.0856462
1.878 -0.581716 -0.0845674
1.879 -0.582058 -0.0834898
1.88 -0.582404 -0.0824134
1.881 -0.582753 -0.0813383
1.882 -0.583106 -0.0802645
1.883 -0.583462 -0.079192
1.884 -0.583822 -0.0781207
1.885 -0.584186 -0.0770507
1.886 -0.584554 -0.0759819
1.887 -0.584925 -0.0749144
1.888 -0.5853 -0.0738481
1.889 -0.585678 -0.072783
1.89 -0.586061 -0.0717192
1.891 -0.586447 -0.0706567
1.892 -0.586837 -0.0695954
1.893 -0.587231 -0.0685353
1.894 -0.587628 -0.0674765
1.895 -0.58803 -0.0664189
1.896 -0.588435 -0.0653625
1.897 -0.588844 -0.0643073
1.898 -0.589257 -0.0632534
1.899 -0.589673 -0.0622007
1.9 -0.590094 -0.0611492
1.901 -0.590519 -0.0600989
1.902 -0.590947 -0.0590499
1.903 -0.59138 -0.0580021
1.904 -0.591816 -0.0569554
1.905 -0.592256 -0.05591
1.906 -0.592701 -0.0548658
1.907 -0.593149 -0.0538228
1.908 -0.593602 -0.052781
1.909 -0.594058 -0.0517404
1.91 -0.594519 -0.050701
1.911 -0.594983 -0.0496628
1.912 -0.595452 -0.0486258
1.913 -0.595925 -0.04759
1.914 -0.596402 -0.0465553
1.915 -0.596883 -0.0455219
1.916 -0.597368 -0.0444896
1.917 -0.597858 -0.0434586
1.918 -0.598352 -0.0424287
1.919 -0.59885 -0.0414
1.92 -0.599352 -0.0403724
1.921 -0.599858 -0.0393461
1.922 -0.600369 -0.0383209
1.923 -0.600884 -0.0372969
1.924 -0.601404 -0.036274
1.925 -0.601927 -0.0352523
1.926 -0.602455 -0.0342318
1.927 -0.602988 -0.0332124
1.928 -0.603525 -0.0321942
1.929 -0.604066 -0.0311772
1.93 -0.604612 -0.0301613
1.931 -0.605162 -0.0291466
1.932 -0.605717 -0.028133
1.933 -0.606276 -0.0271205
1.934 -0.60684 -0.0261093
1.935 -0.607408 -0.0250991
1.936 -0.607981 -0.0240901
1.937 -0.608559 -0.0230823
1.938 -0.609141 -0.0220756
1.939 -0.609727 -0.02107
1.94 -0.610319 -0.0200655
1.941 -0.610915 -0.0190622
1.942 -0.611516 -0.01806
1.943 -0.612122 -0.017059
1.944 -0.612732 -0.0160591
1.945 -0.613347 -0.0150603
1.946 -0.613967 -0.0140626
1.947 -0.614592 -0.0130661
1.948 -0.615222 -0.0120706
1.949 -0.615856 -0.0110763
1.95 -0.616496 -0.0100831
1.951 -0.61714 -0.00909105
1.952 -0.617789 -0.00810008
1.953 -0.618444 -0.00711022
1.954 -0.619103 -0.00612147
1.955 -0.619768 -0.00513383
1.956 -0.620437 -0.00414729
1.957 -0.621112 -0.00316185
1.958 -0.621791 -0.00217751
1.959 -0.622476 -0.00119428
1.96 -0.623166 -0.000212136
1.961 -0.623862 0.000768909
1.962 -0.624562 0.00174886
1.963 -0.625268 0.00272772
1.964 -0.625979 0.00370549
1.965 -0.626695 0.00468218
1.966 -0.627417 0.00565778
1.967 -0.628144 0.00663229
1.968 -0.628877 0.00760572
1.969 -0.629615 0.00857807
1.97 -0.630358 0.00954935
1.971 -0.631107 0.0105195
1.972 -0.631862 0.0114887
1.973 -0.632622 0.0124567
1.974 -0.633388 0.0134237
1.975 -0.634159 0.0143896
1.976 -0.634936 0.0153544
1.977 -0.635719 0.0163182
1.978 -0.636507 0.0172809
1.979 -0.637302 0.0182426
1.98 -0.638102 0.0192031
1.981 -0.638908 0.0201627
1.982 -0.639719 0.0211211
1.983 -0.640537 0.0220786
1.984 -0.641361 0.0230349
1.985 -0.642191 0.0239902
1.986 -0.643026 0.0249445
1.987 -0.643868 0.0258977
1.988 -0.644716 0.0268498
1.989 -0.64557 0.027801
1.99 -0.64643 0.028751
1.991 -0.647296 0.0297001
1.992 -0.648169 0.0306481
1.993 -0.649048 0.031595
1.994 -0.649933 0.0325409
1.995 -0.650825 0.0334858
1.996 -0.651723 0.0344296
1.997 -0.652628 0.0353725
1.998 -0.653539 0.0363142
1.999 -0.654456 0.037255
2 -0.65538 0.0381947
2.001 -0.656311 0.0391334
2.002 -0.657249 0.0400711
2.003 -0.658193 0.0410078
2.004 -0.659144 0.0419434
2.005 -0.660102 0.042878
2.006 -0.661066 0.0438116
2.007 -0.662038 0.0447442
2.008 -0.663016 0.0456758
2.009 -0.664002 0.0466064
2.01 -0.664994 0.0475359
2.011 -0.665994 0.0484644
2.012 -0.667001 0.049392
2.013 -0.668015 0.0503185
2.014 -0.669036 0.051244
2.015 -0.670065 0.0521686
2.016 -0.6711 0.0530921
2.017 -0.672144 0.0540146
2.018 -0.673195 0.0549361
2.019 -0.674253 0.0558566
2.02 -0.675319 0.0567762
2.021 -0.676392 0.0576947
2.022 -0.677473 0.0586123
2.023 -0.678562 0.0595288
2.024 -0.679659 0.0604444
2.025 -0.680763 0.061359
2.026 -0.681876 0.0622726
2.027 -0.682996 0.0631852
2.028 -0.684125 0.0640968
2.029 -0.685261 0.0650074
2.03 -0.686406 0.0659171
2.031 -0.687559 0.0668258
2.032 -0.68872 0.0677335
2.033 -0.68989 0.0686402
2.034 -0.691068 0.069546
2.035 -0.692254 0.0704508
2.036 -0.693449 0.0713546
2.037 -0.694653 0.0722575
2.038 -0.695865 0.0731593
2.039 -0.697086 0.0740603
2.04 -0.698316 0.0749602
2.041 -0.699554 0.0758592
2.042 -0.700802 0.0767572
2.043 -0.702059 0.0776543
2.044 -0.703325 0.0785504
2.045 -0.7046 0.0794455
2.046 -0.705884 0.0803397
2.047 -0.707178 0.081233
2.048 -0.708481 0.0821253
2.049 -0.709793 0.0830166
2.05 -0.711115 0.083907
2.051 -0.712447 0.0847964
2.052 -0.713789 0.0856849
2.053 -0.71514 0.0865724
2.054 -0.716501 0.087459
2.055 -0.717873 0.0883447
2.056 -0.719254 0.0892294
2.057 -0.720646 0.0901132
2.058 -0.722048 0.090996
2.059 -0.72346 0.0918779
2.06 -0.724882 0.0927588
2.061 -0.726316 0.0936389
2.062 -0.727759 0.0945179
2.063 -0.729214 0.0953961
2.064 -0.730679 0.0962733
2.065 -0.732156 0.0971496
2.066 -0.733643 0.098025
2.067 -0.735142 0.0988994
2.068 -0.736652 0.0997729
2.069 -0.738173 0.100646
2.07 -0.739705 0.101517
2.071 -0.74125 0.102388
2.072 -0.742805 0.103258
2.073 -0.744373 0.104127
2.074 -0.745953 0.104995
2.075 -0.747544 0.105862
2.076 -0.749148 0.106728
2.077 -0.750764 0.107593
2.078 -0.752393 0.108457
2.079 -0.754034 0.109321
2.08 -0.755687 0.110183
2.081 -0.757354 0.111045
2.082 -0.759033 0.111906
2.083 -0.760725 0.112765
2.084 -0.76243 0.113624
2.085 -0.764149 0.114482
2.086 -0.765881 0.115339
2.087 -0.767627 0.116196
2.088 -0.769387 0.117051
2.089 -0.77116 0.117905
2.09 -0.772947 0.118759
2.091 -0.774749 0.119611
2.092 -0.776565 0.120463
2.093 -0.778395 0.121314
2.094 -0.78024 0.122164
2.095 -0.7821 0.123013
2.096 -0.783975 0.123861
2.097 -0.785864 0.124708
2.098 -0.78777 0.125554
2.099 -0.78969 0.1264
2.1 -0.791627 0.127244
2.101 -0.793579 0.128088
2.102 -0.795547 0.128931
2.103 -0.797531 0.129773
2.104 -0.799532 0.130614
2.105 -0.801549 0.131454
2.106 -0.803583 0.132293
2.107 -0.805634 0.133132
2.108 -0.807702 0.133969
2.109 -0.809788 0.134806
2.11 -0.811891 0.135642
2.111 -0.814012 0.136477
2.112 -0.816151 0.137311
2.113 -0.818308 0.138144
2.114 -0.820484 0.138976
2.115 -0.822679 0.139808
2.116 -0.824892 0.140638
2.117 -0.827125 0.141468
2.118 -0.829377 0.142297
2.119 -0.831649 0.143125
2.12 -0.83394 0.143952
2.121 -0.836252 0.144778
2.122 -0.838585 0.145604
2.123 -0.840938 0.146428
2.124 -0.843312 0.147252
2.125 -0.845708 0.148075
2.126 -0.848125 0.148897
2.127 -0.850564 0.149718
2.128 -0.853025 0.150538
2.129 -0.855509 0.151358
2.13 -0.858016 0.152176
2.131 -0.860545 0.152994
2.132 -0.863099 0.153811
2.133 -0.865676 0.154627
2.134 -0.868277 0.155442
2.135 -0.870903 0.156257
2.136 -0.873553 0.15707
2.137 -0.876229 0.157883
2.138 -0.878931 0.158695
2.139 -0.881658 0.159506
2.14 -0.884412 0.160316
2.141 -0.887193 0.161125
2.142 -0.890001 0.161934
2.143 -0.892836 0.162741
2.144 -0.8957 0.163548
2.145 -0.898592 0.164354
2.146 -0.901514 0.165159
2.147 -0.904464 0.165963
2.148 -0.907445 0.166767
2.149 -0.910456 0.16757
2.15 -0.913498 0.168371
2.151 -0.916571 0.169172
2.152 -0.919676 0.169973
2.153 -0.922814 0.170772
2.154 -0.925985 0.171571
2.155 -0.92919 0.172368
2.156 -0.932428 0.173165
2.157 -0.935702 0.173961
2.158 -0.939011 0.174756
2.159 -0.942356 0.175551
2.16 -0.945738 0.176344
2.161 -0.949157 0.177137
2.162 -0.952614 0.177929
2.163 -0.95611 0.17872
2.164 -0.959646 0.179511
2.165 -0.963222 0.1803
2.166 -0.966839 0.181089
2.167 -0.970498 0.181877
2.168 -0.974199 0.182664
2.169 -0.977944 0.18345
2.17 -0.981733 0.184236
2.171 -0.985568 0.185021
2.172 -0.989449 0.185805
2.173 -0.993376 0.186588
2.174 -0.997352 0.18737
2.175 -1.00138 0.188151
2.176 -1.00545 0.188932
2.177 -1.00958 0.189712
2.178 -1.01376 0.190491
2.179 -1.01799 0.191269
2.18 -1.02228 0.192047
2.181 -1.02662 0.192823
2.182 -1.03102 0.193599
2.183 -1.03548 0.194374
2.184 -1.04 0.195149
2.185 -1.04458 0.195922
2.186 -1.04922 0.196695
2.187 -1.05393 0.197467
2.188 -1.0587 0.198238
2.189 -1.06354 0.199008
2.19 -1.06845 0.199778
2.191 -1.07344 0.200547
2.192 -1.07849 0.201315
2.193 -1.08362 0.202082
2.194 -1.08882 0.202848
2.195 -1.09411 0.203614
2.196 -1.09947 0.204379
2.197 -1.10492 0.205143
2.198 -1.11045 0.205906
2.199 -1.11608 0.206669
2.2 -1.12179 0.207431
2.201 -1.12759 0.208191
2.202 -1.13349 0.208952
2.203 -1.13949 0.209711
2.204 -1.14559 0.21047
2.205 -1.1518 0.211228
2.206 -1.15811 0.211985
2.207 -1.16454 0.212741
2.208 -1.17108 0.213497
2.209 -1.17774 0.214251
2.21 -1.18453 0.215005
2.211 -1.19144 0.215759
2.212 -1.19848 0.216511
2.213 -1.20566 0.217263
2.214 -1.21298 0.218014
2.215 -1.22045 0.218764
2.216 -1.22807 0.219513
2.217 -1.23585 0.220262
2.218 -1.2438 0.22101
2.219 -1.25191 0.221757
2.22 -1.2602 0.222503
2.221 -1.26868 0.223249
2.222 -1.27735 0.223994
2.223 -1.28622 0.224738
2.224 -1.29531 0.225481
2.225 -1.30461 0.226224
2.226 -1.31414 0.226966
2.227 -1.32392 0.227707
2.228 -1.33394 0.228447
2.229 -1.34424 0.229187
2.23 -1.35481 0.229926
2.231 -1.36567 0.230664
2.232 -1.37685 0.231401
2.233 -1.38835 0.232137
2.234 -1.4002 0.232873
2.235 -1.41241 0.233608
2.236 -1.42502 0.234343
2.237 -1.43803 0.235076
2.238 -1.45148 0.235809
2.239 -1.46541 0.236541
2.24 -1.47983 0.237273
2.241 -1.49479 0.238003
2.242 -1.51032 0.238733
2.243 -1.52648 0.239462
2.244 -1.5433 0.240191
2.245 -1.56085 0.240918
2.246 -1.57919 0.241645
2.247 -1.59839 0.242371
2.248 -1.61853 0.243097
2.249 -1.63971 0.243821
2.25 -1.66204 0.244545
2.251 -1.68564 0.245269
2.252 -1.71067 0.245991
2.253 -1.73729 0.246713
2.254 -1.76574 0.247434
2.255 -1.79626 0.248154
2.256 -1.82918 0.248874
2.257 -1.8649 0.249593
2.258 -1.90392 0.250311
2.259 -1.94692 0.251028
2.26 -1.99479 0.251745
2.261 -2.04873 0.252461
2.262 -2.11051 0.253176
2.263 -2.18276 0.253891
2.264 -2.26973 0.254604
2.265 -2.37891 0.255317
2.266 -2.52554 0.25603
2.267 -2.74931 0.256741
2.268 -3.23846 0.257452
2.269 -3.20118 0.258162
2.27 -2.73541 0.258872
2.271 -2.51543 0.25958
2.272 -2.36979 0.260288
2.273 -2.26067 0.260996
2.274 -2.17334 0.261702
2.275 -2.1005 0.262408
2.276 -2.03799 0.263113
2.277 -1.98322 0.263818
2.278 -1.93448 0.264521
2.279 -1.89056 0.265224
2.28 -1.85058 0.265927
2.281 -1.81388 0.266628
2.282 -1.77996 0.267329
2.283 -1.74843 0.268029
2.284 -1.71896 0.268729
2.285 -1.6913 0.269427
2.286 -1.66523 0.270126
2.287 -1.64058 0.270823
2.288 -1.61719 0.271519
2.289 -1.59495 0.272215
2.29 -1.57374 0.272911
2.291 -1.55348 0.273605
2.292 -1.53406 0.274299
2.293 -1.51544 0.274992
2.294 -1.49754 0.275684
2.295 -1.4803 0.276376
2.296 -1.46369 0.277067
2.297 -1.44765 0.277757
2.298 -1.43214 0.278447
2.299 -1.41713 0.279136
2.3 -1.40259 0.279824
2.301 -1.38849 0.280512
2.302 -1.37479 0.281198
2.303 -1.36149 0.281885
2.304 -1.34855 0.28257
2.305 -1.33595 0.283255
2.306 -1.32368 0.283939
2.307 -1.31172 0.284622
2.308 -1.30006 0.285305
2.309 -1.28867 0.285987
2.31 -1.27754 0.286668
2.311 -1.26667 0.287349
2.312 -1.25604 0.288029
2.313 -1.24564 0.288708
2.314 -1.23546 0.289386
2.315 -1.22549 0.290064
2.316 -1.21572 0.290741
2.317 -1.20614 0.291418
2.318 -1.19675 0.292093
2.319 -1.18754 0.292769
2.32 -1.17849 0.293443
2.321 -1.16961 0.294117
2.322 -1.16089 0.29479
2.323 -1.15232 0.295462
2.324 -1.1439 0.296134
2.325 -1.13561 0.296805
2.326 -1.12747 0.297475
2.327 -1.11945 0.298145
2.328 -1.11157 0.298814
2.329 -1.1038 0.299482
2.33 -1.09616 0.30015
2.331 -1.08863 0.300817
2.332 -1.08121 0.301483
2.333 -1.0739 0.302149
2.334 -1.06669 0.302813
2.335 -1.05959 0.303478
2.336 -1.05258 0.304141
2.337 -1.04568 0.304804
2.338 -1.03886 0.305466
2.339 -1.03213 0.306128
2.34 -1.02549 0.306789
2.341 -1.01894 0.307449
2.342 -1.01247 0.308109
2.343 -1.00608 0.308767
2.344 -0.999769 0.309426
2.345 -0.993534 0.310083
2.346 -0.987374 0.31074
2.347 -0.981287 0.311396
2.348 -0.975271 0.312052
2.349 -0.969323 0.312707
2.35 -0.963444 0.313361
2.351 -0.957629 0.314014
2.352 -0.951879 0.314667
2.353 -0.946192 0.31532
2.354 -0.940566 0.315971
2.355 -0.935 0.316622
2.356 -0.929492 0.317272
2.357 -0.924041 0.317922
2.358 -0.918646 0.318571
2.359 -0.913305 0.319219
2.36 -0.908018 0.319867
2.361 -0.902784 0.320514
2.362 -0.8976 0.32116
2.363 -0.892466 0.321806
2.364 -0.887382 0.322451
2.365 -0.882345 0.323095
2.366 -0.877356 0.323739
2.367 -0.872412 0.324382
2.368 -0.867514 0.325024
2.369 -0.86266 0.325666
2.37 -0.857849 0.326307
2.371 -0.853081 0.326947
2.372 -0.848354 0.327587
2.373 -0.843668 0.328226
2.374 -0.839023 0.328865
2.375 -0.834417 0.329502
2.376 -0.82985 0.33014
2.377 -0.82532 0.330776
2.378 -0.820828 0.331412
2.379 -0.816372 0.332047
2.38 -0.811953 0.332682
2.381 -0.807568 0.333316
2.382 -0.803219 0.333949
2.383 -0.798903 0.334582
2.384 -0.794621 0.335214
2.385 -0.790372 0.335845
2.386 -0.786155 0.336476
2.387 -0.781971 0.337106
2.388 -0.777817 0.337735
2.389 -0.773694 0.338364
2.39 -0.769602 0.338992
2.391 -0.765539 0.33962
2.392 -0.761505 0.340246
2.393 -0.757501 0.340873
2.394 -0.753525 0.341498
2.395 -0.749577 0.342123
2.396 -0.745656 0.342747
2.397 -0.741762 0.343371
2.398 -0.737895 0.343994
2.399 -0.734055 0.344617
2.4 -0.73024 0.345238
2.401 -0.726451 0.34586
2.402 -0.722686 0.34648
2.403 -0.718947 0.3471
2.404 -0.715232 0.347719
2.405 -0.711541 0.348338
2.406 -0.707874 0.348956
2.407 -0.70423 0.349573
2.408 -0.700609 0.35019
2.409 -0.69701 0.350806
2.41 -0.693434 0.351421
2.411 -0.68988 0.352036
2.412 -0.686348 0.35265
2.413 -0.682838 0.353264
2.414 -0.679348 0.353877
2.415 -0.67588 0.354489
2.416 -0.672432 0.355101
2.417 -0.669004 0.355712
2.418 -0.665596 0.356322
2.419 -0.662209 0.356932
2.42 -0.65884 0.357541
2.421 -0.655491 0.35815
2.422 -0.652162 0.358758
2.423 -0.64885 0.359365
2.424 -0.645558 0.359972
2.425 -0.642284 0.360578
2.426 -0.639028 0.361183
2.427 -0.635789 0.361788
2.428 -0.632569 0.362392
2.429 -0.629366 0.362996
2.43 -0.62618 0.363599
2.431 -0.623011 0.364201
2.432 -0.619859 0.364803
2.433 -0.616723 0.365404
2.434 -0.613604 0.366004
2.435 -0.610501 0.366604
2.436 -0.607415 0.367204
2.437 -0.604344 0.367802
2.438 -0.601288 0.3684
2.439 -0.598249 0.368998
2.44 -0.595224 0.369594
2.441 -0.592215 0.370191
2.442 -0.58922 0.370786
2.443 -0.586241 0.371381
2.444 -0.583276 0.371975
2.445 -0.580325 0.372569
2.446 -0.577389 0.373162
2.447 -0.574467 0.373755
2.448 -0.571559 0.374347
2.449 -0.568665 0.374938
2.45 -0.565784 0.375529
2.451 -0.562917 0.376119
2.452 -0.560064 0.376708
2.453 -0.557223 0.377297
2.454 -0.554396 0.377885
2.455 -0.551582 0.378473
2.456 -0.54878 0.37906
2.457 -0.545992 0.379646
2.458 -0.543216 0.380232
2.459 -0.540452 0.380817
2.46 -0.537701 0.381402
2.461 -0.534962 0.381986
2.462 -0.532235 0.382569
2.463 -0.52952 0.383152
2.464 -0.526816 0.383734
2.465 -0.524125 0.384316
2.466 -0.521445 0.384897
2.467 -0.518777 0.385477
2.468 -0.51612 0.386057
2.469 -0.513474 0.386636
2.47 -0.510839 0.387215
2.471 -0.508216 0.387793
2.472 -0.505603 0.38837
2.473 -0.503001 0.388947
2.474 -0.50041 0.389523
2.475 -0.49783 0.390099
2.476 -0.49526 0.390674
2.477 -0.492701 0.391248
2.478 -0.490152 0.391822
2.479 -0.487613 0.392395
2.48 -0.485084 0.392968
2.481 -0.482566 0.39354
2.482 -0.480057 0.394111
2.483 -0.477559 0.394682
2.484 -0.47507 0.395252
2.485 -0.472591 0.395822
2.486 -0.470121 0.396391
2.487 -0.467661 0.396959
2.488 -0.46521 0.397527
2.489 -0.462769 0.398094
2.49 -0.460337 0.398661
2.491 -0.457914 0.399227
2.492 -0.455501 0.399792
2.493 -0.453096 0.400357
2.494 -0.450701 0.400921
2.495 -0.448314 0.401485
2.496 -0.445936 0.402048
2.497 -0.443567 0.402611
2.498 -0.441207 0.403173
2.499 -0.438855 0.403734
2.5 -0.436511 0.404295
2.501 -0.434176 0.404855
2.502 -0.43185 0.405414
2.503 -0.429532 0.405973
2.504 -0.427222 0.406532
2.505 -0.42492 0.40709
2.506 -0.422626 0.407647
2.507 -0.420341 0.408204
2.508 -0.418063 0.40876
2.509 -0.415793 0.409315
2.51 -0.413531 0.40987
2.511 -0.411277 0.410424
2.512 -0.409031 0.410978
2.513 -0.406792 0.411531
2.514 -0.404561 0.412084
2.515 -0.402338 0.412636
2.516 -0.400122 0.413187
2.517 -0.397913 0.413738
2.518 -0.395712 0.414288
2.519 -0.393518 0.414838
2.52 -0.391332 0.415387
2.521 -0.389152 0.415936
2.522 -0.38698 0.416483
2.523 -0.384815 0.417031
2.524 -0.382657 0.417578
2.525 -0.380506 0.418124
2.526 -0.378362 0.418669
2.527 -0.376225 0.419214
2.528 -0.374094 0.419759
2.529 -0.371971 0.420303
2.53 -0.369854 0.420846
2.531 -0.367744 0.421389
2.532 -0.36564 0.421931
2.533 -0.363543 0.422472
2.534 -0.361453 0.423013
2.535 -0.359369 0.423554
2.536 -0.357291 0.424094
2.537 -0.35522 0.424633
2.538 -0.353156 0.425172
2.539 -0.351098 0.42571
2.54 -0.349045 0.426247
2.541 -0.347 0.426784
2.542 -0.34496 0.427321
2.543 -0.342927 0.427857
2.544 -0.340899 0.428392
2.545 -0.338878 0.428927
2.546 -0.336863 0.429461
2.547 -0.334853 0.429994
2.548 -0.33285 0.430527
2.549 -0.330852 0.43106
2.55 -0.328861 0.431592
2.551 -0.326875 0.432123
2.552 -0.324895 0.432654
2.553 -0.322921 0.433184
2.554 -0.320952 0.433713
2.555 -0.318989 0.434242
2.556 -0.317032 0.434771
2.557 -0.31508 0.435299
2.558 -0.313134 0.435826
2.559 -0.311194 0.436353
2.56 -0.309258 0.436879
2.561 -0.307329 0.437405
2.562 -0.305405 0.43793
2.563 -0.303486 0.438454
2.564 -0.301572 0.438978
2.565 -0.299664 0.439502
2.566 -0.297761 0.440024
2.567 -0.295863 0.440547
2.568 -0.293971 0.441068
2.569 -0.292083 0.441589
2.57 -0.290201 0.44211
2.571 -0.288324 0.44263
2.572 -0.286452 0.443149
2.573 -0.284585 0.443668
2.574 -0.282723 0.444187
2.575 -0.280866 0.444704
2.576 -0.279014 0.445222
2.577 -0.277167 0.445738
2.578 -0.275325 0.446254
2.579 -0.273488 0.44677
2.58 -0.271655 0.447285
2.581 -0.269827 0.447799
2.582 -0.268005 0.448313
2.583 -0.266186 0.448826
2.584 -0.264373 0.449339
2.585 -0.262564 0.449851
2.586 -0.26076 0.450363
2.587 -0.258961 0.450874
2.588 -0.257166 0.451384
2.589 -0.255376 0.451894
2.59 -0.25359 0.452404
2.591 -0.251809 0.452913
2.592 -0.250032 0.453421
2.593 -0.24826 0.453929
2.594 -0.246492 0.454436
2.595 -0.244729 0.454942
2.596 -0.24297 0.455448
2.597 -0.241216 0.455954
2.598 -0.239466 0.456459
2.599 -0.23772 0.456963
2.6 -0.235978 0.457467
2.601 -0.234241 0.45797
2.602 -0.232508 0.458473
2.603 -0.230779 0.458975
2.604 -0.229055 0.459477
2.605 -0.227334 0.459978
2.606 -0.225618 0.460479
2.607 -0.223906 0.460979
2.608 -0.222198 0.461478
2.609 -0.220494 0.461977
2.61 -0.218795 0.462475
2.611 -0.217099 0.462973
2.612 -0.215407 0.46347
2.613 -0.213719 0.463967
2.614 -0.212036 0.464463
2.615 -0.210356 0.464959
2.616 -0.20868 0.465454
2.617 -0.207008 0.465948
2.618 -0.20534 0.466442
2.619 -0.203676 0.466936
2.62 -0.202016 0.467429
2.621 -0.200359 0.467921
2.622 -0.198707 0.468413
2.623 -0.197058 0.468904
2.624 -0.195413 0.469395
2.625 -0.193772 0.469885
2.626 -0.192134 0.470374
2.627 -0.1905 0.470863
2.628 -0.18887 0.471352
2.629 -0.187244 0.47184
2.63 -0.185621 0.472327
2.631 -0.184002 0.472814
2.632 -0.182387 0.473301
2.633 -0.180775 0.473786
2.634 -0.179166 0.474272
2.635 -0.177562 0.474756
2.636 -0.175961 0.47524
2.637 -0.174363 0.475724
2.638 -0.172769 0.476207
2.639 -0.171178 0.47669
2.64 -0.169591 0.477172
2.641 -0.168007 0.477653
2.642 -0.166427 0.478134
2.643 -0.16485 0.478614
2.644 -0.163277 0.479094
2.645 -0.161707 0.479574
2.646 -0.16014 0.480052
2.647 -0.158577 0.480531
2.648 -0.157017 0.481008
2.649 -0.155461 0.481485
2.65 -0.153908 0.481962
2.651 -0.152358 0.482438
2.652 -0.150811 0.482914
2.653 -0.149268 0.483389
2.654 -0.147727 0.483863
2.655 -0.146191 0.484337
2.656 -0.144657 0.48481
2.657 -0.143126 0.485283
2.658 -0.141599 0.485756
2.659 -0.140075 0.486227
2.66 -0.138554 0.486699
2.661 -0.137036 0.487169
2.662 -0.135522 0.487639
2.663 -0.13401 0.488109
2.664 -0.132502 0.488578
2.665 -0.130997 0.489047
2.666 -0.129494 0.489515
2.667 -0.127995 0.489982
2.668 -0.126499 0.490449
2.669 -0.125006 0.490916
2.67 -0.123516 0.491381
2.671 -0.122029 0.491847
2.672 -0.120545 0.492312
2.673 -0.119064 0.492776
2.674 -0.117586 0.49324
2.675 -0.11611 0.493703
2.676 -0.114638 0.494166
2.677 -0.113169 0.494628
2.678 -0.111702 0.495089
2.679 -0.110239 0.495551
2.68 -0.108778 0.496011
2.681 -0.107321 0.496471
2.682 -0.105866 0.496931
2.683 -0.104414 0.49739
2.684 -0.102965 0.497848
2.685 -0.101518 0.498306
2.686 -0.100075 0.498763
2.687 -0.098634 0.49922
2.688 -0.0971961 0.499677
2.689 -0.0957609 0.500132
2.69 -0.0943285 0.500588
2.691 -0.0928989 0.501042
2.692 -0.091472 0.501497
2.693 -0.0900478 0.50195
2.694 -0.0886264 0.502404
2.695 -0.0872076 0.502856
2.696 -0.0857916 0.503308
2.697 -0.0843782 0.50376
2.698 -0.0829676 0.504211
2.699 -0.0815595 0.504661
2.7 -0.0801542 0.505111
2.701 -0.0787514 0.505561
2.702 -0.0773513 0.50601
2.703 -0.0759539 0.506458
2.704 -0.074559 0.506906
2.705 -0.0731667 0.507354
2.706 -0.071777 0.5078
2.707 -0.0703899 0.508247
2.708 -0.0690054 0.508692
2.709 -0.0676234 0.509138
2.71 -0.0662439 0.509582
2.711 -0.064867 0.510027
2.712 -0.0634926 0.51047
2.713 -0.0621207 0.510914
2.714 -0.0607514 0.511356
2.715 -0.0593845 0.511798
2.716 -0.0580201 0.51224
2.717 -0.0566582 0.512681
2.718 -0.0552987 0.513122
2.719 -0.0539417 0.513562
2.72 -0.0525871 0.514001
2.721 -0.051235 0.51444
2.722 -0.0498853 0.514879
2.723 -0.048538 0.515317
2.724 -0.0471931 0.515754
2.725 -0.0458507 0.516191
2.726 -0.0445106 0.516627
2.727 -0.0431729 0.517063
2.728 -0.0418375 0.517498
2.729 -0.0405045 0.517933
2.73 -0.0391739 0.518368
2.731 -0.0378456 0.518801
2.732 -0.0365196 0.519235
2.733 -0.035196 0.519667
2.734 -0.0338747 0.5201
2.735 -0.0325557 0.520531
2.736 -0.031239 0.520962
2.737 -0.0299245 0.521393
2.738 -0.0286124 0.521823
2.739 -0.0273025 0.522253
2.74 -0.0259949 0.522682
2.741 -0.0246895 0.523111
2.742 -0.0233864 0.523539
2.743 -0.0220855 0.523966
2.744 -0.0207869 0.524393
2.745 -0.0194905 0.52482
2.746 -0.0181963 0.525246
2.747 -0.0169043 0.525671
2.748 -0.0156145 0.526096
2.749 -0.0143268 0.526521
2.75 -0.0130414 0.526945
2.751 -0.0117581 0.527368
2.752 -0.010477 0.527791
2.753 -0.0091981 0.528213
2.754 -0.00792131 0.528635
2.755 -0.00664666 0.529056
2.756 -0.00537414 0.529477
2.757 -0.00410375 0.529898
2.758 -0.00283547 0.530317
2.759 -0.00156931 0.530737
2.76 -0.000305252 0.531155
2.761 0.000956711 0.531574
2.762 0.00221659 0.531991
2.763 0.00347438 0.532409
2.764 0.0047301 0.532825
2.765 0.00598375 0.533242
2.766 0.00723535 0.533657
2.767 0.00848489 0.534072
2.768 0.00973239 0.534487
2.769 0.0109778 0.534901
2.77 0.0122213 0.535315
2.771 0.0134627 0.535728
2.772 0.0147021 0.53614
2.773 0.0159395 0.536553
2.774 0.0171748 0.536964
2.775 0.0184082 0.537375
2.776 0.0196396 0.537786
2.777 0.020869 0.538196
2.778 0.0220965 0.538605
2.779 0.0233219 0.539014
2.78 0.0245454 0.539423
2.781 0.025767 0.539831
2.782 0.0269866 0.540238
2.783 0.0282043 0.540645
2.784 0.02942 0.541052
2.785 0.0306338 0.541458
2.786 0.0318457 0.541863
2.787 0.0330556 0.542268
2.788 0.0342637 0.542672
2.789 0.0354698 0.543076
2.79 0.0366741 0.54348
2.791 0.0378764 0.543883
2.792 0.0390769 0.544285
2.793 0.0402755 0.544687
2.794 0.0414722 0.545088
2.795 0.0426671 0.545489
2.796 0.0438601 0.545889
2.797 0.0450512 0.546289
2.798 0.0462405 0.546688
2.799 0.047428 0.547087
2.8 0.0486136 0.547485
2.801 0.0497974 0.547883
2.802 0.0509794 0.54828
2.803 0.0521595 0.548677
2.804 0.0533379 0.549073
2.805 0.0545144 0.549469
2.806 0.0556891 0.549864
2.807 0.0568621 0.550259
2.808 0.0580332 0.550653
2.809 0.0592026 0.551047
2.81 0.0603702 0.55144
2.811 0.061536 0.551833
2.812 0.0627 0.552225
2.813 0.0638623 0.552617
2.814 0.0650229 0.553008
2.815 0.0661816 0.553399
2.816 0.0673387 0.553789
2.817 0.068494 0.554178
2.818 0.0696475 0.554568
2.819 0.0707994 0.554956
2.82 0.0719495 0.555344
2.821 0.0730979 0.555732
2.822 0.0742446 0.556119
2.823 0.0753896 0.556506
2.824 0.0765328 0.556892
2.825 0.0776744 0.557277
2.826 0.0788143 0.557662
2.827 0.0799525 0.558047
2.828 0.0810891 0.558431
2.829 0.0822239 0.558815
2.83 0.0833571 0.559198
2.831 0.0844886 0.55958
2.832 0.0856184 0.559962
2.833 0.0867466 0.560344
2.834 0.0878732 0.560725
2.835 0.0889981 0.561106
2.836 0.0901213 0.561486
2.837 0.091243 0.561865
2.838 0.092363 0.562244
2.839 0.0934813 0.562623
2.84 0.0945981 0.563001
2.841 0.0957132 0.563378
2.842 0.0968267 0.563755
2.843 0.0979386 0.564132
2.844 0.0990489 0.564508
2.845 0.100158 0.564883
2.846 0.101265 0.565258
2.847 0.10237 0.565633
2.848 0.103474 0.566007
2.849 0.104577 0.56638
2.85 0.105677 0.566753
2.851 0.106777 0.567126
2.852 0.107874 0.567497
2.853 0.10897 0.567869
2.854 0.110065 0.56824
2.855 0.111158 0.56861
2.856 0.112249 0.56898
2.857 0.113339 0.56935
2.858 0.114428 0.569719
2.859 0.115514 0.570087
2.86 0.1166 0.570455
2.861 0.117683 0.570823
2.862 0.118766 0.571189
2.863 0.119846 0.571556
2.864 0.120926 0.571922
2.865 0.122003 0.572287
2.866 0.12308 0.572652
2.867 0.124154 0.573017
2.868 0.125227 0.573381
2.869 0.126299 0.573744
2.87 0.127369 0.574107
2.871 0.128438 0.574469
2.872 0.129505 0.574831
2.873 0.130571 0.575193
2.874 0.131636 0.575554
2.875 0.132698 0.575914
2.876 0.13376 0.576274
2.877 0.13482 0.576633
2.878 0.135878 0.576992
2.879 0.136935 0.577351
2.88 0.137991 0.577709
2.881 0.139045 0.578066
2.882 0.140098 0.578423
2.883 0.141149 0.578779
2.884 0.142199 0.579135
2.885 0.143247 0.579491
2.886 0.144294 0.579845
2.887 0.14534 0.5802
2.888 0.146384 0.580554
2.889 0.147426 0.580907
2.89 0.148468 0.58126
2.891 0.149508 0.581612
2.892 0.150546 0.581964
2.893 0.151583 0.582316
2.894 0.152619 0.582667
2.895 0.153653 0.583017
2.896 0.154686 0.583367
2.897 0.155718 0.583716
2.898 0.156748 0.584065
2.899 0.157777 0.584414
2.9 0.158804 0.584762
2.901 0.15983 0.585109
2.902 0.160855 0.585456
2.903 0.161878 0.585802
2.904 0.1629 0.586148
2.905 0.163921 0.586494
2.906 0.16494 0.586838
2.907 0.165958 0.587183
2.908 0.166975 0.587527
2.909 0.16799 0.58787
2.91 0.169004 0.588213
2.911 0.170016 0.588555
2.912 0.171028 0.588897
2.913 0.172038 0.589239
2.914 0.173046 0.58958
2.915 0.174053 0.58992
2.916 0.175059 0.59026
2.917 0.176064 0.590599
2.918 0.177067 0.590938
2.919 0.178069 0.591277
2.92 0.17907 0.591615
2.921 0.18007 0.591952
2.922 0.181068 0.592289
2.923 0.182065 0.592625
2.924 0.18306 0.592961
2.925 0.184054 0.593297
2.926 0.185047 0.593632
2.927 0.186039 0.593966
2.928 0.187029 0.5943
2.929 0.188018 0.594633
2.93 0.189006 0.594966
2.931 0.189993 0.595299
2.932 0.190978 0.595631
2.933 0.191962 0.595962
2.934 0.192945 0.596293
2.935 0.193927 0.596624
2.936 0.194907 0.596953
2.937 0.195886 0.597283
2.938 0.196864 0.597612
2.939 0.19784 0.59794
2.94 0.198816 0.598268
2.941 0.19979 0.598596
2.942 0.200762 0.598923
2.943 0.201734 0.599249
2.944 0.202704 0.599575
2.945 0.203674 0.599901
2.946 0.204641 0.600225
2.947 0.205608 0.60055
2.948 0.206574 0.600874
2.949 0.207538 0.601197
2.95 0.208501 0.60152
2.951 0.209463 0.601843
2.952 0.210423 0.602165
2.953 0.211383 0.602486
2.954 0.212341 0.602807
2.955 0.213298 0.603128
2.956 0.214254 0.603448
2.957 0.215209 0.603767
2.958 0.216162 0.604086
2.959 0.217114 0.604405
2.96 0.218065 0.604723
2.961 0.219015 0.60504
2.962 0.219964 0.605357
2.963 0.220912 0.605674
2.964 0.221858 0.60599
2.965 0.222803 0.606305
2.966 0.223747 0.60662
2.967 0.22469 0.606935
2.968 0.225632 0.607249
2.969 0.226572 0.607562
2.97 0.227512 0.607875
2.971 0.22845 0.608188
2.972 0.229387 0.6085
2.973 0.230323 0.608811
2.974 0.231258 0.609122
2.975 0.232191 0.609433
2.976 0.233124 0.609743
2.977 0.234055 0.610052
2.978 0.234985 0.610361
2.979 0.235915 0.61067
2.98 0.236842 0.610978
2.981 0.237769 0.611285
2.982 0.238695 0.611592
2.983 0.23962 0.611899
2.984 0.240543 0.612205
2.985 0.241465 0.612511
2.986 0.242387 0.612816
2.987 0.243307 0.61312
2.988 0.244226 0.613424
2.989 0.245144 0.613728
2.99 0.24606 0.614031
2.991 0.246976 0.614333
2.992 0.247891 0.614635
2.993 0.248804 0.614937
2.994 0.249716 0.615238
2.995 0.250628 0.615539
2.996 0.251538 0.615839
2.997 0.252447 0.616138
2.998 0.253355 0.616437
2.999 0.254262 0.616736
3 0.255168 0.617034
3.001 0.256072 0.617332
