0.01 -1.44374 -1.1414
0.02 -1.29519 -1.01515
0.03 -1.20891 -0.946609
0.04 -1.14817 -0.901272
0.05 -1.10147 -0.868492
0.06 -1.0637 -0.843587
0.07 -1.03213 -0.824088
0.08 -1.00512 -0.808536
0.09 -0.981613 -0.795998
0.1 -0.9609 -0.785846
0.11 -0.942465 -0.777634
0.12 -0.92593 -0.771035
0.13 -0.911007 -0.765806
0.14 -0.897472 -0.761758
0.15 -0.885149 -0.758743
0.16 -0.873896 -0.756643
0.17 -0.863595 -0.755364
0.18 -0.854152 -0.754827
0.19 -0.845484 -0.754969
0.2 -0.837525 -0.755738
0.21 -0.830217 -0.757087
0.22 -0.82351 -0.758981
0.23 -0.817361 -0.761387
0.24 -0.811735 -0.76428
0.25 -0.806599 -0.767636
0.26 -0.801924 -0.771436
0.27 -0.797687 -0.775665
0.28 -0.793865 -0.780309
0.29 -0.79044 -0.785356
0.3 -0.787395 -0.790799
0.31 -0.784714 -0.796628
0.32 -0.782385 -0.802839
0.33 -0.780396 -0.809428
0.34 -0.778737 -0.81639
0.35 -0.7774 -0.823725
0.36 -0.776375 -0.831432
0.37 -0.775657 -0.839512
0.38 -0.775239 -0.847965
0.39 -0.775117 -0.856796
0.4 -0.775286 -0.866007
0.41 -0.775744 -0.875603
0.42 -0.776486 -0.885589
0.43 -0.777512 -0.895973
0.44 -0.77882 -0.906763
0.45 -0.780409 -0.917966
0.46 -0.782279 -0.929593
0.47 -0.784431 -0.941655
0.48 -0.786865 -0.954163
0.49 -0.789584 -0.967133
0.5 -0.79259 -0.980578
0.51 -0.795885 -0.994514
0.52 -0.799473 -1.00896
0.53 -0.803358 -1.02394
0.54 -0.807545 -1.03947
0.55 -0.81204 -1.05557
0.56 -0.816848 -1.07227
0.57 -0.821977 -1.08961
0.58 -0.827434 -1.1076
0.59 -0.833228 -1.1263
0.6 -0.839369 -1.14572
0.61 -0.845866 -1.16593
0.62 -0.852733 -1.18696
0.63 -0.85998 -1.20887
0.64 -0.867624 -1.23171
0.65 -0.875678 -1.25556
0.66 -0.88416 -1.28049
0.67 -0.893088 -1.30658
0.68 -0.902484 -1.33393
0.69 -0.91237 -1.36265
0.7 -0.922771 -1.39288
0.71 -0.933714 -1.42475
0.72 -0.945232 -1.45845
0.73 -0.957358 -1.49419
0.74 -0.970131 -1.53221
0.75 -0.983594 -1.57281
0.76 -0.997795 -1.61638
0.77 -1.01279 -1.66339
0.78 -1.02864 -1.71443
0.79 -1.04541 -1.77029
0.8 -1.06319 -1.83204
0.81 -1.08206 -1.90114
0.82 -1.10214 -1.97976
0.83 -1.12355 -2.07124
0.84 -1.14644 -2.18114
0.85 -1.17099 -2.3199
0.86 -1.1974 -2.51098
0.87 -1.22593 -2.82958
0.88 -1.25689 -4.74072
0.89 -1.29069 -2.85082
0.9 -1.32782 -2.56998
0.91 -1.36893 -2.41334
0.92 -1.41489 -2.30856
0.93 -1.46689 -2.23293
0.94 -1.52663 -2.17638
0.95 -1.59668 -2.13363
0.96 -1.68112 -2.10164
0.97 -1.7871 -2.07855
0.98 -1.92903 -2.06324
0.99 -2.14344 -2.05508
1 -2.59112 -2.05382
1.01 -2.67924 -2.05953
1.02 -2.16869 -2.07264
1.03 -1.93932 -2.094
1.04 -1.78927 -2.12502
1.05 -1.67742 -2.16804
1.06 -1.58815 -2.22698
1.07 -1.51382 -2.30891
1.08 -1.45013 -2.42822
1.09 -1.39439 -2.62189
1.1 -1.34485 -3.05514
1.11 -1.30026 -3.0997
1.12 -1.25972 -2.57821
1.13 -1.22258 -2.33155
1.14 -1.18831 -2.16394
1.15 -1.15651 -2.03482
1.16 -1.12685 -1.92871
1.17 -1.09909 -1.83798
1.18 -1.07299 -1.75831
1.19 -1.04839 -1.68703
1.2 -1.02513 -1.62232
1.21 -1.00308 -1.56294
1.22 -0.982136 -1.50796
1.23 -0.962203 -1.4567
1.24 -0.943198 -1.40862
1.25 -0.92505 -1.3633
1.26 -0.907695 -1.3204
1.27 -0.891078 -1.27964
1.28 -0.875151 -1.2408
1.29 -0.859868 -1.20367
1.3 -0.84519 -1.1681
1.31 -0.831083 -1.13394
1.32 -0.817515 -1.10107
1.33 -0.804457 -1.06939
1.34 -0.791883 -1.03881
1.35 -0.77977 -1.00925
1.36 -0.768096 -0.980626
1.37 -0.756842 -0.952882
1.38 -0.745989 -0.925959
1.39 -0.735522 -0.899806
1.4 -0.725426 -0.874375
1.41 -0.715687 -0.849626
1.42 -0.706292 -0.825518
1.43 -0.69723 -0.802018
1.44 -0.68849 -0.779093
1.45 -0.680063 -0.756713
1.46 -0.671939 -0.734852
1.47 -0.66411 -0.713485
1.48 -0.656569 -0.692588
1.49 -0.649309 -0.672141
1.5 -0.642323 -0.652122
1.51 -0.635605 -0.632514
1.52 -0.62915 -0.6133
1.53 -0.622954 -0.594463
1.54 -0.617012 -0.575989
1.55 -0.611319 -0.557863
1.56 -0.605873 -0.540072
1.57 -0.600669 -0.522603
1.58 -0.595706 -0.505446
1.59 -0.590981 -0.488588
1.6 -0.586491 -0.47202
1.61 -0.582235 -0.455732
1.62 -0.578212 -0.439713
1.63 -0.574419 -0.423957
1.64 -0.570857 -0.408454
1.65 -0.567524 -0.393196
1.66 -0.564422 -0.378176
1.67 -0.561548 -0.363387
1.68 -0.558905 -0.348822
1.69 -0.556493 -0.334474
1.7 -0.554312 -0.320338
1.71 -0.552364 -0.306408
1.72 -0.550651 -0.292677
1.73 -0.549174 -0.279141
1.74 -0.547936 -0.265794
1.75 -0.546941 -0.252632
1.76 -0.546189 -0.23965
1.77 -0.545686 -0.226843
1.78 -0.545435 -0.214208
1.79 -0.54544 -0.201739
1.8 -0.545706 -0.189434
1.81 -0.546239 -0.177288
1.82 -0.547043 -0.165297
1.83 -0.548125 -0.153459
1.84 -0.549493 -0.14177
1.85 -0.551153 -0.130226
1.86 -0.553113 -0.118824
1.87 -0.555383 -0.107562
1.88 -0.557973 -0.0964369
1.89 -0.560892 -0.0854453
1.9 -0.564152 -0.0745848
1.91 -0.567766 -0.0638529
1.92 -0.571747 -0.0532469
1.93 -0.57611 -0.0427646
1.94 -0.580872 -0.0324036
1.95 -0.586051 -0.0221616
1.96 -0.591666 -0.0120364
1.97 -0.597738 -0.00202606
1.98 -0.604291 0.00787158
1.99 -0.611352 0.0176585
2 -0.618949 0.0273365
2.01 -0.627114 0.0369075
2.02 -0.635883 0.0463732
2.03 -0.645296 0.0557355
2.04 -0.655396 0.0649959
2.05 -0.666235 0.0741561
2.06 -0.677868 0.0832176
2.07 -0.69036 0.092182
2.08 -0.703783 0.101051
2.09 -0.718222 0.109825
2.1 -0.733772 0.118507
2.11 -0.750546 0.127097
2.12 -0.768675 0.135597
2.13 -0.788314 0.144009
2.14 -0.809647 0.152332
2.15 -0.832897 0.160569
2.16 -0.858333 0.168721
2.17 -0.886291 0.176789
2.18 -0.91719 0.184773
2.19 -0.951568 0.192676
2.2 -0.990129 0.200497
2.21 -1.03382 0.208239
2.22 -1.08395 0.215902
2.23 -1.14241 0.223486
2.24 -1.2121 0.230994
2.25 -1.29774 0.238425
2.26 -1.4079 0.245781
2.27 -1.56068 0.253063
2.28 -1.80696 0.260271
2.29 -2.47073 0.267406
2.3 -2.0388 0.27447
2.31 -1.65779 0.281462
2.32 -1.45405 0.288383
2.33 -1.31305 0.295235
2.34 -1.20453 0.302017
2.35 -1.11593 0.308732
2.36 -1.04081 0.315378
2.37 -0.97544 0.321958
2.38 -0.917441 0.328471
2.39 -0.865221 0.334918
2.4 -0.817653 0.3413
2.41 -0.773914 0.347617
2.42 -0.733382 0.35387
2.43 -0.695577 0.36006
2.44 -0.660119 0.366187
2.45 -0.626706 0.372251
2.46 -0.595089 0.378254
2.47 -0.565063 0.384195
2.48 -0.536457 0.390075
2.49 -0.509127 0.395894
2.5 -0.482949 0.401653
2.51 -0.457819 0.407353
2.52 -0.433645 0.412994
2.53 -0.410347 0.418576
2.54 -0.387856 0.4241
2.55 -0.366109 0.429565
2.56 -0.345053 0.434973
2.57 -0.32464 0.440324
2.58 -0.304824 0.445618
2.59 -0.285569 0.450856
2.6 -0.266838 0.456037
2.61 -0.248601 0.461163
2.62 -0.230827 0.466233
2.63 -0.213492 0.471248
2.64 -0.19657 0.476209
2.65 -0.180041 0.481114
2.66 -0.163884 0.485965
2.67 -0.14808 0.490763
2.68 -0.132614 0.495506
2.69 -0.117467 0.500196
2.7 -0.102627 0.504833
2.71 -0.0880803 0.509416
2.72 -0.0738132 0.513947
2.73 -0.0598145 0.518426
2.74 -0.0460733 0.522852
2.75 -0.0325794 0.527225
2.76 -0.0193231 0.531547
2.77 -0.00629562 0.535817
2.78 0.00651153 0.540035
2.79 0.0191062 0.544202
2.8 0.0314959 0.548318
2.81 0.0436876 0.552382
2.82 0.0556879 0.556395
2.83 0.067503 0.560358
2.84 0.0791388 0.56427
2.85 0.090601 0.568131
2.86 0.101895 0.571942
2.87 0.113025 0.575702
2.88 0.123997 0.579412
2.89 0.134815 0.583072
2.9 0.145482 0.586681
2.91 0.156005 0.590241
2.92 0.166385 0.593751
2.93 0.176627 0.59721
2.94 0.186735 0.60062
2.95 0.196711 0.60398
2.96 0.20656 0.60729
2.97 0.216284 0.61055
2.98 0.225886 0.613761
2.99 0.235369 0.616922
3 0.244735 0.620033
3.01 0.253988 0.623095
