0.1 -0.943178 -0.78031
0.2 -0.810012 -0.748714
0.3 -0.75006 -0.78556
0.4 -0.726997 -0.868861
0.5 -0.731205 -1.00618
0.6 -0.761164 -1.23703
0.7 -0.820752 -1.77778
0.8 -0.92164 -1.65607
0.9 -1.09572 -1.25715
1 -1.47514 -1.0967
1.1 -1.71792 -1.03035
1.2 -1.11836 -1.03638
1.3 -0.867387 -1.13521
1.4 -0.708255 -1.46547
1.5 -0.595213 -1.55641
1.6 -0.511867 -0.938181
1.7 -0.45088 -0.637173
1.8 -0.40888 -0.425358
1.9 -0.384816 -0.258367
2 -0.379543 -0.119293
2.1 -0.396214 0.000232594
2.2 -0.441888 0.105006
2.3 -0.532501 0.198046
2.4 -0.71259 0.281377
2.5 -1.22678 0.35642
2.6 -0.946091 0.424202
2.7 -0.485989 0.48548
2.8 -0.234187 0.540815
2.9 -0.0531261 0.590624
3 0.0908997 0.635205
