0.01 5e-05 0.0100251
0.02 0.000200498 0.0200989
0.03 0.000451974 0.0302201
0.04 0.000804896 0.0403875
0.05 0.00125972 0.0505998
0.06 0.00181689 0.0608555
0.07 0.00247683 0.0711532
0.08 0.00323995 0.0814917
0.09 0.00410666 0.0918694
0.1 0.00507733 0.102285
0.11 0.00615235 0.112737
0.12 0.00733206 0.123223
0.13 0.00861681 0.133743
0.14 0.0100069 0.144295
0.15 0.0115027 0.154877
0.16 0.0131045 0.165487
0.17 0.0148124 0.176125
0.18 0.0166269 0.186788
0.19 0.0185482 0.197474
0.2 0.0205764 0.208183
0.21 0.0227119 0.218912
0.22 0.0249547 0.229659
0.23 0.027305 0.240424
0.24 0.0297631 0.251203
0.25 0.0323291 0.261996
0.26 0.035003 0.2728
0.27 0.0377851 0.283613
0.28 0.0406753 0.294435
0.29 0.0436738 0.305262
0.3 0.0467805 0.316094
0.31 0.0499956 0.326927
0.32 0.0533191 0.337761
0.33 0.0567509 0.348593
0.34 0.0602909 0.359421
0.35 0.0639393 0.370243
0.36 0.0676958 0.381057
0.37 0.0715604 0.391862
0.38 0.075533 0.402654
0.39 0.0796135 0.413433
0.4 0.0838017 0.424195
0.41 0.0880974 0.434939
0.42 0.0925004 0.445663
0.43 0.0970106 0.456364
0.44 0.101628 0.467041
0.45 0.106351 0.477691
0.46 0.111182 0.488311
0.47 0.116118 0.4989
0.48 0.12116 0.509456
0.49 0.126307 0.519976
0.5 0.131559 0.530457
0.51 0.136916 0.540899
0.52 0.142377 0.551297
0.53 0.147942 0.561651
0.54 0.15361 0.571957
0.55 0.159381 0.582213
0.56 0.165254 0.592417
0.57 0.171229 0.602567
0.58 0.177306 0.61266
0.59 0.183483 0.622693
0.6 0.189759 0.632665
0.61 0.196136 0.642573
0.62 0.202611 0.652414
0.63 0.209184 0.662185
0.64 0.215855 0.671886
0.65 0.222622 0.681512
0.66 0.229485 0.691062
0.67 0.236443 0.700532
0.68 0.243495 0.709922
0.69 0.250641 0.719227
0.7 0.25788 0.728445
0.71 0.26521 0.737574
0.72 0.272631 0.746612
0.73 0.280143 0.755555
0.74 0.287743 0.764401
0.75 0.295431 0.773148
0.76 0.303206 0.781793
0.77 0.311066 0.790333
0.78 0.319012 0.798766
0.79 0.327042 0.807089
0.8 0.335154 0.815299
0.81 0.343348 0.823395
0.82 0.351622 0.831373
0.83 0.359975 0.839231
0.84 0.368406 0.846966
0.85 0.376914 0.854575
0.86 0.385498 0.862056
0.87 0.394156 0.869406
0.88 0.402886 0.876623
0.89 0.411688 0.883704
0.9 0.42056 0.890646
0.91 0.429501 0.897447
0.92 0.438509 0.904104
0.93 0.447583 0.910615
0.94 0.456721 0.916976
0.95 0.465923 0.923186
0.96 0.475185 0.929241
0.97 0.484507 0.935139
0.98 0.493888 0.940877
0.99 0.503325 0.946453
1 0.512817 0.951865
1.01 0.522362 0.957109
1.02 0.531959 0.962183
1.03 0.541606 0.967084
1.04 0.551301 0.97181
1.05 0.561042 0.976359
1.06 0.570828 0.980727
1.07 0.580657 0.984912
1.08 0.590526 0.988912
1.09 0.600435 0.992724
1.1 0.610381 0.996346
1.11 0.620362 0.999775
1.12 0.630376 1.00301
1.13 0.640422 1.00604
1.14 0.650497 1.00888
1.15 0.660599 1.01151
1.16 0.670727 1.01394
1.17 0.680878 1.01616
1.18 0.69105 1.01817
1.19 0.701242 1.01997
1.2 0.71145 1.02155
1.21 0.721673 1.02292
1.22 0.731908 1.02406
1.23 0.742154 1.02499
1.24 0.752408 1.02569
1.25 0.762668 1.02617
1.26 0.772931 1.02641
1.27 0.783196 1.02643
1.28 0.79346 1.02621
1.29 0.80372 1.02576
1.3 0.813975 1.02507
1.31 0.824222 1.02414
1.32 0.834458 1.02298
1.33 0.844681 1.02156
1.34 0.854889 1.01991
1.35 0.865079 1.018
1.36 0.875249 1.01585
1.37 0.885396 1.01344
1.38 0.895518 1.01078
1.39 0.905612 1.00787
1.4 0.915675 1.00469
1.41 0.925706 1.00126
1.42 0.935701 0.997574
1.43 0.945657 0.993621
1.44 0.955573 0.989404
1.45 0.965445 0.984921
1.46 0.975271 0.980171
1.47 0.985049 0.975152
1.48 0.994774 0.969862
1.49 1.00445 0.9643
1.5 1.01406 0.958465
1.51 1.02362 0.952355
1.52 1.03311 0.945968
1.53 1.04253 0.939303
1.54 1.05189 0.932359
1.55 1.06118 0.925135
1.56 1.0704 0.917629
1.57 1.07953 0.90984
1.58 1.08859 0.901767
1.59 1.09757 0.893408
1.6 1.10646 0.884764
1.61 1.11526 0.875832
1.62 1.12398 0.866612
1.63 1.1326 0.857102
1.64 1.14112 0.847303
1.65 1.14954 0.837212
1.66 1.15786 0.82683
1.67 1.16608 0.816155
1.68 1.17419 0.805187
1.69 1.18218 0.793926
1.7 1.19007 0.78237
1.71 1.19783 0.770519
1.72 1.20548 0.758373
1.73 1.213 0.745931
1.74 1.22039 0.733192
1.75 1.22766 0.720158
1.76 1.2348 0.706826
1.77 1.2418 0.693198
1.78 1.24866 0.679273
1.79 1.25538 0.66505
1.8 1.26196 0.650531
1.81 1.26839 0.635714
1.82 1.27468 0.6206
1.83 1.28081 0.605189
1.84 1.28678 0.589482
1.85 1.2926 0.573478
1.86 1.29825 0.557178
1.87 1.30374 0.540583
1.88 1.30906 0.523692
1.89 1.31421 0.506507
1.9 1.31919 0.489027
1.91 1.32399 0.471254
1.92 1.32862 0.453189
1.93 1.33306 0.434831
1.94 1.33731 0.416183
1.95 1.34138 0.397244
1.96 1.34526 0.378016
1.97 1.34894 0.358501
1.98 1.35243 0.338698
1.99 1.35572 0.318609
2 1.3588 0.298236
2.01 1.36168 0.277579
2.02 1.36435 0.256641
2.03 1.36681 0.235422
2.04 1.36906 0.213925
2.05 1.37109 0.19215
2.06 1.3729 0.1701
2.07 1.37449 0.147776
2.08 1.37586 0.125181
2.09 1.377 0.102315
2.1 1.37791 0.079181
2.11 1.37858 0.0557811
2.12 1.37902 0.0321172
2.13 1.37922 0.00819172
2.14 1.37919 -0.0159933
2.15 1.3789 -0.0404353
2.16 1.37838 -0.0651321
2.17 1.3776 -0.0900811
2.18 1.37658 -0.11528
2.19 1.3753 -0.140725
2.2 1.37376 -0.166415
2.21 1.37197 -0.192347
2.22 1.36991 -0.218517
2.23 1.3676 -0.244922
2.24 1.36502 -0.27156
2.25 1.36217 -0.298428
2.26 1.35905 -0.325523
2.27 1.35566 -0.35284
2.28 1.35199 -0.380377
2.29 1.34805 -0.408131
2.3 1.34383 -0.436097
2.31 1.33933 -0.464273
2.32 1.33454 -0.492654
2.33 1.32947 -0.521238
2.34 1.32412 -0.55002
2.35 1.31847 -0.578996
2.36 1.31254 -0.608162
2.37 1.30631 -0.637515
2.38 1.29979 -0.66705
2.39 1.29297 -0.696763
2.4 1.28585 -0.726649
2.41 1.27844 -0.756706
2.42 1.27072 -0.786927
2.43 1.2627 -0.817309
2.44 1.25437 -0.847847
2.45 1.24574 -0.878536
2.46 1.2368 -0.909372
2.47 1.22755 -0.94035
2.48 1.21799 -0.971464
2.49 1.20812 -1.00271
2.5 1.19794 -1.03408
2.51 1.18744 -1.06558
2.52 1.17663 -1.09719
2.53 1.1655 -1.12892
2.54 1.15405 -1.16075
2.55 1.14228 -1.19268
2.56 1.1302 -1.2247
2.57 1.11779 -1.25682
2.58 1.10506 -1.28902
2.59 1.09201 -1.32129
2.6 1.07863 -1.35364
2.61 1.06494 -1.38606
2.62 1.05091 -1.41854
2.63 1.03656 -1.45107
2.64 1.02189 -1.48365
2.65 1.00689 -1.51628
2.66 0.991566 -1.54894
2.67 0.975913 -1.58163
2.68 0.959933 -1.61435
2.69 0.943626 -1.64708
2.7 0.926992 -1.67982
2.71 0.91003 -1.71257
2.72 0.89274 -1.74531
2.73 0.875123 -1.77805
2.74 0.857179 -1.81077
2.75 0.838908 -1.84347
2.76 0.82031 -1.87614
2.77 0.801385 -1.90878
2.78 0.782134 -1.94137
2.79 0.762558 -1.97391
2.8 0.742656 -2.00639
2.81 0.72243 -2.03881
2.82 0.70188 -2.07116
2.83 0.681007 -2.10342
2.84 0.659811 -2.13561
2.85 0.638295 -2.16769
2.86 0.616458 -2.19968
2.87 0.594301 -2.23156
2.88 0.571826 -2.26332
2.89 0.549035 -2.29496
2.9 0.525927 -2.32647
2.91 0.502505 -2.35784
2.92 0.47877 -2.38906
2.93 0.454724 -2.42012
2.94 0.430368 -2.45103
2.95 0.405704 -2.48176
2.96 0.380733 -2.51232
2.97 0.355457 -2.54268
2.98 0.329879 -2.57286
2.99 0.304 -2.60283
3 0.277823 -2.63259
3.01 0.251349 -2.66213
