0.05 -1.10282 -0.868955
0.1 -0.962903 -0.786523
0.15 -0.887733 -0.759561
0.2 -0.840673 -0.756627
0.25 -0.810322 -0.76851
0.3 -0.791718 -0.791542
0.35 -0.782364 -0.824176
0.4 -0.780949 -0.86593
0.45 -0.786844 -0.917012
0.5 -0.799895 -0.978205
0.55 -0.820345 -1.05091
0.6 -0.848853 -1.13734
0.65 -0.886593 -1.24085
0.7 -0.93549 -1.36679
0.75 -0.998708 -1.52412
0.8 -1.08171 -1.72962
0.85 -1.19494 -2.02136
0.9 -1.36214 -2.53282
0.95 -1.66061 -3.11663
1 -3.13868 -2.91529
1.05 -1.61865 -2.71541
1.1 -1.31943 -2.04595
1.15 -1.14228 -1.69203
1.2 -1.01676 -1.44106
1.25 -0.920467 -1.24421
1.3 -0.843391 -1.08136
1.35 -0.780216 -0.94205
1.4 -0.727813 -0.820125
1.45 -0.684224 -0.711616
1.5 -0.648183 -0.613811
1.55 -0.61887 -0.524775
1.6 -0.59578 -0.443075
1.65 -0.578654 -0.36762
1.7 -0.567447 -0.29756
1.75 -0.562318 -0.23222
1.8 -0.563659 -0.171055
1.85 -0.572149 -0.113618
1.9 -0.58886 -0.0595401
1.95 -0.61546 -0.0085116
2 -0.654589 0.0397292
2.05 -0.710651 0.0854048
2.1 -0.791649 0.128706
2.15 -0.914375 0.169797
2.2 -1.1247 0.20882
2.25 -1.67803 0.245899
2.3 -1.39079 0.281142
2.35 -0.957837 0.314642
2.4 -0.726157 0.346483
2.45 -0.562407 0.376737
2.5 -0.433549 0.405466
2.55 -0.326179 0.432725
2.6 -0.233501 0.458562
2.65 -0.15159 0.483017
2.7 -0.0779665 0.506126
2.75 -0.0109633 0.527918
2.8 0.0505968 0.548416
2.85 0.107576 0.56764
2.9 0.160627 0.585603
2.95 0.210254 0.602314
3 0.256856 0.617779
3.05 0.300754 0.631996
