0.005 -1.59341 -1.27556
0.01 -1.44435 -1.14155
0.015 -1.35747 -1.06655
0.02 -1.29606 -1.01536
0.025 -1.2486 -0.977078
0.03 -1.20997 -0.946879
0.035 -1.17745 -0.922219
0.04 -1.14941 -0.901587
0.045 -1.12479 -0.884015
0.05 -1.10287 -0.868846
0.055 -1.08315 -0.855613
0.06 -1.06525 -0.843974
0.065 -1.04888 -0.833671
0.07 -1.03382 -0.824504
0.075 -1.01988 -0.816315
0.08 -1.00694 -0.808977
0.085 -0.99486 -0.802388
0.09 -0.983559 -0.796462
0.095 -0.972952 -0.791129
0.1 -0.96297 -0.786329
0.105 -0.953555 -0.782011
0.11 -0.944656 -0.778132
0.115 -0.93623 -0.774654
0.12 -0.928238 -0.771546
0.125 -0.920648 -0.768778
0.13 -0.913431 -0.766326
0.135 -0.906559 -0.764167
0.14 -0.900011 -0.762283
0.145 -0.893764 -0.760655
0.15 -0.887801 -0.759269
0.155 -0.882105 -0.758111
0.16 -0.87666 -0.757168
0.165 -0.871453 -0.756429
0.17 -0.866471 -0.755883
0.175 -0.861703 -0.755522
0.18 -0.857138 -0.755337
0.185 -0.852767 -0.755321
0.19 -0.848581 -0.755466
0.195 -0.844572 -0.755767
0.2 -0.840732 -0.756217
0.205 -0.837056 -0.756811
0.21 -0.833535 -0.757545
0.215 -0.830164 -0.758413
0.22 -0.826939 -0.759411
0.225 -0.823853 -0.760537
0.23 -0.820902 -0.761786
0.235 -0.818081 -0.763155
0.24 -0.815387 -0.764641
0.245 -0.812816 -0.766241
0.25 -0.810363 -0.767954
0.255 -0.808026 -0.769776
0.26 -0.805802 -0.771705
0.265 -0.803687 -0.77374
0.27 -0.801678 -0.775879
0.275 -0.799774 -0.778119
0.28 -0.797971 -0.78046
0.285 -0.796268 -0.7829
0.29 -0.794662 -0.785438
0.295 -0.79315 -0.788073
0.3 -0.791733 -0.790803
0.305 -0.790406 -0.793628
0.31 -0.78917 -0.796547
0.315 -0.788022 -0.799558
0.32 -0.78696 -0.802663
0.325 -0.785984 -0.805859
0.33 -0.785092 -0.809147
0.335 -0.784283 -0.812525
0.34 -0.783556 -0.815994
0.345 -0.782909 -0.819554
0.35 -0.782341 -0.823203
0.355 -0.781853 -0.826943
0.36 -0.781442 -0.830772
0.365 -0.781109 -0.834692
0.37 -0.780852 -0.838701
0.375 -0.78067 -0.8428
0.38 -0.780563 -0.84699
0.385 -0.780531 -0.851269
0.39 -0.780572 -0.85564
0.395 -0.780687 -0.860102
0.4 -0.780875 -0.864655
0.405 -0.781136 -0.869299
0.41 -0.781469 -0.874037
0.415 -0.781873 -0.878867
0.42 -0.782349 -0.88379
0.425 -0.782897 -0.888808
0.43 -0.783516 -0.893921
0.435 -0.784207 -0.899129
0.44 -0.784968 -0.904434
0.445 -0.7858 -0.909836
0.45 -0.786704 -0.915336
0.455 -0.787678 -0.920936
0.46 -0.788723 -0.926636
0.465 -0.78984 -0.932437
0.47 -0.791028 -0.938341
0.475 -0.792288 -0.944348
0.48 -0.793619 -0.950461
0.485 -0.795022 -0.95668
0.49 -0.796498 -0.963007
0.495 -0.798046 -0.969443
0.5 -0.799667 -0.97599
0.505 -0.801361 -0.98265
0.51 -0.80313 -0.989423
0.515 -0.804972 -0.996313
0.52 -0.80689 -1.00332
0.525 -0.808883 -1.01045
0.53 -0.810952 -1.0177
0.535 -0.813098 -1.02507
0.54 -0.815321 -1.03257
0.545 -0.817622 -1.04019
0.55 -0.820003 -1.04795
0.555 -0.822463 -1.05584
0.56 -0.825003 -1.06386
0.565 -0.827626 -1.07203
0.57 -0.830331 -1.08033
0.575 -0.833119 -1.08878
0.58 -0.835993 -1.09738
0.585 -0.838952 -1.10612
0.59 -0.841998 -1.11502
0.595 -0.845133 -1.12408
0.6 -0.848358 -1.13329
0.605 -0.851674 -1.14267
0.61 -0.855082 -1.15222
0.615 -0.858585 -1.16194
0.62 -0.862184 -1.17184
0.625 -0.86588 -1.18191
0.63 -0.869676 -1.19218
0.635 -0.873572 -1.20263
0.64 -0.877573 -1.21328
0.645 -0.881678 -1.22413
0.65 -0.885891 -1.23518
0.655 -0.890214 -1.24645
0.66 -0.894649 -1.25793
0.665 -0.899199 -1.26964
0.67 -0.903866 -1.28158
0.675 -0.908654 -1.29376
0.68 -0.913564 -1.30619
0.685 -0.918601 -1.31887
0.69 -0.923767 -1.33181
0.695 -0.929066 -1.34502
0.7 -0.934501 -1.35851
0.705 -0.940076 -1.37229
0.71 -0.945796 -1.38637
0.715 -0.951664 -1.40076
0.72 -0.957685 -1.41548
0.725 -0.963863 -1.43053
0.73 -0.970204 -1.44592
0.735 -0.976712 -1.46168
0.74 -0.983394 -1.47781
0.745 -0.990255 -1.49433
0.75 -0.997301 -1.51126
0.755 -1.00454 -1.52862
0.76 -1.01198 -1.54642
0.765 -1.01962 -1.56469
0.77 -1.02748 -1.58344
0.775 -1.03556 -1.6027
0.78 -1.04387 -1.6225
0.785 -1.05243 -1.64286
0.79 -1.06124 -1.66382
0.795 -1.07031 -1.68539
0.8 -1.07966 -1.70763
0.805 -1.0893 -1.73056
0.81 -1.09924 -1.75422
0.815 -1.1095 -1.77867
0.82 -1.12009 -1.80395
0.825 -1.13103 -1.83012
0.83 -1.14235 -1.85723
0.835 -1.15406 -1.88535
0.84 -1.16618 -1.91456
0.845 -1.17875 -1.94493
0.85 -1.19178 -1.97657
0.855 -1.20532 -2.00957
0.86 -1.21939 -2.04405
0.865 -1.23403 -2.08014
0.87 -1.24928 -2.11801
0.875 -1.26519 -2.15783
0.88 -1.28181 -2.1998
0.885 -1.2992 -2.24417
0.89 -1.31744 -2.29122
0.895 -1.33658 -2.34132
0.9 -1.35673 -2.39487
0.905 -1.37799 -2.45239
0.91 -1.40046 -2.51454
0.915 -1.42429 -2.58217
0.92 -1.44965 -2.65636
0.925 -1.47672 -2.73863
0.93 -1.50574 -2.8311
0.935 -1.537 -2.93694
0.94 -1.57086 -3.06121
0.945 -1.60776 -3.2129
0.95 -1.64828 -3.4106
0.955 -1.69319 -3.70572
0.96 -1.74351 -4.41934
0.965 -1.80069 -4.05717
0.97 -1.86685 -3.74482
0.975 -1.94527 -3.62257
0.98 -2.04146 -3.58032
0.985 -2.16575 -3.59736
0.99 -2.34132 -3.68239
0.995 -2.64234 -3.89389
1 -5.11616 -4.9188
1.005 -2.638 -3.85569
1.01 -2.337 -3.48535
1.015 -2.16047 -3.25863
1.02 -2.03498 -3.09026
1.025 -1.9375 -2.95444
1.03 -1.85773 -2.8397
1.035 -1.7902 -2.7399
1.04 -1.73163 -2.6513
1.045 -1.67991 -2.57146
1.05 -1.6336 -2.49869
1.055 -1.59167 -2.43175
1.06 -1.55335 -2.36972
1.065 -1.51807 -2.31189
1.07 -1.48539 -2.2577
1.075 -1.45494 -2.20667
1.08 -1.42644 -2.15846
1.085 -1.39965 -2.11274
1.09 -1.37439 -2.06926
1.095 -1.35048 -2.0278
1.1 -1.32779 -1.98817
1.105 -1.30621 -1.95021
1.11 -1.28563 -1.91377
1.115 -1.26596 -1.87874
1.12 -1.24712 -1.845
1.125 -1.22906 -1.81246
1.13 -1.21171 -1.78103
1.135 -1.19502 -1.75064
1.14 -1.17894 -1.72121
1.145 -1.16343 -1.69269
1.15 -1.14845 -1.66502
1.155 -1.13398 -1.63814
1.16 -1.11997 -1.61201
1.165 -1.1064 -1.58659
1.17 -1.09324 -1.56184
1.175 -1.08048 -1.53772
1.18 -1.06809 -1.5142
1.185 -1.05605 -1.49125
1.19 -1.04434 -1.46884
1.195 -1.03295 -1.44695
1.2 -1.02187 -1.42555
1.205 -1.01107 -1.40462
1.21 -1.00054 -1.38413
1.215 -0.990281 -1.36408
1.22 -0.980272 -1.34443
1.225 -0.970503 -1.32518
1.23 -0.960966 -1.3063
1.235 -0.951651 -1.28779
1.24 -0.942549 -1.26962
1.245 -0.933653 -1.25179
1.25 -0.924955 -1.23428
1.255 -0.916448 -1.21708
1.26 -0.908125 -1.20018
1.265 -0.89998 -1.18357
1.27 -0.892007 -1.16724
1.275 -0.884201 -1.15117
1.28 -0.876555 -1.13536
1.285 -0.869066 -1.11981
1.29 -0.861728 -1.1045
1.295 -0.854537 -1.08942
1.3 -0.847489 -1.07457
1.305 -0.840579 -1.05995
1.31 -0.833804 -1.04553
1.315 -0.82716 -1.03133
1.32 -0.820644 -1.01732
1.325 -0.814253 -1.00351
1.33 -0.807982 -0.989895
1.335 -0.80183 -0.976462
1.34 -0.795793 -0.963208
1.345 -0.789869 -0.95013
1.35 -0.784055 -0.937222
1.355 -0.778349 -0.92448
1.36 -0.772748 -0.911899
1.365 -0.76725 -0.899475
1.37 -0.761853 -0.887205
1.375 -0.756555 -0.875084
1.38 -0.751354 -0.863109
1.385 -0.746248 -0.851277
1.39 -0.741234 -0.839583
1.395 -0.736313 -0.828025
1.4 -0.731481 -0.816599
1.405 -0.726737 -0.805303
1.41 -0.72208 -0.794133
1.415 -0.717508 -0.783086
1.42 -0.713019 -0.772161
1.425 -0.708614 -0.761353
1.43 -0.704289 -0.750661
1.435 -0.700045 -0.740083
1.44 -0.695879 -0.729615
1.445 -0.691791 -0.719255
1.45 -0.68778 -0.709002
1.455 -0.683844 -0.698853
1.46 -0.679983 -0.688805
1.465 -0.676195 -0.678858
1.47 -0.67248 -0.669008
1.475 -0.668837 -0.659255
1.48 -0.665265 -0.649595
1.485 -0.661763 -0.640028
1.49 -0.658331 -0.630552
1.495 -0.654967 -0.621164
1.5 -0.651671 -0.611864
1.505 -0.648443 -0.602649
1.51 -0.645282 -0.593519
1.515 -0.642186 -0.584471
1.52 -0.639157 -0.575504
1.525 -0.636192 -0.566617
1.53 -0.633292 -0.557809
1.535 -0.630456 -0.549077
1.54 -0.627683 -0.540421
1.545 -0.624974 -0.53184
1.55 -0.622327 -0.523331
1.555 -0.619743 -0.514895
1.56 -0.61722 -0.506529
1.565 -0.61476 -0.498233
1.57 -0.61236 -0.490006
1.575 -0.610022 -0.481846
1.58 -0.607745 -0.473752
1.585 -0.605528 -0.465724
1.59 -0.603371 -0.45776
1.595 -0.601274 -0.44986
1.6 -0.599238 -0.442022
1.605 -0.597261 -0.434245
1.61 -0.595344 -0.426529
1.615 -0.593486 -0.418872
1.62 -0.591688 -0.411274
1.625 -0.589949 -0.403735
1.63 -0.588269 -0.396252
1.635 -0.586649 -0.388826
1.64 -0.585088 -0.381455
1.645 -0.583586 -0.374139
1.65 -0.582143 -0.366876
1.655 -0.58076 -0.359667
1.66 -0.579436 -0.352511
1.665 -0.578171 -0.345406
1.67 -0.576966 -0.338353
1.675 -0.575821 -0.331349
1.68 -0.574736 -0.324396
1.685 -0.57371 -0.317492
1.69 -0.572745 -0.310636
1.695 -0.57184 -0.303828
1.7 -0.570996 -0.297067
1.705 -0.570213 -0.290353
1.71 -0.569491 -0.283685
1.715 -0.568831 -0.277063
1.72 -0.568232 -0.270485
1.725 -0.567696 -0.263952
1.73 -0.567222 -0.257463
1.735 -0.566811 -0.251017
1.74 -0.566464 -0.244613
1.745 -0.56618 -0.238253
1.75 -0.565961 -0.231934
1.755 -0.565806 -0.225656
1.76 -0.565717 -0.219419
1.765 -0.565694 -0.213222
1.77 -0.565738 -0.207066
1.775 -0.565849 -0.200949
1.78 -0.566027 -0.194871
1.785 -0.566274 -0.188831
1.79 -0.566591 -0.18283
1.795 -0.566977 -0.176867
1.8 -0.567434 -0.170941
1.805 -0.567963 -0.165052
1.81 -0.568564 -0.159199
1.815 -0.569239 -0.153383
1.82 -0.569988 -0.147602
1.825 -0.570813 -0.141857
1.83 -0.571714 -0.136147
1.835 -0.572692 -0.130471
1.84 -0.573749 -0.12483
1.845 -0.574886 -0.119223
1.85 -0.576104 -0.11365
1.855 -0.577405 -0.10811
1.86 -0.578789 -0.102603
1.865 -0.580258 -0.0971284
1.87 -0.581814 -0.0916864
1.875 -0.583458 -0.0862764
1.88 -0.585192 -0.0808982
1.885 -0.587017 -0.0755514
1.89 -0.588936 -0.0702358
1.895 -0.590949 -0.064951
1.9 -0.59306 -0.0596968
1.905 -0.595269 -0.0544728
1.91 -0.59758 -0.0492789
1.915 -0.599994 -0.0441147
1.92 -0.602514 -0.03898
1.925 -0.605142 -0.0338745
1.93 -0.60788 -0.0287979
1.935 -0.610732 -0.02375
1.94 -0.613699 -0.0187305
1.945 -0.616786 -0.0137393
1.95 -0.619995 -0.00877597
1.955 -0.623329 -0.00384036
1.96 -0.626792 0.00106777
1.965 -0.630387 0.00594866
1.97 -0.634118 0.0108025
1.975 -0.637989 0.0156296
1.98 -0.642004 0.0204301
1.985 -0.646168 0.0252043
1.99 -0.650485 0.0299523
1.995 -0.65496 0.0346745
2 -0.659599 0.0393708
2.005 -0.664406 0.0440417
2.01 -0.669388 0.0486873
2.015 -0.674551 0.0533078
2.02 -0.679902 0.0579033
2.025 -0.685447 0.0624741
2.03 -0.691194 0.0670204
2.035 -0.697151 0.0715423
2.04 -0.703326 0.0760401
2.045 -0.709728 0.0805139
2.05 -0.716367 0.0849638
2.055 -0.723254 0.0893902
2.06 -0.730399 0.0937931
2.065 -0.737814 0.0981727
2.07 -0.745513 0.102529
2.075 -0.753508 0.106863
2.08 -0.761816 0.111173
2.085 -0.770451 0.115462
2.09 -0.779433 0.119727
2.095 -0.788779 0.123971
2.1 -0.79851 0.128192
2.105 -0.80865 0.132391
2.11 -0.819223 0.136568
2.115 -0.830257 0.140724
2.12 -0.841781 0.144858
2.125 -0.853829 0.148971
2.13 -0.866438 0.153062
2.135 -0.879649 0.157132
2.14 -0.893507 0.161182
2.145 -0.908064 0.16521
2.15 -0.923379 0.169218
2.155 -0.939516 0.173205
2.16 -0.95655 0.177171
2.165 -0.974568 0.181118
2.17 -0.993668 0.185044
2.175 -1.01396 0.18895
2.18 -1.03559 0.192836
2.185 -1.05871 0.196702
2.19 -1.0835 0.200548
2.195 -1.1102 0.204375
2.2 -1.13908 0.208182
2.205 -1.17049 0.21197
2.21 -1.20486 0.215739
2.215 -1.24274 0.219489
2.22 -1.28485 0.223219
2.225 -1.33219 0.226931
2.23 -1.3861 0.230624
2.235 -1.44858 0.234298
2.24 -1.52267 0.237953
2.245 -1.61339 0.24159
2.25 -1.72995 0.245209
2.255 -1.89233 0.248809
2.26 -2.15937 0.252391
2.265 -3.01467 0.255955
2.27 -2.29487 0.259501
2.275 -1.9513 0.263029
2.28 -1.75998 0.26654
2.285 -1.62619 0.270032
2.29 -1.52293 0.273507
2.295 -1.43864 0.276964
2.3 -1.36728 0.280404
2.305 -1.30532 0.283827
2.31 -1.2505 0.287232
2.315 -1.20128 0.29062
2.32 -1.15659 0.293991
2.325 -1.11561 0.297345
2.33 -1.07775 0.300682
2.335 -1.04255 0.304002
2.34 -1.00963 0.307305
2.345 -0.978701 0.310592
2.35 -0.949513 0.313862
2.355 -0.92187 0.317116
2.36 -0.895604 0.320353
2.365 -0.870572 0.323573
2.37 -0.846656 0.326777
2.375 -0.823751 0.329965
2.38 -0.801766 0.333137
2.385 -0.780625 0.336293
2.39 -0.760259 0.339433
2.395 -0.740606 0.342556
2.4 -0.721614 0.345664
2.405 -0.703235 0.348756
2.41 -0.685427 0.351832
2.415 -0.66815 0.354893
2.42 -0.65137 0.357938
2.425 -0.635057 0.360967
2.43 -0.619182 0.363981
2.435 -0.603719 0.366979
2.44 -0.588645 0.369962
2.445 -0.573938 0.37293
2.45 -0.559578 0.375882
2.455 -0.545548 0.378819
2.46 -0.53183 0.381741
2.465 -0.518409 0.384648
2.47 -0.505271 0.38754
2.475 -0.492402 0.390417
2.48 -0.479791 0.393279
2.485 -0.467425 0.396126
2.49 -0.455294 0.398958
2.495 -0.443388 0.401776
2.5 -0.431698 0.404579
2.505 -0.420214 0.407367
2.51 -0.408929 0.41014
2.515 -0.397835 0.412899
2.52 -0.386924 0.415644
2.525 -0.37619 0.418374
2.53 -0.365627 0.421089
2.535 -0.355227 0.42379
2.54 -0.344986 0.426477
2.545 -0.334898 0.42915
2.55 -0.324958 0.431808
2.555 -0.31516 0.434452
2.56 -0.305501 0.437082
2.565 -0.295976 0.439698
2.57 -0.286581 0.4423
2.575 -0.277311 0.444888
2.58 -0.268163 0.447462
2.585 -0.259133 0.450022
2.59 -0.250219 0.452568
2.595 -0.241415 0.4551
2.6 -0.232721 0.457618
2.605 -0.224131 0.460123
2.61 -0.215644 0.462613
2.615 -0.207257 0.46509
2.62 -0.198968 0.467554
2.625 -0.190772 0.470004
2.63 -0.182669 0.47244
2.635 -0.174656 0.474862
2.64 -0.166731 0.477271
2.645 -0.158891 0.479667
2.65 -0.151134 0.482049
2.655 -0.143459 0.484418
2.66 -0.135864 0.486773
2.665 -0.128346 0.489115
2.67 -0.120905 0.491443
2.675 -0.113537 0.493758
2.68 -0.106243 0.49606
2.685 -0.0990192 0.498349
2.69 -0.0918652 0.500624
2.695 -0.0847793 0.502887
2.7 -0.07776 0.505136
2.705 -0.0708061 0.507372
2.71 -0.0639161 0.509594
2.715 -0.0570888 0.511804
2.72 -0.050323 0.514001
2.725 -0.0436174 0.516184
2.73 -0.0369709 0.518355
2.735 -0.0303824 0.520512
2.74 -0.0238507 0.522657
2.745 -0.0173749 0.524789
2.75 -0.0109538 0.526907
2.755 -0.00458663 0.529013
2.76 0.00172775 0.531106
2.765 0.00799021 0.533186
2.77 0.0142017 0.535253
2.775 0.020363 0.537308
2.78 0.026475 0.539349
2.785 0.0325386 0.541378
2.79 0.0385546 0.543394
2.795 0.0445237 0.545397
2.8 0.0504467 0.547387
2.805 0.0563243 0.549365
2.81 0.0621573 0.55133
2.815 0.0679464 0.553283
2.82 0.0736922 0.555222
2.825 0.0793954 0.557149
2.83 0.0850567 0.559064
2.835 0.0906766 0.560965
2.84 0.0962559 0.562855
2.845 0.101795 0.564731
2.85 0.107295 0.566595
2.855 0.112755 0.568446
2.86 0.118178 0.570285
2.865 0.123562 0.572111
2.87 0.128909 0.573925
2.875 0.134219 0.575726
2.88 0.139493 0.577515
2.885 0.144731 0.579291
2.89 0.149934 0.581054
2.895 0.155102 0.582805
2.9 0.160235 0.584544
2.905 0.165335 0.58627
2.91 0.1704 0.587983
2.915 0.175433 0.589684
2.92 0.180433 0.591373
2.925 0.185401 0.593049
2.93 0.190337 0.594713
2.935 0.195241 0.596364
2.94 0.200114 0.598003
2.945 0.204956 0.599629
2.95 0.209768 0.601243
2.955 0.21455 0.602844
2.96 0.219302 0.604433
2.965 0.224025 0.60601
2.97 0.228719 0.607574
2.975 0.233384 0.609125
2.98 0.238021 0.610665
2.985 0.242629 0.612191
2.99 0.24721 0.613706
2.995 0.251764 0.615207
3 0.25629 0.616697
3.005 0.260789 0.618174
