0.01 -1.44435 -1.14155
0.02 -1.29606 -1.01537
0.03 -1.20997 -0.946881
0.04 -1.14941 -0.90159
0.05 -1.10287 -0.868849
0.06 -1.06525 -0.843978
0.07 -1.03381 -0.824509
0.08 -1.00693 -0.808982
0.09 -0.983558 -0.796468
0.1 -0.962968 -0.786335
0.11 -0.944654 -0.778139
0.12 -0.928236 -0.771553
0.13 -0.913429 -0.766333
0.14 -0.900009 -0.762291
0.15 -0.887799 -0.759279
0.16 -0.876658 -0.757178
0.17 -0.866469 -0.755894
0.18 -0.857136 -0.755349
0.19 -0.848579 -0.755479
0.2 -0.840731 -0.75623
0.21 -0.833534 -0.757558
0.22 -0.826938 -0.759426
0.23 -0.820901 -0.761801
0.24 -0.815386 -0.764657
0.25 -0.810363 -0.767971
0.26 -0.805801 -0.771724
0.27 -0.801678 -0.775898
0.28 -0.797971 -0.780481
0.29 -0.794661 -0.78546
0.3 -0.791733 -0.790826
0.31 -0.78917 -0.796571
0.32 -0.786961 -0.802689
0.33 -0.785093 -0.809174
0.34 -0.783557 -0.816023
0.35 -0.782343 -0.823234
0.36 -0.781444 -0.830804
0.37 -0.780854 -0.838734
0.38 -0.780566 -0.847025
0.39 -0.780575 -0.855677
0.4 -0.780878 -0.864694
0.41 -0.781472 -0.874078
0.42 -0.782353 -0.883834
0.43 -0.783521 -0.893967
0.44 -0.784973 -0.904483
0.45 -0.786709 -0.915388
0.46 -0.788729 -0.92669
0.47 -0.791034 -0.938399
0.48 -0.793626 -0.950522
0.49 -0.796505 -0.963072
0.5 -0.799675 -0.976059
0.51 -0.803139 -0.989496
0.52 -0.806899 -1.0034
0.53 -0.810962 -1.01778
0.54 -0.815332 -1.03265
0.55 -0.820014 -1.04804
0.56 -0.825016 -1.06396
0.57 -0.830344 -1.08044
0.58 -0.836007 -1.09749
0.59 -0.842014 -1.11514
0.6 -0.848375 -1.13342
0.61 -0.8551 -1.15235
0.62 -0.862203 -1.17198
0.63 -0.869696 -1.19233
0.64 -0.877595 -1.21344
0.65 -0.885915 -1.23535
0.66 -0.894674 -1.25812
0.67 -0.903893 -1.28178
0.68 -0.913592 -1.3064
0.69 -0.923797 -1.33204
0.7 -0.934533 -1.35876
0.71 -0.945831 -1.38664
0.72 -0.957722 -1.41577
0.73 -0.970244 -1.44624
0.74 -0.983437 -1.47816
0.75 -0.997347 -1.51165
0.76 -1.01203 -1.54685
0.77 -1.02753 -1.58391
0.78 -1.04393 -1.62302
0.79 -1.0613 -1.6644
0.8 -1.07973 -1.70828
0.81 -1.09931 -1.75496
0.82 -1.12017 -1.80479
0.83 -1.14243 -1.85819
0.84 -1.16628 -1.91567
0.85 -1.19189 -1.97786
0.86 -1.2195 -2.04558
0.87 -1.2494 -2.11985
0.88 -1.28195 -2.20204
0.89 -1.31759 -2.29402
0.9 -1.35691 -2.39846
0.91 -1.40066 -2.51933
0.92 -1.44987 -2.66308
0.93 -1.50601 -2.84128
0.94 -1.57117 -3.07882
0.95 -1.64867 -3.45137
0.96 -1.744 -5.52706
0.97 -1.86752 -3.66684
0.98 -2.0425 -3.52503
0.99 -2.34345 -3.61308
1 -4.51656 -4.3163
1.01 -2.3348 -3.53669
1.02 -2.03386 -3.11035
1.03 -1.85696 -2.85094
1.04 -1.73104 -2.65859
1.05 -1.63312 -2.50384
1.06 -1.55294 -2.37357
1.07 -1.48503 -2.26068
1.08 -1.42612 -2.16084
1.09 -1.3741 -2.07121
1.1 -1.32753 -1.98979
1.11 -1.28538 -1.91514
1.12 -1.24689 -1.84617
1.13 -1.2115 -1.78205
1.14 -1.17874 -1.7221
1.15 -1.14826 -1.6658
1.16 -1.11978 -1.6127
1.17 -1.09306 -1.56245
1.18 -1.06792 -1.51475
1.19 -1.04418 -1.46934
1.2 -1.02171 -1.426
1.21 -1.00039 -1.38454
1.22 -0.98012 -1.34481
1.23 -0.960818 -1.30665
1.24 -0.942405 -1.26994
1.25 -0.924815 -1.23457
1.26 -0.907988 -1.20045
1.27 -0.891872 -1.16748
1.28 -0.876423 -1.13559
1.29 -0.861598 -1.10471
1.3 -0.847361 -1.07477
1.31 -0.833678 -1.04572
1.32 -0.82052 -1.01749
1.33 -0.80786 -0.990055
1.34 -0.795672 -0.963358
1.35 -0.783936 -0.937362
1.36 -0.77263 -0.91203
1.37 -0.761736 -0.887328
1.38 -0.751238 -0.863225
1.39 -0.741119 -0.839691
1.4 -0.731367 -0.816701
1.41 -0.721967 -0.794228
1.42 -0.712907 -0.77225
1.43 -0.704178 -0.750746
1.44 -0.695768 -0.729694
1.45 -0.68767 -0.709077
1.46 -0.679873 -0.688876
1.47 -0.672371 -0.669074
1.48 -0.665156 -0.649657
1.49 -0.658222 -0.63061
1.5 -0.651564 -0.611919
1.51 -0.645174 -0.59357
1.52 -0.639049 -0.575553
1.53 -0.633185 -0.557854
1.54 -0.627576 -0.540464
1.55 -0.62222 -0.523371
1.56 -0.617114 -0.506567
1.57 -0.612254 -0.490041
1.58 -0.607638 -0.473785
1.59 -0.603265 -0.457791
1.6 -0.599132 -0.44205
1.61 -0.595237 -0.426555
1.62 -0.591581 -0.411299
1.63 -0.588163 -0.396275
1.64 -0.584981 -0.381476
1.65 -0.582036 -0.366896
1.66 -0.579328 -0.352529
1.67 -0.576859 -0.338369
1.68 -0.574628 -0.324411
1.69 -0.572637 -0.310649
1.7 -0.570888 -0.297079
1.71 -0.569382 -0.283696
1.72 -0.568123 -0.270494
1.73 -0.567112 -0.257471
1.74 -0.566353 -0.244621
1.75 -0.56585 -0.231939
1.76 -0.565606 -0.219424
1.77 -0.565625 -0.20707
1.78 -0.565914 -0.194874
1.79 -0.566477 -0.182832
1.8 -0.567319 -0.170942
1.81 -0.568448 -0.159199
1.82 -0.569871 -0.147601
1.83 -0.571596 -0.136145
1.84 -0.57363 -0.124828
1.85 -0.575984 -0.113646
1.86 -0.578667 -0.102599
1.87 -0.581691 -0.0916815
1.88 -0.585068 -0.0808926
1.89 -0.58881 -0.0702294
1.9 -0.592933 -0.0596897
1.91 -0.597451 -0.0492712
1.92 -0.602383 -0.0389717
1.93 -0.607747 -0.0287889
1.94 -0.613565 -0.018721
1.95 -0.619858 -0.00876581
1.96 -0.626652 0.0010785
1.97 -0.633976 0.0108138
1.98 -0.641859 0.020442
1.99 -0.650337 0.0299647
2 -0.659448 0.0393837
2.01 -0.669234 0.0487007
2.02 -0.679744 0.0579172
2.03 -0.691032 0.0670348
2.04 -0.703159 0.0760549
2.05 -0.716196 0.0849791
2.06 -0.730222 0.0938088
2.07 -0.74533 0.102545
2.08 -0.761626 0.11119
2.09 -0.779235 0.119744
2.1 -0.798305 0.128209
2.11 -0.819009 0.136586
2.12 -0.841556 0.144876
2.13 -0.8662 0.153081
2.14 -0.893255 0.161201
2.15 -0.92311 0.169237
2.16 -0.956261 0.177191
2.17 -0.993355 0.185064
2.18 -1.03525 0.192856
2.19 -1.08312 0.200569
2.2 -1.13865 0.208203
2.21 -1.20436 0.21576
2.22 -1.28426 0.223241
2.23 -1.38536 0.230646
2.24 -1.52166 0.237976
2.25 -1.72834 0.245231
2.26 -2.1551 0.252414
2.27 -2.30071 0.259524
2.28 -1.76166 0.266563
2.29 -1.52389 0.273531
2.3 -1.36795 0.280428
2.31 -1.251 0.287256
2.32 -1.15698 0.294015
2.33 -1.07808 0.300707
2.34 -1.00991 0.30733
2.35 -0.94975 0.313887
2.36 -0.89581 0.320378
2.37 -0.846837 0.326803
2.38 -0.801927 0.333163
2.39 -0.760402 0.339459
2.4 -0.721743 0.34569
2.41 -0.685542 0.351859
2.42 -0.651475 0.357964
2.43 -0.619277 0.364008
2.44 -0.588731 0.369989
2.45 -0.559657 0.375909
2.46 -0.531902 0.381769
2.47 -0.505337 0.387568
2.48 -0.479851 0.393307
2.49 -0.455349 0.398986
2.5 -0.431748 0.404607
2.51 -0.408975 0.410168
2.52 -0.386967 0.415672
2.53 -0.365665 0.421118
2.54 -0.345022 0.426506
2.55 -0.32499 0.431837
2.56 -0.305531 0.437111
2.57 -0.286607 0.442329
2.58 -0.268187 0.447491
2.59 -0.25024 0.452597
2.6 -0.23274 0.457648
2.61 -0.215662 0.462643
2.62 -0.198983 0.467584
2.63 -0.182683 0.47247
2.64 -0.166742 0.477302
2.65 -0.151144 0.482079
2.66 -0.135873 0.486803
2.67 -0.120912 0.491474
2.68 -0.106248 0.496091
2.69 -0.0918695 0.500655
2.7 -0.077763 0.505167
2.71 -0.0639178 0.509625
2.72 -0.0503235 0.514032
2.73 -0.0369703 0.518386
2.74 -0.023849 0.522688
2.75 -0.0109511 0.526939
2.76 0.00173148 0.531138
2.77 0.0142064 0.535285
2.78 0.0264806 0.539381
2.79 0.0385611 0.543426
2.8 0.050454 0.547419
2.81 0.0621655 0.551362
2.82 0.0737011 0.555254
2.83 0.0850664 0.559096
2.84 0.0962663 0.562887
2.85 0.107306 0.566627
2.86 0.118189 0.570317
2.87 0.128921 0.573957
2.88 0.139506 0.577547
2.89 0.149948 0.581087
2.9 0.160249 0.584576
2.91 0.170415 0.588016
2.92 0.180449 0.591406
2.93 0.190353 0.594746
2.94 0.20013 0.598036
2.95 0.209785 0.601276
2.96 0.21932 0.604466
2.97 0.228737 0.607607
2.98 0.238039 0.610698
2.99 0.247229 0.613739
3 0.256309 0.61673
3.01 0.265282 0.619672
