0.001 -1.94098 -1.60378
0.002 -1.79111 -1.4603
0.003 -1.70356 -1.37771
0.004 -1.6415 -1.31989
0.005 -1.59341 -1.27556
0.006 -1.55415 -1.23972
0.007 -1.52098 -1.20973
0.008 -1.49227 -1.18399
0.009 -1.46697 -1.1615
0.01 -1.44435 -1.14155
0.011 -1.4239 -1.12366
0.012 -1.40525 -1.10746
0.013 -1.3881 -1.09267
0.014 -1.37223 -1.0791
0.015 -1.35747 -1.06655
0.016 -1.34368 -1.05491
0.017 -1.33073 -1.04405
0.018 -1.31853 -1.03389
0.019 -1.30699 -1.02435
0.02 -1.29606 -1.01536
0.021 -1.28567 -1.00688
0.022 -1.27576 -0.998845
0.023 -1.26631 -0.991223
0.024 -1.25727 -0.983978
0.025 -1.2486 -0.977077
0.026 -1.24028 -0.970493
0.027 -1.23228 -0.964202
0.028 -1.22457 -0.958182
0.029 -1.21714 -0.952413
0.03 -1.20997 -0.946878
0.031 -1.20304 -0.941562
0.032 -1.19634 -0.93645
0.033 -1.18985 -0.93153
0.034 -1.18356 -0.926789
0.035 -1.17745 -0.922218
0.036 -1.17153 -0.917806
0.037 -1.16577 -0.913545
0.038 -1.16017 -0.909426
0.039 -1.15472 -0.905442
0.04 -1.14941 -0.901586
0.041 -1.14424 -0.897852
0.042 -1.1392 -0.894232
0.043 -1.13428 -0.890723
0.044 -1.12948 -0.887319
0.045 -1.12479 -0.884014
0.046 -1.12021 -0.880805
0.047 -1.11573 -0.877687
0.048 -1.11135 -0.874657
0.049 -1.10707 -0.871711
0.05 -1.10287 -0.868844
0.051 -1.09877 -0.866055
0.052 -1.09475 -0.86334
0.053 -1.09081 -0.860696
0.054 -1.08694 -0.858121
0.055 -1.08315 -0.855611
0.056 -1.07944 -0.853165
0.057 -1.07579 -0.850781
0.058 -1.07222 -0.848455
0.059 -1.0687 -0.846186
0.06 -1.06525 -0.843973
0.061 -1.06186 -0.841812
0.062 -1.05853 -0.839704
0.063 -1.05526 -0.837645
0.064 -1.05204 -0.835634
0.065 -1.04888 -0.83367
0.066 -1.04577 -0.831751
0.067 -1.04271 -0.829876
0.068 -1.0397 -0.828044
0.069 -1.03673 -0.826253
0.07 -1.03382 -0.824503
0.071 -1.03094 -0.822791
0.072 -1.02812 -0.821117
0.073 -1.02533 -0.819481
0.074 -1.02259 -0.81788
0.075 -1.01988 -0.816314
0.076 -1.01722 -0.814781
0.077 -1.01459 -0.813283
0.078 -1.012 -0.811816
0.079 -1.00945 -0.81038
0.08 -1.00694 -0.808976
0.081 -1.00445 -0.807601
0.082 -1.00201 -0.806255
0.083 -0.999593 -0.804938
0.084 -0.997211 -0.803649
0.085 -0.994861 -0.802386
0.086 -0.992542 -0.801151
0.087 -0.990252 -0.799941
0.088 -0.987993 -0.798756
0.089 -0.985762 -0.797596
0.09 -0.98356 -0.796461
0.091 -0.981385 -0.795349
0.092 -0.979238 -0.79426
0.093 -0.977117 -0.793194
0.094 -0.975022 -0.79215
0.095 -0.972953 -0.791127
0.096 -0.970908 -0.790126
0.097 -0.968888 -0.789146
0.098 -0.966892 -0.788187
0.099 -0.96492 -0.787247
0.1 -0.962971 -0.786327
0.101 -0.961044 -0.785426
0.102 -0.959139 -0.784545
0.103 -0.957257 -0.783681
0.104 -0.955396 -0.782836
0.105 -0.953555 -0.782009
0.106 -0.951736 -0.781199
0.107 -0.949936 -0.780407
0.108 -0.948157 -0.779631
0.109 -0.946397 -0.778872
0.11 -0.944656 -0.77813
0.111 -0.942934 -0.777403
0.112 -0.941231 -0.776693
0.113 -0.939546 -0.775997
0.114 -0.937879 -0.775317
0.115 -0.93623 -0.774652
0.116 -0.934598 -0.774002
0.117 -0.932983 -0.773366
0.118 -0.931385 -0.772745
0.119 -0.929804 -0.772137
0.12 -0.928239 -0.771544
0.121 -0.92669 -0.770963
0.122 -0.925156 -0.770397
0.123 -0.923639 -0.769843
0.124 -0.922136 -0.769303
0.125 -0.920649 -0.768775
0.126 -0.919177 -0.76826
0.127 -0.917719 -0.767758
0.128 -0.916276 -0.767268
0.129 -0.914846 -0.766789
0.13 -0.913431 -0.766323
0.131 -0.91203 -0.765868
0.132 -0.910643 -0.765425
0.133 -0.909268 -0.764994
0.134 -0.907908 -0.764574
0.135 -0.90656 -0.764164
0.136 -0.905225 -0.763766
0.137 -0.903903 -0.763379
0.138 -0.902593 -0.763002
0.139 -0.901296 -0.762636
0.14 -0.900011 -0.76228
0.141 -0.898738 -0.761934
0.142 -0.897477 -0.761599
0.143 -0.896228 -0.761274
0.144 -0.894991 -0.760958
0.145 -0.893765 -0.760652
0.146 -0.89255 -0.760356
0.147 -0.891346 -0.76007
0.148 -0.890154 -0.759793
0.149 -0.888972 -0.759525
0.15 -0.887802 -0.759266
0.151 -0.886641 -0.759017
0.152 -0.885492 -0.758776
0.153 -0.884353 -0.758545
0.154 -0.883224 -0.758322
0.155 -0.882105 -0.758108
0.156 -0.880996 -0.757903
0.157 -0.879898 -0.757706
0.158 -0.878809 -0.757517
0.159 -0.87773 -0.757337
0.16 -0.87666 -0.757165
0.161 -0.8756 -0.757001
0.162 -0.87455 -0.756845
0.163 -0.873508 -0.756697
0.164 -0.872476 -0.756557
0.165 -0.871453 -0.756425
0.166 -0.870439 -0.756301
0.167 -0.869434 -0.756184
0.168 -0.868438 -0.756075
0.169 -0.86745 -0.755974
0.17 -0.866471 -0.75588
0.171 -0.865501 -0.755793
0.172 -0.864539 -0.755714
0.173 -0.863585 -0.755642
0.174 -0.86264 -0.755577
0.175 -0.861703 -0.755519
0.176 -0.860774 -0.755468
0.177 -0.859853 -0.755424
0.178 -0.85894 -0.755387
0.179 -0.858035 -0.755357
0.18 -0.857138 -0.755334
0.181 -0.856249 -0.755317
0.182 -0.855367 -0.755307
0.183 -0.854493 -0.755304
0.184 -0.853626 -0.755308
0.185 -0.852767 -0.755317
0.186 -0.851916 -0.755334
0.187 -0.851071 -0.755356
0.188 -0.850234 -0.755386
0.189 -0.849404 -0.755421
0.19 -0.848581 -0.755463
0.191 -0.847766 -0.75551
0.192 -0.846957 -0.755565
0.193 -0.846155 -0.755625
0.194 -0.84536 -0.755691
0.195 -0.844572 -0.755763
0.196 -0.843791 -0.755841
0.197 -0.843017 -0.755925
0.198 -0.842249 -0.756015
0.199 -0.841488 -0.756111
0.2 -0.840733 -0.756213
0.201 -0.839985 -0.75632
0.202 -0.839243 -0.756434
0.203 -0.838508 -0.756552
0.204 -0.837779 -0.756677
0.205 -0.837056 -0.756807
0.206 -0.836339 -0.756943
0.207 -0.835629 -0.757084
0.208 -0.834925 -0.757231
0.209 -0.834227 -0.757383
0.21 -0.833535 -0.75754
0.211 -0.832849 -0.757703
0.212 -0.832169 -0.757872
0.213 -0.831495 -0.758045
0.214 -0.830827 -0.758224
0.215 -0.830165 -0.758408
0.216 -0.829508 -0.758598
0.217 -0.828857 -0.758792
0.218 -0.828212 -0.758992
0.219 -0.827573 -0.759197
0.22 -0.826939 -0.759407
0.221 -0.826311 -0.759622
0.222 -0.825688 -0.759842
0.223 -0.825071 -0.760067
0.224 -0.824459 -0.760297
0.225 -0.823853 -0.760532
0.226 -0.823252 -0.760772
0.227 -0.822657 -0.761017
0.228 -0.822067 -0.761267
0.229 -0.821482 -0.761521
0.23 -0.820902 -0.761781
0.231 -0.820328 -0.762045
0.232 -0.819758 -0.762314
0.233 -0.819194 -0.762588
0.234 -0.818635 -0.762867
0.235 -0.818082 -0.76315
0.236 -0.817533 -0.763438
0.237 -0.816989 -0.76373
0.238 -0.81645 -0.764027
0.239 -0.815916 -0.764329
0.24 -0.815388 -0.764636
0.241 -0.814864 -0.764947
0.242 -0.814344 -0.765262
0.243 -0.81383 -0.765582
0.244 -0.813321 -0.765907
0.245 -0.812816 -0.766236
0.246 -0.812316 -0.76657
0.247 -0.811821 -0.766908
0.248 -0.81133 -0.76725
0.249 -0.810845 -0.767597
0.25 -0.810363 -0.767948
0.251 -0.809887 -0.768304
0.252 -0.809415 -0.768664
0.253 -0.808948 -0.769028
0.254 -0.808485 -0.769397
0.255 -0.808026 -0.76977
0.256 -0.807573 -0.770147
0.257 -0.807123 -0.770529
0.258 -0.806678 -0.770915
0.259 -0.806238 -0.771305
0.26 -0.805802 -0.771699
0.261 -0.80537 -0.772098
0.262 -0.804943 -0.772501
0.263 -0.80452 -0.772908
0.264 -0.804101 -0.773319
0.265 -0.803687 -0.773734
0.266 -0.803277 -0.774153
0.267 -0.802871 -0.774577
0.268 -0.802469 -0.775005
0.269 -0.802072 -0.775436
0.27 -0.801678 -0.775872
0.271 -0.801289 -0.776312
0.272 -0.800904 -0.776756
0.273 -0.800523 -0.777204
0.274 -0.800147 -0.777656
0.275 -0.799774 -0.778113
0.276 -0.799405 -0.778573
0.277 -0.799041 -0.779037
0.278 -0.79868 -0.779505
0.279 -0.798324 -0.779977
0.28 -0.797971 -0.780453
0.281 -0.797623 -0.780934
0.282 -0.797278 -0.781418
0.283 -0.796937 -0.781906
0.284 -0.796601 -0.782397
0.285 -0.796268 -0.782893
0.286 -0.795939 -0.783393
0.287 -0.795614 -0.783897
0.288 -0.795292 -0.784404
0.289 -0.794975 -0.784916
0.29 -0.794661 -0.785431
0.291 -0.794352 -0.78595
0.292 -0.794046 -0.786473
0.293 -0.793744 -0.787
0.294 -0.793445 -0.787531
0.295 -0.79315 -0.788065
0.296 -0.792859 -0.788604
0.297 -0.792572 -0.789146
0.298 -0.792289 -0.789692
0.299 -0.792009 -0.790242
0.3 -0.791733 -0.790795
0.301 -0.79146 -0.791353
0.302 -0.791191 -0.791914
0.303 -0.790926 -0.792479
0.304 -0.790664 -0.793048
0.305 -0.790406 -0.79362
0.306 -0.790152 -0.794196
0.307 -0.789901 -0.794776
0.308 -0.789654 -0.79536
0.309 -0.78941 -0.795948
0.31 -0.78917 -0.796539
0.311 -0.788933 -0.797134
0.312 -0.7887 -0.797732
0.313 -0.78847 -0.798335
0.314 -0.788244 -0.798941
0.315 -0.788022 -0.79955
0.316 -0.787802 -0.800164
0.317 -0.787587 -0.800781
0.318 -0.787374 -0.801402
0.319 -0.787166 -0.802026
0.32 -0.78696 -0.802655
0.321 -0.786758 -0.803286
0.322 -0.786559 -0.803922
0.323 -0.786364 -0.804561
0.324 -0.786172 -0.805204
0.325 -0.785984 -0.805851
0.326 -0.785799 -0.806501
0.327 -0.785617 -0.807155
0.328 -0.785439 -0.807812
0.329 -0.785264 -0.808473
0.33 -0.785092 -0.809138
0.331 -0.784923 -0.809806
0.332 -0.784758 -0.810478
0.333 -0.784596 -0.811154
0.334 -0.784438 -0.811833
0.335 -0.784283 -0.812516
0.336 -0.784131 -0.813203
0.337 -0.783982 -0.813893
0.338 -0.783836 -0.814587
0.339 -0.783694 -0.815284
0.34 -0.783555 -0.815985
0.341 -0.783419 -0.81669
0.342 -0.783287 -0.817398
0.343 -0.783157 -0.81811
0.344 -0.783031 -0.818825
0.345 -0.782908 -0.819544
0.346 -0.782788 -0.820267
0.347 -0.782672 -0.820993
0.348 -0.782558 -0.821723
0.349 -0.782448 -0.822457
0.35 -0.782341 -0.823194
0.351 -0.782237 -0.823934
0.352 -0.782136 -0.824679
0.353 -0.782038 -0.825426
0.354 -0.781944 -0.826178
0.355 -0.781852 -0.826933
0.356 -0.781764 -0.827692
0.357 -0.781679 -0.828454
0.358 -0.781597 -0.82922
0.359 -0.781518 -0.829989
0.36 -0.781442 -0.830762
0.361 -0.781369 -0.831539
0.362 -0.781299 -0.832319
0.363 -0.781232 -0.833103
0.364 -0.781169 -0.83389
0.365 -0.781108 -0.834681
0.366 -0.781051 -0.835476
0.367 -0.780996 -0.836274
0.368 -0.780945 -0.837076
0.369 -0.780896 -0.837881
0.37 -0.780851 -0.83869
0.371 -0.780808 -0.839503
0.372 -0.780769 -0.840319
0.373 -0.780733 -0.841139
0.374 -0.780699 -0.841962
0.375 -0.780669 -0.842789
0.376 -0.780642 -0.84362
0.377 -0.780617 -0.844454
0.378 -0.780596 -0.845292
0.379 -0.780578 -0.846133
0.38 -0.780562 -0.846978
0.381 -0.78055 -0.847827
0.382 -0.780541 -0.848679
0.383 -0.780534 -0.849535
0.384 -0.780531 -0.850395
0.385 -0.78053 -0.851258
0.386 -0.780532 -0.852125
0.387 -0.780538 -0.852995
0.388 -0.780546 -0.853869
0.389 -0.780557 -0.854747
0.39 -0.780572 -0.855628
0.391 -0.780589 -0.856513
0.392 -0.780609 -0.857402
0.393 -0.780632 -0.858294
0.394 -0.780658 -0.85919
0.395 -0.780686 -0.860089
0.396 -0.780718 -0.860992
0.397 -0.780753 -0.861899
0.398 -0.78079 -0.86281
0.399 -0.780831 -0.863724
0.4 -0.780874 -0.864642
0.401 -0.780921 -0.865563
0.402 -0.78097 -0.866489
0.403 -0.781022 -0.867418
0.404 -0.781077 -0.86835
0.405 -0.781135 -0.869286
0.406 -0.781195 -0.870226
0.407 -0.781259 -0.87117
0.408 -0.781326 -0.872117
0.409 -0.781395 -0.873069
0.41 -0.781467 -0.874023
0.411 -0.781543 -0.874982
0.412 -0.781621 -0.875944
0.413 -0.781701 -0.87691
0.414 -0.781785 -0.87788
0.415 -0.781872 -0.878853
0.416 -0.781961 -0.87983
0.417 -0.782054 -0.880811
0.418 -0.782149 -0.881796
0.419 -0.782247 -0.882784
0.42 -0.782348 -0.883776
0.421 -0.782452 -0.884772
0.422 -0.782559 -0.885772
0.423 -0.782668 -0.886775
0.424 -0.782781 -0.887783
0.425 -0.782896 -0.888794
0.426 -0.783014 -0.889809
0.427 -0.783135 -0.890827
0.428 -0.783259 -0.89185
0.429 -0.783385 -0.892876
0.43 -0.783515 -0.893906
0.431 -0.783647 -0.89494
0.432 -0.783782 -0.895978
0.433 -0.78392 -0.897019
0.434 -0.784061 -0.898065
0.435 -0.784205 -0.899114
0.436 -0.784352 -0.900167
0.437 -0.784501 -0.901224
0.438 -0.784653 -0.902285
0.439 -0.784808 -0.90335
0.44 -0.784966 -0.904418
0.441 -0.785127 -0.905491
0.442 -0.785291 -0.906567
0.443 -0.785457 -0.907647
0.444 -0.785626 -0.908732
0.445 -0.785799 -0.90982
0.446 -0.785973 -0.910912
0.447 -0.786151 -0.912008
0.448 -0.786332 -0.913108
0.449 -0.786515 -0.914212
0.45 -0.786702 -0.91532
0.451 -0.786891 -0.916432
0.452 -0.787083 -0.917547
0.453 -0.787278 -0.918667
0.454 -0.787475 -0.919791
0.455 -0.787676 -0.920919
0.456 -0.787879 -0.922051
0.457 -0.788086 -0.923186
0.458 -0.788295 -0.924326
0.459 -0.788507 -0.92547
0.46 -0.788721 -0.926618
0.461 -0.788939 -0.92777
0.462 -0.789159 -0.928926
0.463 -0.789383 -0.930086
0.464 -0.789609 -0.931251
0.465 -0.789838 -0.932419
0.466 -0.79007 -0.933591
0.467 -0.790305 -0.934768
0.468 -0.790542 -0.935949
0.469 -0.790783 -0.937133
0.47 -0.791026 -0.938322
0.471 -0.791272 -0.939515
0.472 -0.791521 -0.940713
0.473 -0.791773 -0.941914
0.474 -0.792028 -0.94312
0.475 -0.792285 -0.944329
0.476 -0.792546 -0.945543
0.477 -0.792809 -0.946762
0.478 -0.793075 -0.947984
0.479 -0.793345 -0.949211
0.48 -0.793616 -0.950442
0.481 -0.793891 -0.951677
0.482 -0.794169 -0.952916
0.483 -0.79445 -0.95416
0.484 -0.794733 -0.955408
0.485 -0.79502 -0.95666
0.486 -0.795309 -0.957917
0.487 -0.795601 -0.959178
0.488 -0.795896 -0.960443
0.489 -0.796194 -0.961712
0.49 -0.796495 -0.962986
0.491 -0.796799 -0.964265
0.492 -0.797106 -0.965548
0.493 -0.797415 -0.966835
0.494 -0.797728 -0.968126
0.495 -0.798043 -0.969422
0.496 -0.798361 -0.970722
0.497 -0.798683 -0.972027
0.498 -0.799007 -0.973337
0.499 -0.799334 -0.97465
0.5 -0.799664 -0.975968
0.501 -0.799997 -0.977291
0.502 -0.800333 -0.978618
0.503 -0.800672 -0.97995
0.504 -0.801014 -0.981287
0.505 -0.801359 -0.982627
0.506 -0.801706 -0.983973
0.507 -0.802057 -0.985323
0.508 -0.802411 -0.986677
0.509 -0.802767 -0.988037
0.51 -0.803127 -0.9894
0.511 -0.803489 -0.990769
0.512 -0.803855 -0.992142
0.513 -0.804223 -0.99352
0.514 -0.804595 -0.994902
0.515 -0.804969 -0.996289
0.516 -0.805347 -0.997681
0.517 -0.805727 -0.999078
0.518 -0.806111 -1.00048
0.519 -0.806497 -1.00188
0.52 -0.806887 -1.0033
0.521 -0.807279 -1.00471
0.522 -0.807675 -1.00613
0.523 -0.808074 -1.00756
0.524 -0.808475 -1.00899
0.525 -0.80888 -1.01042
0.526 -0.809287 -1.01186
0.527 -0.809698 -1.01331
0.528 -0.810112 -1.01476
0.529 -0.810529 -1.01621
0.53 -0.810949 -1.01767
0.531 -0.811372 -1.01913
0.532 -0.811798 -1.0206
0.533 -0.812227 -1.02208
0.534 -0.812659 -1.02356
0.535 -0.813094 -1.02504
0.536 -0.813533 -1.02653
0.537 -0.813974 -1.02803
0.538 -0.814419 -1.02952
0.539 -0.814867 -1.03103
0.54 -0.815317 -1.03254
0.541 -0.815771 -1.03405
0.542 -0.816228 -1.03557
0.543 -0.816689 -1.0371
0.544 -0.817152 -1.03863
0.545 -0.817619 -1.04016
0.546 -0.818088 -1.0417
0.547 -0.818561 -1.04325
0.548 -0.819037 -1.0448
0.549 -0.819516 -1.04636
0.55 -0.819999 -1.04792
0.551 -0.820484 -1.04949
0.552 -0.820973 -1.05106
0.553 -0.821465 -1.05264
0.554 -0.82196 -1.05422
0.555 -0.822459 -1.05581
0.556 -0.82296 -1.0574
0.557 -0.823465 -1.059
0.558 -0.823973 -1.06061
0.559 -0.824485 -1.06222
0.56 -0.824999 -1.06383
0.561 -0.825517 -1.06546
0.562 -0.826038 -1.06708
0.563 -0.826563 -1.06871
0.564 -0.82709 -1.07035
0.565 -0.827621 -1.072
0.566 -0.828156 -1.07365
0.567 -0.828693 -1.0753
0.568 -0.829234 -1.07696
0.569 -0.829779 -1.07863
0.57 -0.830326 -1.0803
0.571 -0.830877 -1.08198
0.572 -0.831431 -1.08366
0.573 -0.831989 -1.08535
0.574 -0.83255 -1.08705
0.575 -0.833115 -1.08875
0.576 -0.833682 -1.09045
0.577 -0.834254 -1.09217
0.578 -0.834828 -1.09389
0.579 -0.835406 -1.09561
0.58 -0.835988 -1.09734
0.581 -0.836573 -1.09908
0.582 -0.837161 -1.10082
0.583 -0.837753 -1.10257
0.584 -0.838348 -1.10433
0.585 -0.838947 -1.10609
0.586 -0.839549 -1.10785
0.587 -0.840155 -1.10963
0.588 -0.840764 -1.11141
0.589 -0.841377 -1.11319
0.59 -0.841993 -1.11498
0.591 -0.842613 -1.11678
0.592 -0.843236 -1.11859
0.593 -0.843863 -1.1204
0.594 -0.844494 -1.12222
0.595 -0.845128 -1.12404
0.596 -0.845766 -1.12587
0.597 -0.846407 -1.12771
0.598 -0.847052 -1.12955
0.599 -0.8477 -1.1314
0.6 -0.848352 -1.13325
0.601 -0.849008 -1.13512
0.602 -0.849668 -1.13699
0.603 -0.850331 -1.13886
0.604 -0.850998 -1.14074
0.605 -0.851668 -1.14263
0.606 -0.852342 -1.14453
0.607 -0.85302 -1.14643
0.608 -0.853702 -1.14834
0.609 -0.854387 -1.15026
0.61 -0.855076 -1.15218
0.611 -0.855769 -1.15411
0.612 -0.856466 -1.15605
0.613 -0.857167 -1.15799
0.614 -0.857871 -1.15994
0.615 -0.858579 -1.1619
0.616 -0.859291 -1.16386
0.617 -0.860007 -1.16583
0.618 -0.860726 -1.16781
0.619 -0.86145 -1.1698
0.62 -0.862177 -1.17179
0.621 -0.862909 -1.17379
0.622 -0.863644 -1.1758
0.623 -0.864383 -1.17782
0.624 -0.865126 -1.17984
0.625 -0.865874 -1.18187
0.626 -0.866625 -1.18391
0.627 -0.86738 -1.18595
0.628 -0.868139 -1.188
0.629 -0.868902 -1.19006
0.63 -0.869669 -1.19213
0.631 -0.87044 -1.1942
0.632 -0.871215 -1.19629
0.633 -0.871995 -1.19838
0.634 -0.872778 -1.20047
0.635 -0.873566 -1.20258
0.636 -0.874357 -1.20469
0.637 -0.875153 -1.20681
0.638 -0.875953 -1.20894
0.639 -0.876757 -1.21108
0.64 -0.877566 -1.21323
0.641 -0.878378 -1.21538
0.642 -0.879195 -1.21754
0.643 -0.880016 -1.21971
0.644 -0.880841 -1.22189
0.645 -0.881671 -1.22407
0.646 -0.882505 -1.22627
0.647 -0.883343 -1.22847
0.648 -0.884185 -1.23068
0.649 -0.885032 -1.2329
0.65 -0.885884 -1.23513
0.651 -0.886739 -1.23736
0.652 -0.887599 -1.23961
0.653 -0.888464 -1.24186
0.654 -0.889333 -1.24412
0.655 -0.890206 -1.24639
0.656 -0.891084 -1.24867
0.657 -0.891967 -1.25096
0.658 -0.892853 -1.25325
0.659 -0.893745 -1.25556
0.66 -0.894641 -1.25787
0.661 -0.895542 -1.2602
0.662 -0.896447 -1.26253
0.663 -0.897357 -1.26487
0.664 -0.898271 -1.26722
0.665 -0.899191 -1.26958
0.666 -0.900114 -1.27195
0.667 -0.901043 -1.27433
0.668 -0.901976 -1.27672
0.669 -0.902915 -1.27911
0.67 -0.903857 -1.28152
0.671 -0.904805 -1.28394
0.672 -0.905758 -1.28636
0.673 -0.906715 -1.2888
0.674 -0.907677 -1.29124
0.675 -0.908645 -1.2937
0.676 -0.909617 -1.29616
0.677 -0.910594 -1.29864
0.678 -0.911576 -1.30112
0.679 -0.912563 -1.30361
0.68 -0.913555 -1.30612
0.681 -0.914552 -1.30863
0.682 -0.915554 -1.31116
0.683 -0.916561 -1.31369
0.684 -0.917574 -1.31624
0.685 -0.918591 -1.3188
0.686 -0.919614 -1.32136
0.687 -0.920642 -1.32394
0.688 -0.921675 -1.32653
0.689 -0.922713 -1.32912
0.69 -0.923757 -1.33173
0.691 -0.924806 -1.33435
0.692 -0.92586 -1.33698
0.693 -0.92692 -1.33963
0.694 -0.927985 -1.34228
0.695 -0.929055 -1.34494
0.696 -0.930131 -1.34762
0.697 -0.931213 -1.3503
0.698 -0.9323 -1.353
0.699 -0.933392 -1.35571
0.7 -0.93449 -1.35843
0.701 -0.935594 -1.36116
0.702 -0.936703 -1.36391
0.703 -0.937818 -1.36666
0.704 -0.938939 -1.36943
0.705 -0.940065 -1.37221
0.706 -0.941198 -1.375
0.707 -0.942336 -1.3778
0.708 -0.943479 -1.38062
0.709 -0.944629 -1.38345
0.71 -0.945785 -1.38629
0.711 -0.946946 -1.38914
0.712 -0.948114 -1.392
0.713 -0.949287 -1.39488
0.714 -0.950467 -1.39777
0.715 -0.951652 -1.40067
0.716 -0.952844 -1.40359
0.717 -0.954042 -1.40652
0.718 -0.955246 -1.40946
0.719 -0.956456 -1.41241
0.72 -0.957673 -1.41538
0.721 -0.958896 -1.41836
0.722 -0.960125 -1.42136
0.723 -0.96136 -1.42437
0.724 -0.962602 -1.42739
0.725 -0.963851 -1.43043
0.726 -0.965105 -1.43348
0.727 -0.966367 -1.43654
0.728 -0.967635 -1.43962
0.729 -0.96891 -1.44271
0.73 -0.970191 -1.44582
0.731 -0.971479 -1.44894
0.732 -0.972774 -1.45207
0.733 -0.974075 -1.45523
0.734 -0.975384 -1.45839
0.735 -0.976699 -1.46157
0.736 -0.978021 -1.46476
0.737 -0.97935 -1.46798
0.738 -0.980686 -1.4712
0.739 -0.98203 -1.47444
0.74 -0.98338 -1.4777
0.741 -0.984738 -1.48097
0.742 -0.986102 -1.48426
0.743 -0.987474 -1.48756
0.744 -0.988854 -1.49088
0.745 -0.99024 -1.49422
0.746 -0.991635 -1.49757
0.747 -0.993036 -1.50094
0.748 -0.994445 -1.50432
0.749 -0.995862 -1.50772
0.75 -0.997286 -1.51114
0.751 -0.998718 -1.51458
0.752 -1.00016 -1.51803
0.753 -1.00161 -1.5215
0.754 -1.00306 -1.52499
0.755 -1.00452 -1.52849
0.756 -1.006 -1.53201
0.757 -1.00747 -1.53556
0.758 -1.00896 -1.53911
0.759 -1.01046 -1.54269
0.76 -1.01196 -1.54629
0.761 -1.01347 -1.5499
0.762 -1.01499 -1.55353
0.763 -1.01652 -1.55718
0.764 -1.01806 -1.56086
0.765 -1.0196 -1.56455
0.766 -1.02116 -1.56826
0.767 -1.02272 -1.57198
0.768 -1.02429 -1.57573
0.769 -1.02587 -1.5795
0.77 -1.02746 -1.58329
0.771 -1.02906 -1.5871
0.772 -1.03067 -1.59093
0.773 -1.03228 -1.59478
0.774 -1.03391 -1.59865
0.775 -1.03554 -1.60255
0.776 -1.03719 -1.60646
0.777 -1.03884 -1.6104
0.778 -1.0405 -1.61435
0.779 -1.04217 -1.61833
0.78 -1.04386 -1.62234
0.781 -1.04555 -1.62636
0.782 -1.04725 -1.63041
0.783 -1.04896 -1.63448
0.784 -1.05068 -1.63857
0.785 -1.05241 -1.64269
0.786 -1.05415 -1.64683
0.787 -1.0559 -1.65099
0.788 -1.05767 -1.65518
0.789 -1.05944 -1.65939
0.79 -1.06122 -1.66363
0.791 -1.06301 -1.66789
0.792 -1.06482 -1.67218
0.793 -1.06663 -1.67649
0.794 -1.06846 -1.68083
0.795 -1.07029 -1.68519
0.796 -1.07214 -1.68958
0.797 -1.074 -1.694
0.798 -1.07587 -1.69845
0.799 -1.07775 -1.70292
0.8 -1.07964 -1.70742
0.801 -1.08154 -1.71194
0.802 -1.08346 -1.7165
0.803 -1.08538 -1.72108
0.804 -1.08732 -1.72569
0.805 -1.08927 -1.73033
0.806 -1.09124 -1.735
0.807 -1.09321 -1.7397
0.808 -1.0952 -1.74443
0.809 -1.0972 -1.7492
0.81 -1.09921 -1.75399
0.811 -1.10124 -1.75881
0.812 -1.10328 -1.76366
0.813 -1.10533 -1.76855
0.814 -1.10739 -1.77347
0.815 -1.10947 -1.77842
0.816 -1.11156 -1.78341
0.817 -1.11367 -1.78842
0.818 -1.11578 -1.79348
0.819 -1.11792 -1.79856
0.82 -1.12006 -1.80368
0.821 -1.12222 -1.80884
0.822 -1.1244 -1.81403
0.823 -1.12659 -1.81926
0.824 -1.12879 -1.82453
0.825 -1.13101 -1.82983
0.826 -1.13324 -1.83517
0.827 -1.13549 -1.84055
0.828 -1.13775 -1.84597
0.829 -1.14003 -1.85143
0.83 -1.14232 -1.85692
0.831 -1.14463 -1.86246
0.832 -1.14696 -1.86804
0.833 -1.1493 -1.87366
0.834 -1.15166 -1.87932
0.835 -1.15403 -1.88502
0.836 -1.15642 -1.89077
0.837 -1.15883 -1.89656
0.838 -1.16125 -1.9024
0.839 -1.16369 -1.90828
0.84 -1.16615 -1.9142
0.841 -1.16863 -1.92018
0.842 -1.17112 -1.9262
0.843 -1.17364 -1.93227
0.844 -1.17617 -1.93838
0.845 -1.17872 -1.94455
0.846 -1.18129 -1.95077
0.847 -1.18387 -1.95704
0.848 -1.18648 -1.96336
0.849 -1.18911 -1.96973
0.85 -1.19175 -1.97616
0.851 -1.19442 -1.98264
0.852 -1.1971 -1.98917
0.853 -1.19981 -1.99576
0.854 -1.20254 -2.00241
0.855 -1.20528 -2.00912
0.856 -1.20805 -2.01588
0.857 -1.21084 -2.02271
0.858 -1.21366 -2.0296
0.859 -1.21649 -2.03655
0.86 -1.21935 -2.04356
0.861 -1.22223 -2.05064
0.862 -1.22513 -2.05778
0.863 -1.22806 -2.06499
0.864 -1.23101 -2.07226
0.865 -1.23399 -2.07961
0.866 -1.23699 -2.08703
0.867 -1.24001 -2.09452
0.868 -1.24306 -2.10208
0.869 -1.24614 -2.10971
0.87 -1.24924 -2.11743
0.871 -1.25236 -2.12522
0.872 -1.25552 -2.13308
0.873 -1.2587 -2.14103
0.874 -1.26191 -2.14907
0.875 -1.26515 -2.15718
0.876 -1.26841 -2.16538
0.877 -1.27171 -2.17367
0.878 -1.27503 -2.18205
0.879 -1.27838 -2.19052
0.88 -1.28177 -2.19908
0.881 -1.28518 -2.20774
0.882 -1.28863 -2.2165
0.883 -1.29211 -2.22535
0.884 -1.29562 -2.23431
0.885 -1.29916 -2.24337
0.886 -1.30273 -2.25254
0.887 -1.30635 -2.26182
0.888 -1.30999 -2.27121
0.889 -1.31367 -2.28071
0.89 -1.31739 -2.29033
0.891 -1.32114 -2.30008
0.892 -1.32493 -2.30994
0.893 -1.32876 -2.31993
0.894 -1.33263 -2.33006
0.895 -1.33653 -2.34031
0.896 -1.34048 -2.3507
0.897 -1.34446 -2.36124
0.898 -1.34849 -2.37192
0.899 -1.35256 -2.38274
0.9 -1.35668 -2.39372
0.901 -1.36084 -2.40486
0.902 -1.36504 -2.41616
0.903 -1.36929 -2.42762
0.904 -1.37358 -2.43926
0.905 -1.37793 -2.45108
0.906 -1.38232 -2.46308
0.907 -1.38676 -2.47526
0.908 -1.39125 -2.48765
0.909 -1.3958 -2.50023
0.91 -1.4004 -2.51302
0.911 -1.40505 -2.52603
0.912 -1.40976 -2.53926
0.913 -1.41452 -2.55273
0.914 -1.41934 -2.56643
0.915 -1.42423 -2.58038
0.916 -1.42917 -2.59459
0.917 -1.43417 -2.60907
0.918 -1.43924 -2.62383
0.919 -1.44437 -2.63888
0.92 -1.44958 -2.65423
0.921 -1.45484 -2.66991
0.922 -1.46018 -2.68591
0.923 -1.46559 -2.70225
0.924 -1.47108 -2.71896
0.925 -1.47664 -2.73605
0.926 -1.48228 -2.75354
0.927 -1.488 -2.77144
0.928 -1.4938 -2.78979
0.929 -1.49969 -2.8086
0.93 -1.50566 -2.8279
0.931 -1.51172 -2.84771
0.932 -1.51787 -2.86808
0.933 -1.52412 -2.88903
0.934 -1.53047 -2.9106
0.935 -1.53691 -2.93283
0.936 -1.54346 -2.95578
0.937 -1.55012 -2.97947
0.938 -1.55688 -3.00399
0.939 -1.56376 -3.02938
0.94 -1.57076 -3.05573
0.941 -1.57788 -3.08312
0.942 -1.58512 -3.11163
0.943 -1.59249 -3.14138
0.944 -1.6 -3.17249
0.945 -1.60765 -3.20511
0.946 -1.61544 -3.23942
0.947 -1.62338 -3.27562
0.948 -1.63147 -3.31395
0.949 -1.63973 -3.35473
0.95 -1.64816 -3.39834
0.951 -1.65675 -3.44524
0.952 -1.66554 -3.49606
0.953 -1.67451 -3.5516
0.954 -1.68367 -3.61298
0.955 -1.69305 -3.68174
0.956 -1.70263 -3.76019
0.957 -1.71245 -3.85193
0.958 -1.7225 -3.96311
0.959 -1.73279 -4.10556
0.96 -1.74335 -4.30715
0.961 -1.75417 -4.66751
0.962 -1.76529 -5.30375
0.963 -1.7767 -4.52128
0.964 -1.78843 -4.26825
0.965 -1.8005 -4.11694
0.966 -1.81293 -4.01085
0.967 -1.82573 -3.9306
0.968 -1.83893 -3.86716
0.969 -1.85255 -3.81563
0.97 -1.86663 -3.77302
0.971 -1.88119 -3.73742
0.972 -1.89627 -3.70751
0.973 -1.9119 -3.68236
0.974 -1.92813 -3.66128
0.975 -1.94501 -3.64377
0.976 -1.96258 -3.62946
0.977 -1.9809 -3.61807
0.978 -2.00005 -3.60938
0.979 -2.0201 -3.60325
0.98 -2.04113 -3.59958
0.981 -2.06325 -3.59831
0.982 -2.08658 -3.59942
0.983 -2.11125 -3.60294
0.984 -2.13742 -3.60892
0.985 -2.1653 -3.61749
0.986 -2.19511 -3.62879
0.987 -2.22715 -3.64306
0.988 -2.26176 -3.66058
0.989 -2.2994 -3.68175
0.99 -2.34064 -3.7071
0.991 -2.38625 -3.73734
0.992 -2.43726 -3.77347
0.993 -2.49511 -3.81689
0.994 -2.56192 -3.86966
0.995 -2.64096 -3.93501
0.996 -2.73774 -4.01835
0.997 -2.86255 -4.12984
0.998 -3.03855 -4.29218
0.999 -3.33958 -4.57723
1 -6.51214 -6.31709
1.001 -3.33871 -4.56958
1.002 -3.03768 -4.25335
1.003 -2.8615 -4.06499
1.004 -2.73644 -3.9287
1.005 -2.6394 -3.82094
1.006 -2.56009 -3.73127
1.007 -2.49301 -3.65414
1.008 -2.43489 -3.58622
1.009 -2.3836 -3.52537
1.01 -2.33771 -3.47014
1.011 -2.29618 -3.41948
1.012 -2.25826 -3.37261
1.013 -2.22336 -3.32895
1.014 -2.19104 -3.28804
1.015 -2.16095 -3.24952
1.016 -2.13278 -3.21309
1.017 -2.10632 -3.17851
1.018 -2.08137 -3.14558
1.019 -2.05775 -3.11414
1.02 -2.03535 -3.08404
1.021 -2.01403 -3.05515
1.022 -1.99369 -3.02737
1.023 -1.97426 -3.00062
1.024 -1.95565 -2.97481
1.025 -1.93779 -2.94986
1.026 -1.92063 -2.92572
1.027 -1.90411 -2.90233
1.028 -1.88819 -2.87963
1.029 -1.87283 -2.8576
1.03 -1.85798 -2.83617
1.031 -1.84361 -2.81532
1.032 -1.8297 -2.79502
1.033 -1.81621 -2.77523
1.034 -1.80313 -2.75593
1.035 -1.79041 -2.73708
1.036 -1.77806 -2.71867
1.037 -1.76604 -2.70068
1.038 -1.75434 -2.68308
1.039 -1.74294 -2.66586
1.04 -1.73182 -2.64899
1.041 -1.72098 -2.63247
1.042 -1.7104 -2.61628
1.043 -1.70006 -2.6004
1.044 -1.68996 -2.58482
1.045 -1.68008 -2.56954
1.046 -1.67042 -2.55453
1.047 -1.66097 -2.53978
1.048 -1.65171 -2.5253
1.049 -1.64264 -2.51106
1.05 -1.63375 -2.49706
1.051 -1.62504 -2.48328
1.052 -1.6165 -2.46974
1.053 -1.60811 -2.4564
1.054 -1.59989 -2.44327
1.055 -1.59181 -2.43035
1.056 -1.58387 -2.41762
1.057 -1.57608 -2.40507
1.058 -1.56842 -2.39271
1.059 -1.56089 -2.38052
1.06 -1.55348 -2.3685
1.061 -1.54619 -2.35666
1.062 -1.53903 -2.34497
1.063 -1.53197 -2.33344
1.064 -1.52503 -2.32206
1.065 -1.51819 -2.31082
1.066 -1.51146 -2.29974
1.067 -1.50483 -2.28879
1.068 -1.49829 -2.27798
1.069 -1.49185 -2.2673
1.07 -1.4855 -2.25675
1.071 -1.47924 -2.24632
1.072 -1.47307 -2.23602
1.073 -1.46698 -2.22584
1.074 -1.46097 -2.21578
1.075 -1.45504 -2.20583
1.076 -1.4492 -2.19599
1.077 -1.44342 -2.18626
1.078 -1.43772 -2.17664
1.079 -1.4321 -2.16712
1.08 -1.42654 -2.1577
1.081 -1.42105 -2.14838
1.082 -1.41563 -2.13916
1.083 -1.41027 -2.13003
1.084 -1.40498 -2.121
1.085 -1.39975 -2.11206
1.086 -1.39458 -2.1032
1.087 -1.38947 -2.09444
1.088 -1.38442 -2.08576
1.089 -1.37942 -2.07716
1.09 -1.37448 -2.06864
1.091 -1.36959 -2.06021
1.092 -1.36476 -2.05185
1.093 -1.35998 -2.04357
1.094 -1.35525 -2.03537
1.095 -1.35057 -2.02724
1.096 -1.34594 -2.01918
1.097 -1.34135 -2.01119
1.098 -1.33682 -2.00328
1.099 -1.33232 -1.99543
1.1 -1.32788 -1.98765
1.101 -1.32348 -1.97994
1.102 -1.31912 -1.97229
1.103 -1.3148 -1.96471
1.104 -1.31053 -1.95719
1.105 -1.30629 -1.94973
1.106 -1.3021 -1.94234
1.107 -1.29794 -1.935
1.108 -1.29382 -1.92772
1.109 -1.28975 -1.9205
1.11 -1.2857 -1.91334
1.111 -1.2817 -1.90623
1.112 -1.27773 -1.89917
1.113 -1.2738 -1.89218
1.114 -1.2699 -1.88523
1.115 -1.26603 -1.87834
1.116 -1.2622 -1.87149
1.117 -1.2584 -1.8647
1.118 -1.25464 -1.85796
1.119 -1.2509 -1.85127
1.12 -1.2472 -1.84463
1.121 -1.24353 -1.83803
1.122 -1.23988 -1.83148
1.123 -1.23627 -1.82498
1.124 -1.23269 -1.81853
1.125 -1.22913 -1.81211
1.126 -1.22561 -1.80575
1.127 -1.22211 -1.79942
1.128 -1.21864 -1.79314
1.129 -1.2152 -1.78691
1.13 -1.21178 -1.78071
1.131 -1.20839 -1.77456
1.132 -1.20503 -1.76844
1.133 -1.20169 -1.76237
1.134 -1.19838 -1.75633
1.135 -1.19509 -1.75034
1.136 -1.19182 -1.74438
1.137 -1.18859 -1.73846
1.138 -1.18537 -1.73258
1.139 -1.18218 -1.72674
1.14 -1.17901 -1.72093
1.141 -1.17586 -1.71516
1.142 -1.17274 -1.70942
1.143 -1.16963 -1.70372
1.144 -1.16655 -1.69806
1.145 -1.1635 -1.69243
1.146 -1.16046 -1.68683
1.147 -1.15744 -1.68126
1.148 -1.15445 -1.67573
1.149 -1.15147 -1.67023
1.15 -1.14852 -1.66477
1.151 -1.14558 -1.65933
1.152 -1.14267 -1.65393
1.153 -1.13977 -1.64856
1.154 -1.1369 -1.64321
1.155 -1.13404 -1.6379
1.156 -1.1312 -1.63262
1.157 -1.12838 -1.62737
1.158 -1.12558 -1.62215
1.159 -1.12279 -1.61695
1.16 -1.12003 -1.61179
1.161 -1.11728 -1.60665
1.162 -1.11455 -1.60154
1.163 -1.11183 -1.59646
1.164 -1.10914 -1.59141
1.165 -1.10646 -1.58638
1.166 -1.10379 -1.58138
1.167 -1.10114 -1.57641
1.168 -1.09851 -1.57146
1.169 -1.0959 -1.56654
1.17 -1.0933 -1.56164
1.171 -1.09072 -1.55677
1.172 -1.08815 -1.55192
1.173 -1.0856 -1.5471
1.174 -1.08306 -1.5423
1.175 -1.08054 -1.53753
1.176 -1.07803 -1.53278
1.177 -1.07554 -1.52806
1.178 -1.07306 -1.52336
1.179 -1.07059 -1.51868
1.18 -1.06814 -1.51402
1.181 -1.06571 -1.50939
1.182 -1.06329 -1.50478
1.183 -1.06088 -1.50019
1.184 -1.05848 -1.49562
1.185 -1.0561 -1.49108
1.186 -1.05374 -1.48656
1.187 -1.05138 -1.48206
1.188 -1.04904 -1.47758
1.189 -1.04671 -1.47312
1.19 -1.0444 -1.46868
1.191 -1.04209 -1.46426
1.192 -1.0398 -1.45987
1.193 -1.03752 -1.45549
1.194 -1.03526 -1.45113
1.195 -1.03301 -1.4468
1.196 -1.03076 -1.44248
1.197 -1.02853 -1.43818
1.198 -1.02632 -1.4339
1.199 -1.02411 -1.42964
1.2 -1.02192 -1.4254
1.201 -1.01973 -1.42118
1.202 -1.01756 -1.41698
1.203 -1.0154 -1.41279
1.204 -1.01326 -1.40863
1.205 -1.01112 -1.40448
1.206 -1.00899 -1.40035
1.207 -1.00688 -1.39623
1.208 -1.00477 -1.39214
1.209 -1.00268 -1.38806
1.21 -1.00059 -1.384
1.211 -0.998519 -1.37996
1.212 -0.996457 -1.37593
1.213 -0.994405 -1.37192
1.214 -0.992362 -1.36793
1.215 -0.990331 -1.36395
1.216 -0.988309 -1.35999
1.217 -0.986297 -1.35605
1.218 -0.984295 -1.35212
1.219 -0.982303 -1.34821
1.22 -0.98032 -1.34431
1.221 -0.978347 -1.34043
1.222 -0.976384 -1.33657
1.223 -0.97443 -1.33272
1.224 -0.972486 -1.32888
1.225 -0.970551 -1.32506
1.226 -0.968625 -1.32126
1.227 -0.966709 -1.31747
1.228 -0.964801 -1.3137
1.229 -0.962903 -1.30994
1.23 -0.961013 -1.30619
1.231 -0.959133 -1.30246
1.232 -0.957261 -1.29875
1.233 -0.955398 -1.29505
1.234 -0.953543 -1.29136
1.235 -0.951697 -1.28768
1.236 -0.94986 -1.28402
1.237 -0.948031 -1.28038
1.238 -0.946211 -1.27675
1.239 -0.944399 -1.27313
1.24 -0.942595 -1.26952
1.241 -0.9408 -1.26593
1.242 -0.939013 -1.26235
1.243 -0.937233 -1.25879
1.244 -0.935462 -1.25524
1.245 -0.933699 -1.2517
1.246 -0.931944 -1.24817
1.247 -0.930196 -1.24466
1.248 -0.928456 -1.24115
1.249 -0.926725 -1.23767
1.25 -0.925 -1.23419
1.251 -0.923284 -1.23073
1.252 -0.921575 -1.22728
1.253 -0.919873 -1.22384
1.254 -0.918179 -1.22041
1.255 -0.916493 -1.21699
1.256 -0.914814 -1.21359
1.257 -0.913142 -1.2102
1.258 -0.911477 -1.20682
1.259 -0.90982 -1.20345
1.26 -0.908169 -1.2001
1.261 -0.906526 -1.19675
1.262 -0.90489 -1.19342
1.263 -0.903261 -1.1901
1.264 -0.901639 -1.18679
1.265 -0.900024 -1.18349
1.266 -0.898416 -1.1802
1.267 -0.896814 -1.17692
1.268 -0.89522 -1.17366
1.269 -0.893632 -1.1704
1.27 -0.892051 -1.16716
1.271 -0.890476 -1.16392
1.272 -0.888908 -1.1607
1.273 -0.887347 -1.15749
1.274 -0.885792 -1.15429
1.275 -0.884244 -1.15109
1.276 -0.882702 -1.14791
1.277 -0.881166 -1.14474
1.278 -0.879637 -1.14158
1.279 -0.878114 -1.13843
1.28 -0.876598 -1.13529
1.281 -0.875088 -1.13216
1.282 -0.873584 -1.12904
1.283 -0.872086 -1.12593
1.284 -0.870594 -1.12283
1.285 -0.869108 -1.11974
1.286 -0.867629 -1.11666
1.287 -0.866155 -1.11359
1.288 -0.864687 -1.11053
1.289 -0.863226 -1.10747
1.29 -0.86177 -1.10443
1.291 -0.86032 -1.1014
1.292 -0.858876 -1.09837
1.293 -0.857438 -1.09536
1.294 -0.856005 -1.09235
1.295 -0.854579 -1.08936
1.296 -0.853158 -1.08637
1.297 -0.851742 -1.08339
1.298 -0.850332 -1.08042
1.299 -0.848928 -1.07746
1.3 -0.84753 -1.07451
1.301 -0.846137 -1.07157
1.302 -0.844749 -1.06863
1.303 -0.843367 -1.06571
1.304 -0.841991 -1.06279
1.305 -0.84062 -1.05988
1.306 -0.839254 -1.05699
1.307 -0.837894 -1.05409
1.308 -0.836539 -1.05121
1.309 -0.835189 -1.04834
1.31 -0.833845 -1.04547
1.311 -0.832505 -1.04262
1.312 -0.831171 -1.03977
1.313 -0.829843 -1.03693
1.314 -0.828519 -1.03409
1.315 -0.8272 -1.03127
1.316 -0.825887 -1.02845
1.317 -0.824579 -1.02564
1.318 -0.823276 -1.02284
1.319 -0.821977 -1.02005
1.32 -0.820684 -1.01727
1.321 -0.819396 -1.01449
1.322 -0.818113 -1.01172
1.323 -0.816834 -1.00896
1.324 -0.815561 -1.00621
1.325 -0.814292 -1.00346
1.326 -0.813028 -1.00072
1.327 -0.811769 -0.997991
1.328 -0.810515 -0.995268
1.329 -0.809266 -0.992552
1.33 -0.808021 -0.989844
1.331 -0.806782 -0.987143
1.332 -0.805546 -0.984449
1.333 -0.804316 -0.981763
1.334 -0.80309 -0.979084
1.335 -0.801869 -0.976413
1.336 -0.800653 -0.973748
1.337 -0.799441 -0.971091
1.338 -0.798233 -0.96844
1.339 -0.79703 -0.965797
1.34 -0.795832 -0.963161
1.341 -0.794638 -0.960532
1.342 -0.793449 -0.957909
1.343 -0.792264 -0.955294
1.344 -0.791084 -0.952686
1.345 -0.789908 -0.950084
1.346 -0.788736 -0.947489
1.347 -0.787569 -0.944901
1.348 -0.786406 -0.94232
1.349 -0.785248 -0.939745
1.35 -0.784094 -0.937177
1.351 -0.782944 -0.934616
1.352 -0.781798 -0.932061
1.353 -0.780657 -0.929513
1.354 -0.77952 -0.926972
1.355 -0.778387 -0.924437
1.356 -0.777259 -0.921908
1.357 -0.776134 -0.919386
1.358 -0.775014 -0.91687
1.359 -0.773898 -0.91436
1.36 -0.772786 -0.911857
1.361 -0.771678 -0.90936
1.362 -0.770575 -0.90687
1.363 -0.769475 -0.904385
1.364 -0.76838 -0.901907
1.365 -0.767288 -0.899435
1.366 -0.766201 -0.896969
1.367 -0.765117 -0.894509
1.368 -0.764038 -0.892055
1.369 -0.762962 -0.889608
1.37 -0.761891 -0.887166
1.371 -0.760823 -0.88473
1.372 -0.75976 -0.8823
1.373 -0.7587 -0.879877
1.374 -0.757645 -0.877459
1.375 -0.756593 -0.875047
1.376 -0.755545 -0.87264
1.377 -0.754501 -0.87024
1.378 -0.75346 -0.867845
1.379 -0.752424 -0.865456
1.38 -0.751391 -0.863073
1.381 -0.750362 -0.860695
1.382 -0.749337 -0.858323
1.383 -0.748316 -0.855957
1.384 -0.747298 -0.853596
1.385 -0.746285 -0.851241
1.386 -0.745275 -0.848892
1.387 -0.744268 -0.846548
1.388 -0.743266 -0.844209
1.389 -0.742267 -0.841876
1.39 -0.741271 -0.839549
1.391 -0.74028 -0.837227
1.392 -0.739292 -0.83491
1.393 -0.738307 -0.832598
1.394 -0.737326 -0.830292
1.395 -0.736349 -0.827992
1.396 -0.735376 -0.825696
1.397 -0.734406 -0.823406
1.398 -0.733439 -0.821121
1.399 -0.732476 -0.818841
1.4 -0.731517 -0.816567
1.401 -0.730561 -0.814298
1.402 -0.729609 -0.812033
1.403 -0.72866 -0.809774
1.404 -0.727715 -0.80752
1.405 -0.726773 -0.805271
1.406 -0.725835 -0.803028
1.407 -0.7249 -0.800789
1.408 -0.723968 -0.798555
1.409 -0.72304 -0.796326
1.41 -0.722116 -0.794102
1.411 -0.721195 -0.791884
1.412 -0.720277 -0.78967
1.413 -0.719362 -0.787461
1.414 -0.718451 -0.785256
1.415 -0.717544 -0.783057
1.416 -0.716639 -0.780862
1.417 -0.715738 -0.778673
1.418 -0.714841 -0.776488
1.419 -0.713946 -0.774308
1.42 -0.713055 -0.772132
1.421 -0.712168 -0.769962
1.422 -0.711283 -0.767796
1.423 -0.710402 -0.765634
1.424 -0.709524 -0.763478
1.425 -0.70865 -0.761326
1.426 -0.707778 -0.759178
1.427 -0.70691 -0.757036
1.428 -0.706045 -0.754897
1.429 -0.705184 -0.752764
1.43 -0.704325 -0.750635
1.431 -0.70347 -0.74851
1.432 -0.702618 -0.74639
1.433 -0.701769 -0.744275
1.434 -0.700923 -0.742164
1.435 -0.700081 -0.740057
1.436 -0.699241 -0.737955
1.437 -0.698405 -0.735857
1.438 -0.697572 -0.733763
1.439 -0.696742 -0.731674
1.44 -0.695915 -0.72959
1.441 -0.695091 -0.727509
1.442 -0.69427 -0.725433
1.443 -0.693453 -0.723362
1.444 -0.692638 -0.721294
1.445 -0.691827 -0.719231
1.446 -0.691018 -0.717172
1.447 -0.690213 -0.715117
1.448 -0.689411 -0.713067
1.449 -0.688611 -0.711021
1.45 -0.687815 -0.708978
1.451 -0.687022 -0.70694
1.452 -0.686232 -0.704907
1.453 -0.685445 -0.702877
1.454 -0.68466 -0.700851
1.455 -0.683879 -0.69883
1.456 -0.683101 -0.696812
1.457 -0.682326 -0.694799
1.458 -0.681553 -0.69279
1.459 -0.680784 -0.690784
1.46 -0.680018 -0.688783
1.461 -0.679254 -0.686786
1.462 -0.678494 -0.684793
1.463 -0.677736 -0.682803
1.464 -0.676982 -0.680818
1.465 -0.67623 -0.678836
1.466 -0.675481 -0.676859
1.467 -0.674735 -0.674885
1.468 -0.673992 -0.672915
1.469 -0.673252 -0.670949
1.47 -0.672515 -0.668987
1.471 -0.671781 -0.667029
1.472 -0.671049 -0.665075
1.473 -0.670321 -0.663124
1.474 -0.669595 -0.661177
1.475 -0.668872 -0.659234
1.476 -0.668152 -0.657295
1.477 -0.667434 -0.65536
1.478 -0.66672 -0.653428
1.479 -0.666008 -0.6515
1.48 -0.6653 -0.649576
1.481 -0.664594 -0.647655
1.482 -0.663891 -0.645738
1.483 -0.66319 -0.643825
1.484 -0.662493 -0.641915
1.485 -0.661798 -0.640009
1.486 -0.661106 -0.638107
1.487 -0.660416 -0.636208
1.488 -0.65973 -0.634313
1.489 -0.659046 -0.632421
1.49 -0.658365 -0.630533
1.491 -0.657687 -0.628649
1.492 -0.657012 -0.626768
1.493 -0.656339 -0.62489
1.494 -0.655669 -0.623017
1.495 -0.655002 -0.621146
1.496 -0.654337 -0.619279
1.497 -0.653675 -0.617416
1.498 -0.653016 -0.615556
1.499 -0.65236 -0.6137
1.5 -0.651706 -0.611847
1.501 -0.651055 -0.609997
1.502 -0.650407 -0.608151
1.503 -0.649761 -0.606308
1.504 -0.649118 -0.604468
1.505 -0.648478 -0.602632
1.506 -0.64784 -0.6008
1.507 -0.647205 -0.59897
1.508 -0.646573 -0.597144
1.509 -0.645943 -0.595322
1.51 -0.645316 -0.593502
1.511 -0.644692 -0.591686
1.512 -0.64407 -0.589874
1.513 -0.643451 -0.588064
1.514 -0.642834 -0.586258
1.515 -0.642221 -0.584455
1.516 -0.641609 -0.582655
1.517 -0.641001 -0.580859
1.518 -0.640395 -0.579066
1.519 -0.639792 -0.577276
1.52 -0.639191 -0.575489
1.521 -0.638593 -0.573705
1.522 -0.637997 -0.571925
1.523 -0.637404 -0.570148
1.524 -0.636814 -0.568373
1.525 -0.636226 -0.566602
1.526 -0.635641 -0.564835
1.527 -0.635058 -0.56307
1.528 -0.634478 -0.561308
1.529 -0.633901 -0.55955
1.53 -0.633326 -0.557794
1.531 -0.632754 -0.556042
1.532 -0.632184 -0.554293
1.533 -0.631617 -0.552546
1.534 -0.631052 -0.550803
1.535 -0.63049 -0.549063
1.536 -0.62993 -0.547326
1.537 -0.629373 -0.545592
1.538 -0.628819 -0.543861
1.539 -0.628267 -0.542133
1.54 -0.627717 -0.540408
1.541 -0.62717 -0.538685
1.542 -0.626626 -0.536966
1.543 -0.626084 -0.53525
1.544 -0.625545 -0.533537
1.545 -0.625008 -0.531826
1.546 -0.624473 -0.530119
1.547 -0.623942 -0.528415
1.548 -0.623412 -0.526713
1.549 -0.622885 -0.525014
1.55 -0.622361 -0.523319
1.551 -0.621839 -0.521626
1.552 -0.62132 -0.519936
1.553 -0.620803 -0.518248
1.554 -0.620289 -0.516564
1.555 -0.619777 -0.514883
1.556 -0.619267 -0.513204
1.557 -0.61876 -0.511528
1.558 -0.618256 -0.509855
1.559 -0.617754 -0.508185
1.56 -0.617254 -0.506517
1.561 -0.616757 -0.504853
1.562 -0.616263 -0.503191
1.563 -0.615771 -0.501532
1.564 -0.615281 -0.499875
1.565 -0.614794 -0.498222
1.566 -0.614309 -0.496571
1.567 -0.613827 -0.494923
1.568 -0.613347 -0.493277
1.569 -0.612869 -0.491635
1.57 -0.612394 -0.489995
1.571 -0.611922 -0.488358
1.572 -0.611452 -0.486723
1.573 -0.610984 -0.485091
1.574 -0.610519 -0.483462
1.575 -0.610056 -0.481835
1.576 -0.609596 -0.480211
1.577 -0.609138 -0.47859
1.578 -0.608682 -0.476971
1.579 -0.608229 -0.475355
1.58 -0.607779 -0.473742
1.581 -0.60733 -0.472131
1.582 -0.606885 -0.470523
1.583 -0.606441 -0.468918
1.584 -0.606 -0.467315
1.585 -0.605562 -0.465714
1.586 -0.605126 -0.464116
1.587 -0.604692 -0.462521
1.588 -0.604261 -0.460928
1.589 -0.603832 -0.459338
1.59 -0.603405 -0.457751
1.591 -0.602981 -0.456166
1.592 -0.602559 -0.454583
1.593 -0.60214 -0.453003
1.594 -0.601723 -0.451425
1.595 -0.601309 -0.44985
1.596 -0.600896 -0.448278
1.597 -0.600487 -0.446708
1.598 -0.600079 -0.44514
1.599 -0.599674 -0.443575
1.6 -0.599272 -0.442013
1.601 -0.598872 -0.440452
1.602 -0.598474 -0.438895
1.603 -0.598079 -0.437339
1.604 -0.597686 -0.435787
1.605 -0.597295 -0.434236
1.606 -0.596907 -0.432688
1.607 -0.596521 -0.431143
1.608 -0.596138 -0.429599
1.609 -0.595757 -0.428059
1.61 -0.595378 -0.42652
1.611 -0.595002 -0.424984
1.612 -0.594628 -0.423451
1.613 -0.594256 -0.42192
1.614 -0.593887 -0.420391
1.615 -0.59352 -0.418864
1.616 -0.593156 -0.41734
1.617 -0.592794 -0.415818
1.618 -0.592434 -0.414299
1.619 -0.592077 -0.412782
1.62 -0.591722 -0.411267
1.621 -0.591369 -0.409754
1.622 -0.591019 -0.408244
1.623 -0.590672 -0.406736
1.624 -0.590326 -0.405231
1.625 -0.589983 -0.403727
1.626 -0.589642 -0.402226
1.627 -0.589304 -0.400728
1.628 -0.588968 -0.399231
1.629 -0.588635 -0.397737
1.63 -0.588303 -0.396245
1.631 -0.587975 -0.394755
1.632 -0.587648 -0.393268
1.633 -0.587324 -0.391783
1.634 -0.587002 -0.3903
1.635 -0.586683 -0.388819
1.636 -0.586366 -0.38734
1.637 -0.586052 -0.385864
1.638 -0.585739 -0.38439
1.639 -0.585429 -0.382918
1.64 -0.585122 -0.381448
1.641 -0.584817 -0.379981
1.642 -0.584514 -0.378515
1.643 -0.584214 -0.377052
1.644 -0.583916 -0.375591
1.645 -0.58362 -0.374132
1.646 -0.583327 -0.372676
1.647 -0.583036 -0.371221
1.648 -0.582747 -0.369769
1.649 -0.582461 -0.368318
1.65 -0.582177 -0.36687
1.651 -0.581896 -0.365424
1.652 -0.581617 -0.36398
1.653 -0.58134 -0.362539
1.654 -0.581066 -0.361099
1.655 -0.580794 -0.359662
1.656 -0.580525 -0.358226
1.657 -0.580257 -0.356793
1.658 -0.579993 -0.355362
1.659 -0.57973 -0.353932
1.66 -0.57947 -0.352505
1.661 -0.579212 -0.35108
1.662 -0.578957 -0.349657
1.663 -0.578704 -0.348236
1.664 -0.578454 -0.346818
1.665 -0.578206 -0.345401
1.666 -0.57796 -0.343986
1.667 -0.577716 -0.342573
1.668 -0.577475 -0.341163
1.669 -0.577237 -0.339754
1.67 -0.577001 -0.338348
1.671 -0.576767 -0.336943
1.672 -0.576535 -0.33554
1.673 -0.576306 -0.33414
1.674 -0.57608 -0.332741
1.675 -0.575855 -0.331345
1.676 -0.575634 -0.32995
1.677 -0.575414 -0.328557
1.678 -0.575197 -0.327167
1.679 -0.574982 -0.325778
1.68 -0.57477 -0.324391
1.681 -0.57456 -0.323007
1.682 -0.574353 -0.321624
1.683 -0.574148 -0.320243
1.684 -0.573945 -0.318864
1.685 -0.573745 -0.317487
1.686 -0.573547 -0.316112
1.687 -0.573351 -0.314739
1.688 -0.573158 -0.313368
1.689 -0.572968 -0.311999
1.69 -0.57278 -0.310632
1.691 -0.572594 -0.309266
1.692 -0.572411 -0.307903
1.693 -0.57223 -0.306541
1.694 -0.572051 -0.305182
1.695 -0.571875 -0.303824
1.696 -0.571701 -0.302468
1.697 -0.57153 -0.301114
1.698 -0.571361 -0.299762
1.699 -0.571195 -0.298412
1.7 -0.571031 -0.297063
1.701 -0.570869 -0.295717
1.702 -0.57071 -0.294372
1.703 -0.570554 -0.29303
1.704 -0.5704 -0.291689
1.705 -0.570248 -0.29035
1.706 -0.570099 -0.289012
1.707 -0.569952 -0.287677
1.708 -0.569807 -0.286343
1.709 -0.569665 -0.285012
1.71 -0.569526 -0.283682
1.711 -0.569389 -0.282354
1.712 -0.569254 -0.281027
1.713 -0.569122 -0.279703
1.714 -0.568993 -0.27838
1.715 -0.568866 -0.27706
1.716 -0.568741 -0.27574
1.717 -0.568619 -0.274423
1.718 -0.568499 -0.273108
1.719 -0.568382 -0.271794
1.72 -0.568267 -0.270482
1.721 -0.568155 -0.269172
1.722 -0.568045 -0.267864
1.723 -0.567938 -0.266557
1.724 -0.567833 -0.265252
1.725 -0.567731 -0.263949
1.726 -0.567631 -0.262648
1.727 -0.567534 -0.261348
1.728 -0.567439 -0.26005
1.729 -0.567347 -0.258754
1.73 -0.567257 -0.25746
1.731 -0.56717 -0.256167
1.732 -0.567085 -0.254877
1.733 -0.567003 -0.253587
1.734 -0.566923 -0.2523
1.735 -0.566846 -0.251014
1.736 -0.566772 -0.24973
1.737 -0.5667 -0.248448
1.738 -0.56663 -0.247167
1.739 -0.566563 -0.245888
1.74 -0.566499 -0.244611
1.741 -0.566437 -0.243336
1.742 -0.566378 -0.242062
1.743 -0.566321 -0.24079
1.744 -0.566267 -0.239519
1.745 -0.566216 -0.238251
1.746 -0.566167 -0.236984
1.747 -0.56612 -0.235718
1.748 -0.566076 -0.234454
1.749 -0.566035 -0.233192
1.75 -0.565996 -0.231932
1.751 -0.56596 -0.230673
1.752 -0.565927 -0.229416
1.753 -0.565896 -0.22816
1.754 -0.565868 -0.226906
1.755 -0.565842 -0.225654
1.756 -0.565819 -0.224404
1.757 -0.565799 -0.223155
1.758 -0.565781 -0.221907
1.759 -0.565766 -0.220662
1.76 -0.565753 -0.219418
1.761 -0.565743 -0.218175
1.762 -0.565736 -0.216934
1.763 -0.565732 -0.215695
1.764 -0.56573 -0.214457
1.765 -0.56573 -0.213221
1.766 -0.565734 -0.211987
1.767 -0.56574 -0.210754
1.768 -0.565749 -0.209523
1.769 -0.56576 -0.208293
1.77 -0.565774 -0.207065
1.771 -0.565791 -0.205838
1.772 -0.56581 -0.204613
1.773 -0.565832 -0.20339
1.774 -0.565857 -0.202168
1.775 -0.565885 -0.200948
1.776 -0.565915 -0.199729
1.777 -0.565948 -0.198512
1.778 -0.565984 -0.197297
1.779 -0.566022 -0.196083
1.78 -0.566063 -0.19487
1.781 -0.566107 -0.193659
1.782 -0.566154 -0.19245
1.783 -0.566204 -0.191242
1.784 -0.566256 -0.190036
1.785 -0.566311 -0.188831
1.786 -0.566368 -0.187628
1.787 -0.566429 -0.186426
1.788 -0.566492 -0.185226
1.789 -0.566558 -0.184027
1.79 -0.566627 -0.18283
1.791 -0.566699 -0.181634
1.792 -0.566773 -0.18044
1.793 -0.566851 -0.179247
1.794 -0.566931 -0.178056
1.795 -0.567014 -0.176866
1.796 -0.567099 -0.175678
1.797 -0.567188 -0.174492
1.798 -0.567279 -0.173306
1.799 -0.567374 -0.172123
1.8 -0.567471 -0.170941
1.801 -0.567571 -0.16976
1.802 -0.567674 -0.168581
1.803 -0.56778 -0.167403
1.804 -0.567888 -0.166226
1.805 -0.568 -0.165052
1.806 -0.568114 -0.163878
1.807 -0.568232 -0.162706
1.808 -0.568352 -0.161536
1.809 -0.568475 -0.160367
1.81 -0.568601 -0.159199
1.811 -0.56873 -0.158033
1.812 -0.568862 -0.156868
1.813 -0.568997 -0.155705
1.814 -0.569135 -0.154543
1.815 -0.569276 -0.153383
1.816 -0.56942 -0.152224
1.817 -0.569567 -0.151066
1.818 -0.569717 -0.14991
1.819 -0.56987 -0.148756
1.82 -0.570026 -0.147602
1.821 -0.570184 -0.146451
1.822 -0.570346 -0.1453
1.823 -0.570511 -0.144151
1.824 -0.570679 -0.143004
1.825 -0.57085 -0.141857
1.826 -0.571024 -0.140713
1.827 -0.571201 -0.139569
1.828 -0.571382 -0.138427
1.829 -0.571565 -0.137287
1.83 -0.571751 -0.136147
1.831 -0.571941 -0.13501
1.832 -0.572133 -0.133873
1.833 -0.572329 -0.132738
1.834 -0.572528 -0.131604
1.835 -0.57273 -0.130472
1.836 -0.572935 -0.129341
1.837 -0.573143 -0.128212
1.838 -0.573355 -0.127083
1.839 -0.573569 -0.125957
1.84 -0.573787 -0.124831
1.841 -0.574008 -0.123707
1.842 -0.574232 -0.122584
1.843 -0.57446 -0.121463
1.844 -0.574691 -0.120343
1.845 -0.574924 -0.119224
1.846 -0.575162 -0.118107
1.847 -0.575402 -0.116991
1.848 -0.575646 -0.115876
1.849 -0.575892 -0.114763
1.85 -0.576143 -0.113651
1.851 -0.576396 -0.11254
1.852 -0.576653 -0.111431
1.853 -0.576913 -0.110323
1.854 -0.577176 -0.109216
1.855 -0.577443 -0.108111
1.856 -0.577713 -0.107007
1.857 -0.577987 -0.105904
1.858 -0.578264 -0.104803
1.859 -0.578544 -0.103703
1.86 -0.578828 -0.102604
1.861 -0.579115 -0.101507
1.862 -0.579405 -0.100411
1.863 -0.579699 -0.0993158
1.864 -0.579996 -0.0982222
1.865 -0.580297 -0.09713
1.866 -0.580601 -0.096039
1.867 -0.580909 -0.0949493
1.868 -0.58122 -0.093861
1.869 -0.581535 -0.0927739
1.87 -0.581853 -0.0916881
1.871 -0.582175 -0.0906035
1.872 -0.5825 -0.0895203
1.873 -0.582829 -0.0884383
1.874 -0.583161 -0.0873576
1.875 -0.583497 -0.0862782
1.876 -0.583837 -0.0852001
1.877 -0.58418 -0.0841232
1.878 -0.584527 -0.0830476
1.879 -0.584877 -0.0819732
1.88 -0.585231 -0.0809001
1.881 -0.585589 -0.0798283
1.882 -0.585951 -0.0787577
1.883 -0.586316 -0.0776883
1.884 -0.586684 -0.0766203
1.885 -0.587057 -0.0755534
1.886 -0.587433 -0.0744878
1.887 -0.587813 -0.0734235
1.888 -0.588197 -0.0723604
1.889 -0.588584 -0.0712985
1.89 -0.588976 -0.0702379
1.891 -0.589371 -0.0691785
1.892 -0.58977 -0.0681204
1.893 -0.590173 -0.0670634
1.894 -0.590579 -0.0660077
1.895 -0.59099 -0.0649532
1.896 -0.591404 -0.0639
1.897 -0.591822 -0.0628479
1.898 -0.592244 -0.0617971
1.899 -0.59267 -0.0607475
1.9 -0.5931 -0.0596991
1.901 -0.593534 -0.0586519
1.902 -0.593972 -0.057606
1.903 -0.594414 -0.0565612
1.904 -0.59486 -0.0555177
1.905 -0.59531 -0.0544753
1.906 -0.595764 -0.0534341
1.907 -0.596222 -0.0523942
1.908 -0.596685 -0.0513554
1.909 -0.597151 -0.0503179
1.91 -0.597621 -0.0492815
1.911 -0.598096 -0.0482463
1.912 -0.598575 -0.0472123
1.913 -0.599057 -0.0461795
1.914 -0.599544 -0.0451478
1.915 -0.600036 -0.0441174
1.916 -0.600531 -0.0430881
1.917 -0.601031 -0.04206
1.918 -0.601535 -0.0410331
1.919 -0.602043 -0.0400073
1.92 -0.602556 -0.0389828
1.921 -0.603073 -0.0379594
1.922 -0.603594 -0.0369371
1.923 -0.604119 -0.035916
1.924 -0.604649 -0.0348961
1.925 -0.605184 -0.0338773
1.926 -0.605723 -0.0328597
1.927 -0.606266 -0.0318433
1.928 -0.606814 -0.030828
1.929 -0.607366 -0.0298139
1.93 -0.607922 -0.0288009
1.931 -0.608484 -0.027789
1.932 -0.609049 -0.0267783
1.933 -0.60962 -0.0257688
1.934 -0.610195 -0.0247603
1.935 -0.610774 -0.0237531
1.936 -0.611359 -0.0227469
1.937 -0.611948 -0.0217419
1.938 -0.612541 -0.0207381
1.939 -0.613139 -0.0197353
1.94 -0.613742 -0.0187337
1.941 -0.61435 -0.0177332
1.942 -0.614963 -0.0167339
1.943 -0.61558 -0.0157357
1.944 -0.616202 -0.0147385
1.945 -0.616829 -0.0137426
1.946 -0.617461 -0.0127477
1.947 -0.618098 -0.0117539
1.948 -0.61874 -0.0107613
1.949 -0.619387 -0.00976975
1.95 -0.620039 -0.00877933
1.951 -0.620695 -0.00779002
1.952 -0.621357 -0.00680182
1.953 -0.622024 -0.00581472
1.954 -0.622696 -0.00482872
1.955 -0.623373 -0.00384382
1.956 -0.624055 -0.00286002
1.957 -0.624743 -0.00187732
1.958 -0.625435 -0.000895716
1.959 -0.626133 8.47969e-05
1.96 -0.626836 0.00106422
1.961 -0.627544 0.00204255
1.962 -0.628258 0.00301979
1.963 -0.628977 0.00399595
1.964 -0.629702 0.00497103
1.965 -0.630431 0.00594502
1.966 -0.631167 0.00691793
1.967 -0.631908 0.00788976
1.968 -0.632654 0.00886052
1.969 -0.633406 0.0098302
1.97 -0.634163 0.0107988
1.971 -0.634926 0.0117663
1.972 -0.635695 0.0127328
1.973 -0.636469 0.0136982
1.974 -0.637249 0.0146625
1.975 -0.638034 0.0156258
1.976 -0.638826 0.016588
1.977 -0.639623 0.0175492
1.978 -0.640426 0.0185092
1.979 -0.641235 0.0194683
1.98 -0.64205 0.0204262
1.981 -0.642871 0.0213832
1.982 -0.643698 0.022339
1.983 -0.644531 0.0232938
1.984 -0.645369 0.0242476
1.985 -0.646214 0.0252003
1.986 -0.647065 0.026152
1.987 -0.647923 0.0271026
1.988 -0.648786 0.0280522
1.989 -0.649656 0.0290008
1.99 -0.650532 0.0299483
1.991 -0.651414 0.0308947
1.992 -0.652303 0.0318402
1.993 -0.653198 0.0327846
1.994 -0.6541 0.033728
1.995 -0.655008 0.0346703
1.996 -0.655922 0.0356116
1.997 -0.656843 0.0365519
1.998 -0.657771 0.0374912
1.999 -0.658706 0.0384294
2 -0.659647 0.0393666
2.001 -0.660595 0.0403028
2.002 -0.661549 0.041238
2.003 -0.662511 0.0421721
2.004 -0.663479 0.0431053
2.005 -0.664455 0.0440374
2.006 -0.665437 0.0449685
2.007 -0.666427 0.0458986
2.008 -0.667423 0.0468277
2.009 -0.668427 0.0477558
2.01 -0.669437 0.0486829
2.011 -0.670456 0.049609
2.012 -0.671481 0.0505341
2.013 -0.672514 0.0514581
2.014 -0.673554 0.0523812
2.015 -0.674601 0.0533033
2.016 -0.675656 0.0542244
2.017 -0.676719 0.0551444
2.018 -0.677789 0.0560635
2.019 -0.678867 0.0569816
2.02 -0.679952 0.0578987
2.021 -0.681046 0.0588149
2.022 -0.682147 0.05973
2.023 -0.683256 0.0606441
2.024 -0.684373 0.0615573
2.025 -0.685498 0.0624695
2.026 -0.686631 0.0633807
2.027 -0.687772 0.0642909
2.028 -0.688922 0.0652001
2.029 -0.69008 0.0661084
2.03 -0.691246 0.0670157
2.031 -0.69242 0.067922
2.032 -0.693603 0.0688273
2.033 -0.694794 0.0697317
2.034 -0.695994 0.0706351
2.035 -0.697203 0.0715375
2.036 -0.69842 0.072439
2.037 -0.699647 0.0733395
2.038 -0.700882 0.074239
2.039 -0.702126 0.0751376
2.04 -0.703379 0.0760352
2.041 -0.704641 0.0769319
2.042 -0.705912 0.0778276
2.043 -0.707193 0.0787223
2.044 -0.708483 0.0796161
2.045 -0.709782 0.0805089
2.046 -0.711091 0.0814008
2.047 -0.712409 0.0822917
2.048 -0.713737 0.0831817
2.049 -0.715075 0.0840707
2.05 -0.716422 0.0849588
2.051 -0.717779 0.085846
2.052 -0.719147 0.0867322
2.053 -0.720524 0.0876174
2.054 -0.721912 0.0885017
2.055 -0.723309 0.0893851
2.056 -0.724718 0.0902675
2.057 -0.726136 0.091149
2.058 -0.727565 0.0920296
2.059 -0.729005 0.0929092
2.06 -0.730455 0.0937879
2.061 -0.731917 0.0946657
2.062 -0.733389 0.0955425
2.063 -0.734872 0.0964184
2.064 -0.736366 0.0972934
2.065 -0.737872 0.0981675
2.066 -0.739388 0.0990406
2.067 -0.740917 0.0999128
2.068 -0.742456 0.100784
2.069 -0.744008 0.101654
2.07 -0.745571 0.102524
2.071 -0.747146 0.103392
2.072 -0.748733 0.10426
2.073 -0.750332 0.105127
2.074 -0.751944 0.105993
2.075 -0.753568 0.106857
2.076 -0.755204 0.107721
2.077 -0.756853 0.108584
2.078 -0.758514 0.109447
2.079 -0.760189 0.110308
2.08 -0.761876 0.111168
2.081 -0.763577 0.112027
2.082 -0.76529 0.112886
2.083 -0.767018 0.113744
2.084 -0.768758 0.1146
2.085 -0.770513 0.115456
2.086 -0.772281 0.116311
2.087 -0.774063 0.117165
2.088 -0.77586 0.118018
2.089 -0.77767 0.11887
2.09 -0.779495 0.119722
2.091 -0.781335 0.120572
2.092 -0.783189 0.121422
2.093 -0.785059 0.12227
2.094 -0.786943 0.123118
2.095 -0.788843 0.123965
2.096 -0.790758 0.124811
2.097 -0.792688 0.125656
2.098 -0.794635 0.1265
2.099 -0.796597 0.127344
2.1 -0.798576 0.128186
2.101 -0.800571 0.129028
2.102 -0.802582 0.129868
2.103 -0.80461 0.130708
2.104 -0.806655 0.131547
2.105 -0.808717 0.132385
2.106 -0.810797 0.133222
2.107 -0.812894 0.134059
2.108 -0.815008 0.134894
2.109 -0.817141 0.135729
2.11 -0.819292 0.136563
2.111 -0.821461 0.137395
2.112 -0.823649 0.138227
2.113 -0.825856 0.139058
2.114 -0.828082 0.139889
2.115 -0.830327 0.140718
2.116 -0.832592 0.141547
2.117 -0.834877 0.142374
2.118 -0.837182 0.143201
2.119 -0.839507 0.144027
2.12 -0.841853 0.144852
2.121 -0.84422 0.145676
2.122 -0.846608 0.1465
2.123 -0.849018 0.147322
2.124 -0.851449 0.148144
2.125 -0.853903 0.148965
2.126 -0.856379 0.149785
2.127 -0.858878 0.150604
2.128 -0.8614 0.151422
2.129 -0.863945 0.152239
2.13 -0.866514 0.153056
2.131 -0.869107 0.153872
2.132 -0.871724 0.154687
2.133 -0.874366 0.155501
2.134 -0.877034 0.156314
2.135 -0.879727 0.157126
2.136 -0.882445 0.157938
2.137 -0.88519 0.158748
2.138 -0.887962 0.159558
2.139 -0.890761 0.160367
2.14 -0.893587 0.161175
2.141 -0.896442 0.161983
2.142 -0.899324 0.162789
2.143 -0.902236 0.163595
2.144 -0.905177 0.1644
2.145 -0.908147 0.165204
2.146 -0.911148 0.166007
2.147 -0.91418 0.166809
2.148 -0.917243 0.167611
2.149 -0.920337 0.168412
2.15 -0.923464 0.169211
2.151 -0.926624 0.17001
2.152 -0.929818 0.170809
2.153 -0.933045 0.171606
2.154 -0.936307 0.172403
2.155 -0.939604 0.173198
2.156 -0.942938 0.173993
2.157 -0.946307 0.174787
2.158 -0.949714 0.175581
2.159 -0.953159 0.176373
2.16 -0.956642 0.177165
2.161 -0.960165 0.177956
2.162 -0.963728 0.178746
2.163 -0.967331 0.179535
2.164 -0.970976 0.180324
2.165 -0.974664 0.181111
2.166 -0.978394 0.181898
2.167 -0.982169 0.182684
2.168 -0.985989 0.183469
2.169 -0.989855 0.184254
2.17 -0.993767 0.185037
2.171 -0.997728 0.18582
2.172 -1.00174 0.186602
2.173 -1.0058 0.187383
2.174 -1.00991 0.188163
2.175 -1.01407 0.188943
2.176 -1.01828 0.189722
2.177 -1.02255 0.1905
2.178 -1.02688 0.191277
2.179 -1.03126 0.192053
2.18 -1.0357 0.192829
2.181 -1.0402 0.193604
2.182 -1.04476 0.194378
2.183 -1.04938 0.195151
2.184 -1.05407 0.195924
2.185 -1.05882 0.196695
2.186 -1.06364 0.197466
2.187 -1.06853 0.198236
2.188 -1.07349 0.199005
2.189 -1.07852 0.199774
2.19 -1.08362 0.200542
2.191 -1.0888 0.201308
2.192 -1.09406 0.202075
2.193 -1.0994 0.20284
2.194 -1.10482 0.203605
2.195 -1.11033 0.204368
2.196 -1.11592 0.205131
2.197 -1.12161 0.205894
2.198 -1.12738 0.206655
2.199 -1.13325 0.207416
2.2 -1.13922 0.208176
2.201 -1.14529 0.208935
2.202 -1.15146 0.209693
2.203 -1.15774 0.210451
2.204 -1.16413 0.211208
2.205 -1.17064 0.211964
2.206 -1.17726 0.212719
2.207 -1.18401 0.213473
2.208 -1.19088 0.214227
2.209 -1.19788 0.21498
2.21 -1.20502 0.215732
2.211 -1.21229 0.216484
2.212 -1.21972 0.217234
2.213 -1.22729 0.217984
2.214 -1.23502 0.218733
2.215 -1.24291 0.219482
2.216 -1.25097 0.220229
2.217 -1.25921 0.220976
2.218 -1.26762 0.221722
2.219 -1.27623 0.222468
2.22 -1.28504 0.223212
2.221 -1.29406 0.223956
2.222 -1.30329 0.224699
2.223 -1.31275 0.225442
2.224 -1.32245 0.226183
2.225 -1.3324 0.226924
2.226 -1.34261 0.227664
2.227 -1.35309 0.228403
2.228 -1.36386 0.229142
2.229 -1.37494 0.22988
2.23 -1.38634 0.230617
2.231 -1.39808 0.231353
2.232 -1.41018 0.232089
2.233 -1.42266 0.232823
2.234 -1.43554 0.233557
2.235 -1.44886 0.234291
2.236 -1.46263 0.235023
2.237 -1.47689 0.235755
2.238 -1.49168 0.236486
2.239 -1.50703 0.237217
2.24 -1.52299 0.237946
2.241 -1.5396 0.238675
2.242 -1.55692 0.239403
2.243 -1.57501 0.240131
2.244 -1.59394 0.240857
2.245 -1.61378 0.241583
2.246 -1.63463 0.242308
2.247 -1.65659 0.243033
2.248 -1.67978 0.243757
2.249 -1.70435 0.244479
2.25 -1.73046 0.245202
2.251 -1.75832 0.245923
2.252 -1.78817 0.246644
2.253 -1.82032 0.247364
2.254 -1.85512 0.248083
2.255 -1.89307 0.248802
2.256 -1.93476 0.24952
2.257 -1.98101 0.250237
2.258 -2.03293 0.250953
2.259 -2.09206 0.251669
2.26 -2.16073 0.252384
2.261 -2.24257 0.253098
2.262 -2.34379 0.253812
2.263 -2.47639 0.254525
2.264 -2.66886 0.255237
2.265 -3.02451 0.255948
2.266 -3.59116 0.256659
2.267 -2.83538 0.257369
2.268 -2.57373 0.258078
2.269 -2.41125 0.258786
2.27 -2.29303 0.259494
2.271 -2.19998 0.260201
2.272 -2.12322 0.260907
2.273 -2.05785 0.261613
2.274 -2.00092 0.262318
2.275 -1.95047 0.263022
2.276 -1.90517 0.263725
2.277 -1.86405 0.264428
2.278 -1.8264 0.26513
2.279 -1.79168 0.265832
2.28 -1.75944 0.266532
2.281 -1.72937 0.267232
2.282 -1.70117 0.267931
2.283 -1.67463 0.26863
2.284 -1.64956 0.269328
2.285 -1.6258 0.270025
2.286 -1.60322 0.270721
2.287 -1.58171 0.271417
2.288 -1.56116 0.272112
2.289 -1.54149 0.272806
2.29 -1.52263 0.273499
2.291 -1.50451 0.274192
2.292 -1.48707 0.274885
2.293 -1.47027 0.275576
2.294 -1.45406 0.276267
2.295 -1.43839 0.276957
2.296 -1.42323 0.277646
2.297 -1.40855 0.278335
2.298 -1.39431 0.279023
2.299 -1.38049 0.27971
2.3 -1.36707 0.280397
2.301 -1.35402 0.281083
2.302 -1.34132 0.281768
2.303 -1.32895 0.282452
2.304 -1.3169 0.283136
2.305 -1.30514 0.283819
2.306 -1.29367 0.284502
2.307 -1.28247 0.285183
2.308 -1.27152 0.285864
2.309 -1.26081 0.286545
2.31 -1.25034 0.287224
2.311 -1.24009 0.287903
2.312 -1.23006 0.288582
2.313 -1.22023 0.289259
2.314 -1.21059 0.289936
2.315 -1.20114 0.290612
2.316 -1.19187 0.291288
2.317 -1.18278 0.291963
2.318 -1.17385 0.292637
2.319 -1.16508 0.29331
2.32 -1.15646 0.293983
2.321 -1.14799 0.294655
2.322 -1.13966 0.295327
2.323 -1.13148 0.295998
2.324 -1.12342 0.296668
2.325 -1.1155 0.297337
2.326 -1.10769 0.298006
2.327 -1.10001 0.298674
2.328 -1.09245 0.299341
2.329 -1.08499 0.300008
2.33 -1.07765 0.300674
2.331 -1.07041 0.301339
2.332 -1.06328 0.302004
2.333 -1.05624 0.302668
2.334 -1.0493 0.303331
2.335 -1.04246 0.303994
2.336 -1.0357 0.304656
2.337 -1.02904 0.305317
2.338 -1.02246 0.305978
2.339 -1.01596 0.306638
2.34 -1.00955 0.307297
2.341 -1.00321 0.307956
2.342 -0.996951 0.308614
2.343 -0.990768 0.309271
2.344 -0.984658 0.309928
2.345 -0.97862 0.310584
2.346 -0.972651 0.311239
2.347 -0.96675 0.311894
2.348 -0.960915 0.312548
2.349 -0.955145 0.313201
2.35 -0.949438 0.313854
2.351 -0.943793 0.314506
2.352 -0.938208 0.315157
2.353 -0.932681 0.315808
2.354 -0.927213 0.316458
2.355 -0.9218 0.317107
2.356 -0.916443 0.317756
2.357 -0.911139 0.318404
2.358 -0.905887 0.319052
2.359 -0.900688 0.319698
2.36 -0.895538 0.320344
2.361 -0.890438 0.32099
2.362 -0.885387 0.321635
2.363 -0.880382 0.322279
2.364 -0.875424 0.322922
2.365 -0.870511 0.323565
2.366 -0.865643 0.324207
2.367 -0.860819 0.324849
2.368 -0.856037 0.325489
2.369 -0.851297 0.32613
2.37 -0.846599 0.326769
2.371 -0.84194 0.327408
2.372 -0.837322 0.328046
2.373 -0.832742 0.328684
2.374 -0.828201 0.329321
2.375 -0.823697 0.329957
2.376 -0.819229 0.330593
2.377 -0.814798 0.331228
2.378 -0.810403 0.331862
2.379 -0.806042 0.332496
2.38 -0.801716 0.333129
2.381 -0.797423 0.333761
2.382 -0.793163 0.334393
2.383 -0.788936 0.335024
2.384 -0.784741 0.335655
2.385 -0.780577 0.336285
2.386 -0.776445 0.336914
2.387 -0.772342 0.337542
2.388 -0.76827 0.33817
2.389 -0.764227 0.338798
2.39 -0.760213 0.339424
2.391 -0.756228 0.34005
2.392 -0.752271 0.340676
2.393 -0.748341 0.3413
2.394 -0.744439 0.341924
2.395 -0.740563 0.342548
2.396 -0.736714 0.343171
2.397 -0.732891 0.343793
2.398 -0.729094 0.344414
2.399 -0.725321 0.345035
2.4 -0.721574 0.345656
2.401 -0.717851 0.346275
2.402 -0.714152 0.346894
2.403 -0.710477 0.347513
2.404 -0.706825 0.34813
2.405 -0.703197 0.348748
2.406 -0.699591 0.349364
2.407 -0.696008 0.34998
2.408 -0.692447 0.350595
2.409 -0.688908 0.35121
2.41 -0.68539 0.351824
2.411 -0.681894 0.352437
2.412 -0.678418 0.35305
2.413 -0.674963 0.353662
2.414 -0.671529 0.354273
2.415 -0.668115 0.354884
2.416 -0.664721 0.355494
2.417 -0.661346 0.356104
2.418 -0.657991 0.356713
2.419 -0.654655 0.357321
2.42 -0.651337 0.357929
2.421 -0.648039 0.358536
2.422 -0.644758 0.359143
2.423 -0.641496 0.359749
2.424 -0.638252 0.360354
2.425 -0.635026 0.360958
2.426 -0.631817 0.361562
2.427 -0.628625 0.362166
2.428 -0.625451 0.362768
2.429 -0.622293 0.363371
2.43 -0.619152 0.363972
2.431 -0.616027 0.364573
2.432 -0.612919 0.365173
2.433 -0.609827 0.365773
2.434 -0.606751 0.366372
2.435 -0.60369 0.36697
2.436 -0.600645 0.367568
2.437 -0.597616 0.368165
2.438 -0.594601 0.368762
2.439 -0.591602 0.369358
2.44 -0.588617 0.369953
2.441 -0.585648 0.370548
2.442 -0.582692 0.371142
2.443 -0.579751 0.371736
2.444 -0.576824 0.372329
2.445 -0.573912 0.372921
2.446 -0.571013 0.373513
2.447 -0.568128 0.374104
2.448 -0.565256 0.374694
2.449 -0.562398 0.375284
2.45 -0.559553 0.375873
2.451 -0.556721 0.376462
2.452 -0.553903 0.37705
2.453 -0.551097 0.377637
2.454 -0.548304 0.378224
2.455 -0.545524 0.37881
2.456 -0.542756 0.379396
2.457 -0.54 0.379981
2.458 -0.537257 0.380565
2.459 -0.534526 0.381149
2.46 -0.531807 0.381732
2.461 -0.5291 0.382315
2.462 -0.526404 0.382897
2.463 -0.52372 0.383478
2.464 -0.521048 0.384059
2.465 -0.518387 0.384639
2.466 -0.515738 0.385219
2.467 -0.513099 0.385798
2.468 -0.510472 0.386376
2.469 -0.507856 0.386954
2.47 -0.50525 0.387531
2.471 -0.502655 0.388108
2.472 -0.500071 0.388684
2.473 -0.497498 0.389259
2.474 -0.494935 0.389834
2.475 -0.492382 0.390408
2.476 -0.48984 0.390982
2.477 -0.487308 0.391555
2.478 -0.484786 0.392127
2.479 -0.482274 0.392699
2.48 -0.479772 0.39327
2.481 -0.47728 0.393841
2.482 -0.474797 0.394411
2.483 -0.472324 0.39498
2.484 -0.469861 0.395549
2.485 -0.467407 0.396117
2.486 -0.464962 0.396685
2.487 -0.462527 0.397252
2.488 -0.460101 0.397818
2.489 -0.457684 0.398384
2.49 -0.455277 0.398949
2.491 -0.452878 0.399514
2.492 -0.450488 0.400078
2.493 -0.448107 0.400641
2.494 -0.445735 0.401204
2.495 -0.443372 0.401767
2.496 -0.441017 0.402328
2.497 -0.43867 0.40289
2.498 -0.436332 0.40345
2.499 -0.434003 0.40401
2.5 -0.431682 0.404569
2.501 -0.429369 0.405128
2.502 -0.427064 0.405686
2.503 -0.424768 0.406244
2.504 -0.422479 0.406801
2.505 -0.420199 0.407358
2.506 -0.417926 0.407913
2.507 -0.415662 0.408469
2.508 -0.413405 0.409023
2.509 -0.411156 0.409578
2.51 -0.408915 0.410131
2.511 -0.406681 0.410684
2.512 -0.404455 0.411236
2.513 -0.402236 0.411788
2.514 -0.400025 0.412339
2.515 -0.397821 0.41289
2.516 -0.395625 0.41344
2.517 -0.393435 0.413989
2.518 -0.391253 0.414538
2.519 -0.389079 0.415087
2.52 -0.386911 0.415634
2.521 -0.38475 0.416182
2.522 -0.382597 0.416728
2.523 -0.38045 0.417274
2.524 -0.37831 0.41782
2.525 -0.376178 0.418364
2.526 -0.374052 0.418909
2.527 -0.371932 0.419452
2.528 -0.36982 0.419995
2.529 -0.367714 0.420538
2.53 -0.365615 0.42108
2.531 -0.363522 0.421621
2.532 -0.361436 0.422162
2.533 -0.359356 0.422702
2.534 -0.357283 0.423242
2.535 -0.355216 0.423781
2.536 -0.353155 0.42432
2.537 -0.351101 0.424858
2.538 -0.349053 0.425395
2.539 -0.347011 0.425932
2.54 -0.344975 0.426468
2.541 -0.342945 0.427004
2.542 -0.340922 0.427539
2.543 -0.338904 0.428073
2.544 -0.336893 0.428607
2.545 -0.334887 0.42914
2.546 -0.332888 0.429673
2.547 -0.330894 0.430205
2.548 -0.328906 0.430737
2.549 -0.326924 0.431268
2.55 -0.324948 0.431799
2.551 -0.322977 0.432329
2.552 -0.321012 0.432858
2.553 -0.319053 0.433387
2.554 -0.317099 0.433915
2.555 -0.315151 0.434443
2.556 -0.313208 0.43497
2.557 -0.311271 0.435497
2.558 -0.309339 0.436023
2.559 -0.307413 0.436548
2.56 -0.305492 0.437073
2.561 -0.303577 0.437597
2.562 -0.301666 0.438121
2.563 -0.299762 0.438644
2.564 -0.297862 0.439167
2.565 -0.295967 0.439689
2.566 -0.294078 0.44021
2.567 -0.292194 0.440731
2.568 -0.290315 0.441252
2.569 -0.288441 0.441771
2.57 -0.286572 0.442291
2.571 -0.284709 0.442809
2.572 -0.28285 0.443327
2.573 -0.280996 0.443845
2.574 -0.279147 0.444362
2.575 -0.277303 0.444878
2.576 -0.275464 0.445394
2.577 -0.27363 0.44591
2.578 -0.2718 0.446424
2.579 -0.269975 0.446939
2.58 -0.268155 0.447452
2.581 -0.26634 0.447965
2.582 -0.26453 0.448478
2.583 -0.262724 0.44899
2.584 -0.260923 0.449501
2.585 -0.259126 0.450012
2.586 -0.257334 0.450522
2.587 -0.255547 0.451032
2.588 -0.253764 0.451541
2.589 -0.251986 0.45205
2.59 -0.250212 0.452558
2.591 -0.248442 0.453066
2.592 -0.246677 0.453573
2.593 -0.244917 0.454079
2.594 -0.243161 0.454585
2.595 -0.241409 0.45509
2.596 -0.239662 0.455595
2.597 -0.237918 0.456099
2.598 -0.23618 0.456603
2.599 -0.234445 0.457106
2.6 -0.232715 0.457608
2.601 -0.230988 0.45811
2.602 -0.229266 0.458612
2.603 -0.227549 0.459113
2.604 -0.225835 0.459613
2.605 -0.224126 0.460113
2.606 -0.22242 0.460612
2.607 -0.220719 0.461111
2.608 -0.219022 0.461609
2.609 -0.217328 0.462107
2.61 -0.215639 0.462604
2.611 -0.213954 0.4631
2.612 -0.212273 0.463596
2.613 -0.210595 0.464092
2.614 -0.208922 0.464586
2.615 -0.207252 0.465081
2.616 -0.205587 0.465575
2.617 -0.203925 0.466068
2.618 -0.202267 0.46656
2.619 -0.200613 0.467053
2.62 -0.198963 0.467544
2.621 -0.197316 0.468035
2.622 -0.195674 0.468526
2.623 -0.194035 0.469016
2.624 -0.192399 0.469505
2.625 -0.190768 0.469994
2.626 -0.18914 0.470482
2.627 -0.187516 0.47097
2.628 -0.185895 0.471457
2.629 -0.184278 0.471944
2.63 -0.182665 0.47243
2.631 -0.181055 0.472916
2.632 -0.179449 0.473401
2.633 -0.177847 0.473885
2.634 -0.176248 0.474369
2.635 -0.174652 0.474853
2.636 -0.17306 0.475336
2.637 -0.171472 0.475818
2.638 -0.169887 0.4763
2.639 -0.168305 0.476781
2.64 -0.166727 0.477262
2.641 -0.165152 0.477742
2.642 -0.163581 0.478221
2.643 -0.162013 0.478701
2.644 -0.160449 0.479179
2.645 -0.158887 0.479657
2.646 -0.15733 0.480135
2.647 -0.155775 0.480612
2.648 -0.154224 0.481088
2.649 -0.152676 0.481564
2.65 -0.151131 0.482039
2.651 -0.14959 0.482514
2.652 -0.148052 0.482988
2.653 -0.146517 0.483462
2.654 -0.144985 0.483935
2.655 -0.143457 0.484408
2.656 -0.141931 0.48488
2.657 -0.140409 0.485352
2.658 -0.13889 0.485823
2.659 -0.137374 0.486293
2.66 -0.135861 0.486763
2.661 -0.134352 0.487233
2.662 -0.132845 0.487701
2.663 -0.131342 0.48817
2.664 -0.129841 0.488638
2.665 -0.128344 0.489105
2.666 -0.12685 0.489572
2.667 -0.125358 0.490038
2.668 -0.12387 0.490504
2.669 -0.122385 0.490969
2.67 -0.120903 0.491433
2.671 -0.119423 0.491898
2.672 -0.117947 0.492361
2.673 -0.116474 0.492824
2.674 -0.115003 0.493287
2.675 -0.113536 0.493749
2.676 -0.112071 0.49421
2.677 -0.110609 0.494671
2.678 -0.10915 0.495131
2.679 -0.107694 0.495591
2.68 -0.106241 0.496051
2.681 -0.104791 0.496509
2.682 -0.103343 0.496968
2.683 -0.101899 0.497425
2.684 -0.100457 0.497882
2.685 -0.0990178 0.498339
2.686 -0.0975815 0.498795
2.687 -0.096148 0.499251
2.688 -0.0947173 0.499706
2.689 -0.0932893 0.500161
2.69 -0.091864 0.500615
2.691 -0.0904415 0.501068
2.692 -0.0890216 0.501521
2.693 -0.0876045 0.501973
2.694 -0.0861901 0.502425
2.695 -0.0847783 0.502877
2.696 -0.0833692 0.503328
2.697 -0.0819628 0.503778
2.698 -0.080559 0.504228
2.699 -0.0791578 0.504677
2.7 -0.0777593 0.505126
2.701 -0.0763633 0.505574
2.702 -0.07497 0.506022
2.703 -0.0735793 0.506469
2.704 -0.0721911 0.506916
2.705 -0.0708055 0.507362
2.706 -0.0694225 0.507807
2.707 -0.068042 0.508252
2.708 -0.0666641 0.508697
2.709 -0.0652886 0.509141
2.71 -0.0639157 0.509584
2.711 -0.0625453 0.510027
2.712 -0.0611774 0.51047
2.713 -0.059812 0.510912
2.714 -0.0584491 0.511353
2.715 -0.0570886 0.511794
2.716 -0.0557306 0.512235
2.717 -0.0543751 0.512674
2.718 -0.053022 0.513114
2.719 -0.0516713 0.513552
2.72 -0.050323 0.513991
2.721 -0.0489771 0.514428
2.722 -0.0476337 0.514866
2.723 -0.0462926 0.515302
2.724 -0.0449539 0.515739
2.725 -0.0436176 0.516174
2.726 -0.0422836 0.516609
2.727 -0.040952 0.517044
2.728 -0.0396228 0.517478
2.729 -0.0382959 0.517912
2.73 -0.0369713 0.518345
2.731 -0.035649 0.518777
2.732 -0.034329 0.519209
2.733 -0.0330114 0.519641
2.734 -0.031696 0.520072
2.735 -0.0303829 0.520502
2.736 -0.0290721 0.520932
2.737 -0.0277636 0.521362
2.738 -0.0264573 0.521791
2.739 -0.0251532 0.522219
2.74 -0.0238514 0.522647
2.741 -0.0225519 0.523074
2.742 -0.0212545 0.523501
2.743 -0.0199594 0.523927
2.744 -0.0186665 0.524353
2.745 -0.0173758 0.524779
2.746 -0.0160872 0.525203
2.747 -0.0148009 0.525628
2.748 -0.0135167 0.526051
2.749 -0.0122347 0.526474
2.75 -0.0109549 0.526897
2.751 -0.00967721 0.527319
2.752 -0.00840166 0.527741
2.753 -0.00712826 0.528162
2.754 -0.00585698 0.528583
2.755 -0.00458783 0.529003
2.756 -0.00332079 0.529423
2.757 -0.00205585 0.529842
2.758 -0.000793016 0.53026
2.759 0.000467729 0.530678
2.76 0.00172639 0.531096
2.761 0.00298298 0.531513
2.762 0.00423749 0.531929
2.763 0.00548995 0.532345
2.764 0.00674035 0.532761
2.765 0.0079887 0.533176
2.766 0.00923501 0.53359
2.767 0.0104793 0.534004
2.768 0.0117215 0.534418
2.769 0.0129618 0.534831
2.77 0.0142 0.535243
2.771 0.0154362 0.535655
2.772 0.0166704 0.536066
2.773 0.0179027 0.536477
2.774 0.0191329 0.536887
2.775 0.0203612 0.537297
2.776 0.0215875 0.537707
2.777 0.0228118 0.538115
2.778 0.0240342 0.538524
2.779 0.0252546 0.538932
2.78 0.0264731 0.539339
2.781 0.0276896 0.539746
2.782 0.0289042 0.540152
2.783 0.0301169 0.540558
2.784 0.0313277 0.540963
2.785 0.0325365 0.541368
2.786 0.0337435 0.541772
2.787 0.0349485 0.542175
2.788 0.0361517 0.542579
2.789 0.037353 0.542981
2.79 0.0385523 0.543384
2.791 0.0397499 0.543785
2.792 0.0409455 0.544186
2.793 0.0421393 0.544587
2.794 0.0433312 0.544987
2.795 0.0445213 0.545387
2.796 0.0457095 0.545786
2.797 0.0468959 0.546184
2.798 0.0480805 0.546583
2.799 0.0492632 0.54698
2.8 0.0504442 0.547377
2.801 0.0516233 0.547774
2.802 0.0528006 0.54817
2.803 0.0539761 0.548565
2.804 0.0551498 0.54896
2.805 0.0563217 0.549355
2.806 0.0574918 0.549749
2.807 0.0586601 0.550142
2.808 0.0598267 0.550535
2.809 0.0609915 0.550928
2.81 0.0621545 0.55132
2.811 0.0633158 0.551711
2.812 0.0644754 0.552102
2.813 0.0656331 0.552493
2.814 0.0667892 0.552883
2.815 0.0679435 0.553272
2.816 0.0690961 0.553661
2.817 0.0702469 0.55405
2.818 0.071396 0.554438
2.819 0.0725435 0.554825
2.82 0.0736892 0.555212
2.821 0.0748332 0.555598
2.822 0.0759755 0.555984
2.823 0.0771161 0.55637
2.824 0.078255 0.556755
2.825 0.0793923 0.557139
2.826 0.0805278 0.557523
2.827 0.0816617 0.557906
2.828 0.0827939 0.558289
2.829 0.0839245 0.558671
2.83 0.0850534 0.559053
2.831 0.0861807 0.559435
2.832 0.0873063 0.559816
2.833 0.0884302 0.560196
2.834 0.0895525 0.560576
2.835 0.0906732 0.560955
2.836 0.0917923 0.561334
2.837 0.0929097 0.561712
2.838 0.0940256 0.56209
2.839 0.0951398 0.562467
2.84 0.0962524 0.562844
2.841 0.0973634 0.56322
2.842 0.0984728 0.563596
2.843 0.0995806 0.563972
2.844 0.100687 0.564346
2.845 0.101791 0.564721
2.846 0.102894 0.565094
2.847 0.103996 0.565468
2.848 0.105096 0.56584
2.849 0.106194 0.566213
2.85 0.107291 0.566585
2.851 0.108386 0.566956
2.852 0.10948 0.567327
2.853 0.110572 0.567697
2.854 0.111662 0.568067
2.855 0.112751 0.568436
2.856 0.113839 0.568805
2.857 0.114925 0.569173
2.858 0.116009 0.569541
2.859 0.117092 0.569908
2.86 0.118174 0.570275
2.861 0.119253 0.570641
2.862 0.120332 0.571007
2.863 0.121409 0.571372
2.864 0.122484 0.571737
2.865 0.123558 0.572101
2.866 0.12463 0.572465
2.867 0.125701 0.572828
2.868 0.12677 0.57319
2.869 0.127838 0.573553
2.87 0.128905 0.573914
2.871 0.12997 0.574276
2.872 0.131033 0.574636
2.873 0.132095 0.574997
2.874 0.133156 0.575356
2.875 0.134215 0.575716
2.876 0.135273 0.576074
2.877 0.136329 0.576432
2.878 0.137384 0.57679
2.879 0.138437 0.577147
2.88 0.139489 0.577504
2.881 0.140539 0.57786
2.882 0.141588 0.578216
2.883 0.142636 0.578571
2.884 0.143682 0.578926
2.885 0.144727 0.57928
2.886 0.14577 0.579634
2.887 0.146812 0.579987
2.888 0.147853 0.58034
2.889 0.148892 0.580692
2.89 0.149929 0.581044
2.891 0.150966 0.581395
2.892 0.152001 0.581746
2.893 0.153034 0.582096
2.894 0.154066 0.582445
2.895 0.155097 0.582795
2.896 0.156126 0.583143
2.897 0.157155 0.583492
2.898 0.158181 0.583839
2.899 0.159206 0.584186
2.9 0.16023 0.584533
2.901 0.161253 0.584879
2.902 0.162274 0.585225
2.903 0.163294 0.58557
2.904 0.164313 0.585915
2.905 0.16533 0.586259
2.906 0.166346 0.586603
2.907 0.16736 0.586946
2.908 0.168373 0.587289
2.909 0.169385 0.587631
2.91 0.170395 0.587973
2.911 0.171405 0.588314
2.912 0.172412 0.588655
2.913 0.173419 0.588995
2.914 0.174424 0.589335
2.915 0.175428 0.589674
2.916 0.176431 0.590012
2.917 0.177432 0.590351
2.918 0.178432 0.590688
2.919 0.179431 0.591026
2.92 0.180428 0.591362
2.921 0.181424 0.591699
2.922 0.182419 0.592034
2.923 0.183412 0.59237
2.924 0.184405 0.592704
2.925 0.185396 0.593038
2.926 0.186385 0.593372
2.927 0.187374 0.593705
2.928 0.188361 0.594038
2.929 0.189347 0.59437
2.93 0.190331 0.594702
2.931 0.191315 0.595033
2.932 0.192297 0.595364
2.933 0.193278 0.595694
2.934 0.194257 0.596024
2.935 0.195236 0.596353
2.936 0.196213 0.596682
2.937 0.197188 0.59701
2.938 0.198163 0.597338
2.939 0.199136 0.597665
2.94 0.200109 0.597992
2.941 0.201079 0.598318
2.942 0.202049 0.598644
2.943 0.203018 0.598969
2.944 0.203985 0.599294
2.945 0.204951 0.599618
2.946 0.205916 0.599942
2.947 0.206879 0.600265
2.948 0.207842 0.600588
2.949 0.208803 0.60091
2.95 0.209763 0.601232
2.951 0.210721 0.601553
2.952 0.211679 0.601874
2.953 0.212635 0.602195
2.954 0.213591 0.602514
2.955 0.214545 0.602834
2.956 0.215497 0.603152
2.957 0.216449 0.603471
2.958 0.217399 0.603788
2.959 0.218349 0.604106
2.96 0.219297 0.604423
2.961 0.220244 0.604739
2.962 0.221189 0.605055
2.963 0.222134 0.60537
2.964 0.223077 0.605685
2.965 0.224019 0.605999
2.966 0.22496 0.606313
2.967 0.2259 0.606626
2.968 0.226839 0.606939
2.969 0.227777 0.607251
2.97 0.228713 0.607563
2.971 0.229648 0.607874
2.972 0.230583 0.608185
2.973 0.231516 0.608496
2.974 0.232447 0.608805
2.975 0.233378 0.609115
2.976 0.234308 0.609424
2.977 0.235236 0.609732
2.978 0.236163 0.61004
2.979 0.23709 0.610347
2.98 0.238015 0.610654
2.981 0.238939 0.61096
2.982 0.239861 0.611266
2.983 0.240783 0.611571
2.984 0.241704 0.611876
2.985 0.242623 0.612181
2.986 0.243542 0.612484
2.987 0.244459 0.612788
2.988 0.245375 0.613091
2.989 0.24629 0.613393
2.99 0.247204 0.613695
2.991 0.248117 0.613996
2.992 0.249029 0.614297
2.993 0.249939 0.614598
2.994 0.250849 0.614897
2.995 0.251757 0.615197
2.996 0.252665 0.615496
2.997 0.253571 0.615794
2.998 0.254476 0.616092
2.999 0.25538 0.616389
3 0.256284 0.616686
3.001 0.257185 0.616983
