0.1 -0.96266 -0.78707
0.2 -0.840426 -0.757797
0.3 -0.79157 -0.793678
0.4 -0.781025 -0.869658
0.5 -0.800379 -0.98476
0.6 -0.850064 -1.1495
0.7 -0.938065 -1.39244
0.8 -1.08727 -1.80326
0.9 -1.37736 -3.41129
1 -2.56282 -2.31028
1.1 -1.29658 -2.29769
1.2 -1.00244 -1.49358
1.3 -0.831739 -1.10367
1.4 -0.717268 -0.831795
1.5 -0.63806 -0.620411
1.6 -0.585659 -0.446825
1.7 -0.556975 -0.299526
1.8 -0.552436 -0.171815
1.9 -0.57628 -0.0594361
2 -0.639479 0.0404809
2.1 -0.770872 0.12996
2.2 -1.08197 0.210476
2.3 -1.47711 0.283126
2.4 -0.741675 0.34874
2.5 -0.440102 0.407951
2.6 -0.236541 0.461241
2.7 -0.0791318 0.50897
2.8 0.0505972 0.551399
2.9 0.161422 0.588702
3 0.258227 0.620972
