0.000000 0.000000 0.000000
0.010000 0.000100 0.020000
0.020000 0.000400 0.040000
0.030000 0.000900 0.060000
0.040000 0.001600 0.080000
0.050000 0.002500 0.100000
0.060000 0.003600 0.120000
0.070000 0.004900 0.140000
0.080000 0.006400 0.160000
0.090000 0.008100 0.180000
0.100000 0.010000 0.200000
0.110000 0.012100 0.220000
0.120000 0.014400 0.240000
0.130000 0.016900 0.260000
0.140000 0.019600 0.280000
0.150000 0.022500 0.300000
0.160000 0.025600 0.320000
0.170000 0.028900 0.340000
0.180000 0.032400 0.360000
0.190000 0.036100 0.380000
0.200000 0.040000 0.400000
0.210000 0.044100 0.420000
0.220000 0.048400 0.440000
0.230000 0.052900 0.460000
0.240000 0.057600 0.480000
0.250000 0.062500 0.500000
0.260000 0.067600 0.520000
0.270000 0.072900 0.540000
0.280000 0.078400 0.560000
0.290000 0.084100 0.580000
0.300000 0.090000 0.600000
0.310000 0.096100 0.620000
0.320000 0.102400 0.640000
0.330000 0.108900 0.660000
0.340000 0.115600 0.680000
0.350000 0.122500 0.700000
0.360000 0.129600 0.720000
0.370000 0.136900 0.740000
0.380000 0.144400 0.760000
0.390000 0.152100 0.780000
0.400000 0.160000 0.800000
0.410000 0.168100 0.820000
0.420000 0.176400 0.840000
0.430000 0.184900 0.860000
0.440000 0.193600 0.880000
0.450000 0.202500 0.900000
0.460000 0.211600 0.920000
0.470000 0.220900 0.940000
0.480000 0.230400 0.960000
0.490000 0.240100 0.980000
0.500000 0.250000 1.000000
0.510000 0.260100 1.020000
0.520000 0.270400 1.040000
0.530000 0.280900 1.060000
0.540000 0.291600 1.080000
0.550000 0.302500 1.100000
0.560000 0.313600 1.120000
0.570000 0.324900 1.140000
0.580000 0.336400 1.160000
0.590000 0.348100 1.180000
0.600000 0.360000 1.200000
0.610000 0.372100 1.220000
0.620000 0.384400 1.240000
0.630000 0.396900 1.260000
0.640000 0.409600 1.280000
0.650000 0.422500 1.300000
0.660000 0.435600 1.320000
0.670000 0.448900 1.340000
0.680000 0.462400 1.360000
0.690000 0.476100 1.380000
0.700000 0.490000 1.400000
0.710000 0.504100 1.420000
0.720000 0.518400 1.440000
0.730000 0.532900 1.460000
0.740000 0.547600 1.480000
0.750000 0.562500 1.500000
0.760000 0.577600 1.520000
0.770000 0.592900 1.540000
0.780000 0.608400 1.560000
0.790000 0.624100 1.580000
0.800000 0.640000 1.600000
0.810000 0.656100 1.620000
0.820000 0.672400 1.640000
0.830000 0.688900 1.660000
0.840000 0.705600 1.680000
0.850000 0.722500 1.700000
0.860000 0.739600 1.720000
0.870000 0.756900 1.740000
0.880000 0.774400 1.760000
0.890000 0.792100 1.780000
0.900000 0.810000 1.800000
0.910000 0.828100 1.820000
0.920000 0.846400 1.840000
0.930000 0.864900 1.860000
0.940000 0.883600 1.880000
0.950000 0.902500 1.900000
0.960000 0.921600 1.920000
0.970000 0.940900 1.940000
0.980000 0.960400 1.960000
0.990000 0.980100 1.980000
1.000000 1.000000 2.000000
1.010000 1.020100 2.020000
1.020000 1.040400 2.040000
1.030000 1.060900 2.060000
1.040000 1.081600 2.080000
1.050000 1.102500 2.100000
1.060000 1.123600 2.120000
1.070000 1.144900 2.140000
1.080000 1.166400 2.160000
1.090000 1.188100 2.180000
1.100000 1.210000 2.200000
1.110000 1.232100 2.220000
1.120000 1.254400 2.240000
1.130000 1.276900 2.260000
1.140000 1.299600 2.280000
1.150000 1.322500 2.300000
1.160000 1.345600 2.320000
1.170000 1.368900 2.340000
1.180000 1.392400 2.360000
1.190000 1.416100 2.380000
1.200000 1.440000 2.400000
1.210000 1.464100 2.420000
1.220000 1.488400 2.440000
1.230000 1.512900 2.460000
1.240000 1.537600 2.480000
1.250000 1.562500 2.500000
1.260000 1.587600 2.520000
1.270000 1.612900 2.540000
1.280000 1.638400 2.560000
1.290000 1.664100 2.580000
1.300000 1.690000 2.600000
1.310000 1.716100 2.620000
1.320000 1.742400 2.640000
1.330000 1.768900 2.660000
1.340000 1.795600 2.680000
1.350000 1.822500 2.700000
1.360000 1.849600 2.720000
1.370000 1.876900 2.740000
1.380000 1.904400 2.760000
1.390000 1.932100 2.780000
1.400000 1.960000 2.800000
1.410000 1.988100 2.820000
1.420000 2.016400 2.840000
1.430000 2.044900 2.860000
1.440000 2.073600 2.880000
1.450000 2.102500 2.900000
1.460000 2.131600 2.920000
1.470000 2.160900 2.940000
1.480000 2.190400 2.960000
1.490000 2.220100 2.980000
1.500000 2.250000 3.000000
1.510000 2.280100 3.020000
1.520000 2.310400 3.040000
1.530000 2.340900 3.060000
1.540000 2.371600 3.080000
1.550000 2.402500 3.100000
1.560000 2.433600 3.120000
1.570000 2.464900 3.140000
1.580000 2.496400 3.160000
1.590000 2.528100 3.180000
1.600000 2.560000 3.200000
1.610000 2.592100 3.220000
1.620000 2.624400 3.240000
1.630000 2.656900 3.260000
1.640000 2.689600 3.280000
1.650000 2.722500 3.300000
1.660000 2.755600 3.320000
1.670000 2.788900 3.340000
1.680000 2.822400 3.360000
1.690000 2.856100 3.380000
1.700000 2.890000 3.400000
1.710000 2.924100 3.420000
1.720000 2.958400 3.440000
1.730000 2.992900 3.460000
1.740000 3.027600 3.480000
1.750000 3.062500 3.500000
1.760000 3.097600 3.520000
1.770000 3.132900 3.540000
1.780000 3.168400 3.560000
1.790000 3.204100 3.580000
1.800000 3.240000 3.600000
1.810000 3.276100 3.620000
1.820000 3.312400 3.640000
1.830000 3.348900 3.660000
1.840000 3.385600 3.680000
1.850000 3.422500 3.700000
1.860000 3.459600 3.720000
1.870000 3.496900 3.740000
1.880000 3.534400 3.760000
1.890000 3.572100 3.780000
1.900000 3.610000 3.800000
1.910000 3.648100 3.820000
1.920000 3.686400 3.840000
1.930000 3.724900 3.860000
1.940000 3.763600 3.880000
1.950000 3.802500 3.900000
1.960000 3.841600 3.920000
1.970000 3.880900 3.940000
1.980000 3.920400 3.960000
1.990000 3.960100 3.980000
2.000000 4.000000 4.000000
2.010000 4.040100 4.020000
2.020000 4.080400 4.040000
2.030000 4.120900 4.060000
2.040000 4.161600 4.080000
2.050000 4.202500 4.100000
2.060000 4.243600 4.120000
2.070000 4.284900 4.140000
2.080000 4.326400 4.160000
2.090000 4.368100 4.180000
2.100000 4.410000 4.200000
2.110000 4.452100 4.220000
2.120000 4.494400 4.240000
2.130000 4.536900 4.260000
2.140000 4.579600 4.280000
2.150000 4.622500 4.300000
2.160000 4.665600 4.320000
2.170000 4.708900 4.340000
2.180000 4.752400 4.360000
2.190000 4.796100 4.380000
2.200000 4.840000 4.400000
2.210000 4.884100 4.420000
2.220000 4.928400 4.440000
2.230000 4.972900 4.460000
2.240000 5.017600 4.480000
2.250000 5.062500 4.500000
2.260000 5.107600 4.520000
2.270000 5.152900 4.540000
2.280000 5.198400 4.560000
2.290000 5.244100 4.580000
2.300000 5.290000 4.600000
2.310000 5.336100 4.620000
2.320000 5.382400 4.640000
2.330000 5.428900 4.660000
2.340000 5.475600 4.680000
2.350000 5.522500 4.700000
2.360000 5.569600 4.720000
2.370000 5.616900 4.740000
2.380000 5.664400 4.760000
2.390000 5.712100 4.780000
2.400000 5.760000 4.800000
2.410000 5.808100 4.820000
2.420000 5.856400 4.840000
2.430000 5.904900 4.860000
2.440000 5.953600 4.880000
2.450000 6.002500 4.900000
2.460000 6.051600 4.920000
2.470000 6.100900 4.940000
2.480000 6.150400 4.960000
2.490000 6.200100 4.980000
2.500000 6.250000 5.000000
2.510000 6.300100 5.020000
2.520000 6.350400 5.040000
2.530000 6.400900 5.060000
2.540000 6.451600 5.080000
2.550000 6.502500 5.100000
2.560000 6.553600 5.120000
2.570000 6.604900 5.140000
2.580000 6.656400 5.160000
2.590000 6.708100 5.180000
2.600000 6.760000 5.200000
2.610000 6.812100 5.220000
2.620000 6.864400 5.240000
2.630000 6.916900 5.260000
2.640000 6.969600 5.280000
2.650000 7.022500 5.300000
2.660000 7.075600 5.320000
2.670000 7.128900 5.340000
2.680000 7.182400 5.360000
2.690000 7.236100 5.380000
2.700000 7.290000 5.400000
2.710000 7.344100 5.420000
2.720000 7.398400 5.440000
2.730000 7.452900 5.460000
2.740000 7.507600 5.480000
2.750000 7.562500 5.500000
2.760000 7.617600 5.520000
2.770000 7.672900 5.540000
2.780000 7.728400 5.560000
2.790000 7.784100 5.580000
2.800000 7.840000 5.600000
2.810000 7.896100 5.620000
2.820000 7.952400 5.640000
2.830000 8.008900 5.660000
2.840000 8.065600 5.680000
2.850000 8.122500 5.700000
2.860000 8.179600 5.720000
2.870000 8.236900 5.740000
2.880000 8.294400 5.760000
2.890000 8.352100 5.780000
2.900000 8.410000 5.800000
2.910000 8.468100 5.820000
2.920000 8.526400 5.840000
2.930000 8.584900 5.860000
2.940000 8.643600 5.880000
2.950000 8.702500 5.900000
2.960000 8.761600 5.920000
2.970000 8.820900 5.940000
2.980000 8.880400 5.960000
2.990000 8.940100 5.980000
3.000000 9.000000 6.000000
3.010000 9.060100 6.020000
3.020000 9.120400 6.040000
3.030000 9.180900 6.060001
3.040000 9.241600 6.080001
3.050000 9.302500 6.100001
3.060000 9.363600 6.120001
3.070000 9.424900 6.140001
3.080000 9.486400 6.160001
3.090000 9.548100 6.180001
3.100000 9.610000 6.200001
3.110000 9.672100 6.220001
3.120000 9.734400 6.240001
3.130000 9.796900 6.260001
3.140000 9.859600 6.280001
3.150000 9.922500 6.300001
3.160000 9.985600 6.320001
3.170000 10.048900 6.340001
3.180000 10.112400 6.360001
3.190000 10.176100 6.380001
3.200000 10.240000 6.400001
3.210000 10.304100 6.420001
3.220000 10.368400 6.440001
3.230000 10.432900 6.460001
3.240000 10.497600 6.480001
3.250000 10.562500 6.500001
3.260000 10.627600 6.520001
3.270000 10.692900 6.540001
3.280000 10.758400 6.560001
3.290000 10.824100 6.580001
3.300000 10.890000 6.600001
3.310000 10.956100 6.620001
3.320000 11.022400 6.640001
3.330000 11.088900 6.660001
3.340000 11.155600 6.680001
3.350000 11.222500 6.700001
3.360000 11.289600 6.720001
3.370000 11.356900 6.740001
3.380000 11.424400 6.760001
3.390000 11.492100 6.780001
3.400000 11.560000 6.800001
3.410000 11.628100 6.820001
3.420000 11.696400 6.840001
3.430000 11.764900 6.860001
3.440000 11.833600 6.880001
3.450000 11.902500 6.900001
3.460000 11.971600 6.920001
3.470000 12.040900 6.940001
3.480000 12.110400 6.960001
3.490000 12.180100 6.980001
3.500000 12.250000 7.000001
3.510000 12.320100 7.020001
3.520000 12.390400 7.040001
3.530000 12.460900 7.060001
3.540000 12.531600 7.080001
3.550000 12.602500 7.100001
3.560000 12.673600 7.120001
3.570000 12.744900 7.140001
3.580000 12.816400 7.160001
3.590000 12.888100 7.180001
3.600000 12.960000 7.200001
3.610000 13.032100 7.220001
3.620000 13.104400 7.240001
3.630000 13.176900 7.260001
3.640000 13.249600 7.280001
3.650000 13.322500 7.300001
3.660000 13.395600 7.320001
3.670000 13.468900 7.340001
3.680000 13.542400 7.360001
3.690000 13.616100 7.380001
3.700000 13.690000 7.400001
3.710000 13.764100 7.420001
3.720000 13.838400 7.440001
3.730000 13.912900 7.460001
3.740000 13.987600 7.480001
3.750000 14.062500 7.500001
3.760000 14.137600 7.520001
3.770000 14.212900 7.540001
3.780000 14.288400 7.560001
3.790000 14.364100 7.580001
3.800000 14.440000 7.600001
3.810000 14.516100 7.620001
3.820000 14.592400 7.640001
3.830000 14.668900 7.660001
3.840000 14.745600 7.680001
3.850000 14.822500 7.700001
3.860000 14.899600 7.720001
3.870000 14.976900 7.740001
3.880000 15.054400 7.760001
3.890000 15.132100 7.780001
3.900000 15.210000 7.800001
3.910000 15.288100 7.820001
3.920000 15.366400 7.840001
3.930000 15.444900 7.860001
3.940000 15.523600 7.880001
3.950000 15.602500 7.900001
3.960000 15.681600 7.920001
3.970000 15.760900 7.940001
3.980000 15.840400 7.960001
3.990000 15.920100 7.980001
4.000000 16.000000 7.999999
