0.05 0.00125 0.0506327
0.1 0.00506094 0.102356
0.15 0.011483 0.15499
0.2 0.0205573 0.208343
0.25 0.0323145 0.262207
0.3 0.0467749 0.316361
0.35 0.0639474 0.370569
0.4 0.0838285 0.424583
0.45 0.106402 0.478144
0.5 0.131639 0.530978
0.55 0.159496 0.582803
0.6 0.189916 0.633326
0.65 0.222825 0.682244
0.7 0.258136 0.729247
0.75 0.295745 0.774019
0.8 0.335534 0.816238
0.85 0.377365 0.855578
0.9 0.421087 0.89171
0.95 0.466531 0.924304
1 0.513513 0.953032
1.05 0.56183 0.977567
1.1 0.611266 0.997588
1.15 0.661585 1.01278
1.2 0.712539 1.02283
1.25 0.763864 1.02745
1.3 0.81528 1.02634
1.35 0.866494 1.01924
1.4 0.917201 1.00589
1.45 0.96708 0.98606
1.5 1.0158 0.959527
1.55 1.06303 0.926102
1.6 1.10841 0.885615
1.65 1.15159 0.837928
1.7 1.1922 0.782928
1.75 1.22988 0.720536
1.8 1.26425 0.650706
1.85 1.29495 0.573427
1.9 1.3216 0.488727
1.95 1.34382 0.39667
2 1.36127 0.297364
2.05 1.37356 0.190958
2.1 1.38036 0.0776439
2.15 1.38133 -0.0423399
2.2 1.37613 -0.168709
2.25 1.36446 -0.301133
2.3 1.34602 -0.439233
2.35 1.32054 -0.582581
2.4 1.28777 -0.730701
2.45 1.24748 -0.883069
2.5 1.19947 -1.03911
2.55 1.14358 -1.19821
2.6 1.07966 -1.35969
2.65 1.00762 -1.52284
2.7 0.927383 -1.6869
2.75 0.838935 -1.85107
2.8 0.742287 -2.01449
2.85 0.637497 -2.1763
2.9 0.524668 -2.33556
2.95 0.403952 -2.49132
3 0.275548 -2.64259
3.05 0.139705 -2.78837
