0.001 5e-07 0.00100025
0.002 2.0005e-06 0.002001
0.003 4.502e-06 0.00300225
0.004 8.00499e-06 0.00400399
0.005 1.251e-05 0.00500623
0.006 1.80174e-05 0.00600896
0.007 2.45279e-05 0.00701218
0.008 3.20418e-05 0.0080159
0.009 4.05597e-05 0.0090201
0.01 5.0082e-05 0.0100248
0.011 6.06093e-05 0.01103
0.012 7.21419e-05 0.0120356
0.013 8.46805e-05 0.0130418
0.014 9.82255e-05 0.0140484
0.015 0.000112777 0.0150555
0.016 0.000128337 0.0160631
0.017 0.000144904 0.0170712
0.018 0.000162479 0.0180798
0.019 0.000181063 0.0190888
0.02 0.000200657 0.0200983
0.021 0.00022126 0.0211083
0.022 0.000242873 0.0221188
0.023 0.000265497 0.0231297
0.024 0.000289133 0.0241411
0.025 0.00031378 0.025153
0.026 0.000339439 0.0261653
0.027 0.00036611 0.0271781
0.028 0.000393795 0.0281914
0.029 0.000422493 0.0292051
0.03 0.000452205 0.0302193
0.031 0.000482932 0.031234
0.032 0.000514673 0.0322491
0.033 0.00054743 0.0332647
0.034 0.000581202 0.0342807
0.035 0.000615991 0.0352972
0.036 0.000651797 0.0363141
0.037 0.000688619 0.0373315
0.038 0.00072646 0.0383494
0.039 0.000765318 0.0393677
0.04 0.000805195 0.0403864
0.041 0.000846091 0.0414056
0.042 0.000888006 0.0424253
0.043 0.000930941 0.0434454
0.044 0.000974897 0.0444659
0.045 0.00101987 0.0454869
0.046 0.00106587 0.0465083
0.047 0.00111289 0.0475302
0.048 0.00116093 0.0485524
0.049 0.00120999 0.0495752
0.05 0.00126008 0.0505984
0.051 0.00131119 0.051622
0.052 0.00136333 0.052646
0.053 0.00141648 0.0536705
0.054 0.00147067 0.0546954
0.055 0.00152587 0.0557207
0.056 0.00158211 0.0567465
0.057 0.00163937 0.0577726
0.058 0.00169765 0.0587993
0.059 0.00175697 0.0598263
0.06 0.00181731 0.0608537
0.061 0.00187867 0.0618816
0.062 0.00194107 0.0629099
0.063 0.00200449 0.0639386
0.064 0.00206895 0.0649677
0.065 0.00213443 0.0659973
0.066 0.00220094 0.0670272
0.067 0.00226848 0.0680576
0.068 0.00233706 0.0690884
0.069 0.00240666 0.0701196
0.07 0.00247729 0.0711512
0.071 0.00254896 0.0721832
0.072 0.00262166 0.0732156
0.073 0.00269539 0.0742484
0.074 0.00277016 0.0752816
0.075 0.00284596 0.0763153
0.076 0.00292279 0.0773493
0.077 0.00300066 0.0783837
0.078 0.00307956 0.0794185
0.079 0.00315949 0.0804537
0.08 0.00324046 0.0814893
0.081 0.00332247 0.0825253
0.082 0.00340551 0.0835617
0.083 0.00348959 0.0845985
0.084 0.00357471 0.0856356
0.085 0.00366087 0.0866732
0.086 0.00374806 0.0877111
0.087 0.00383629 0.0887494
0.088 0.00392556 0.0897881
0.089 0.00401586 0.0908272
0.09 0.00410721 0.0918667
0.091 0.0041996 0.0929065
0.092 0.00429302 0.0939467
0.093 0.00438749 0.0949873
0.094 0.004483 0.0960283
0.095 0.00457955 0.0970696
0.096 0.00467714 0.0981113
0.097 0.00477577 0.0991534
0.098 0.00487544 0.100196
0.099 0.00497616 0.101239
0.1 0.00507792 0.102282
0.101 0.00518073 0.103325
0.102 0.00528457 0.104369
0.103 0.00538946 0.105414
0.104 0.0054954 0.106458
0.105 0.00560238 0.107503
0.106 0.00571041 0.108548
0.107 0.00581948 0.109594
0.108 0.00592959 0.11064
0.109 0.00604076 0.111687
0.11 0.00615297 0.112733
0.111 0.00626622 0.11378
0.112 0.00638053 0.114828
0.113 0.00649588 0.115876
0.114 0.00661228 0.116924
0.115 0.00672973 0.117972
0.116 0.00684822 0.119021
0.117 0.00696777 0.12007
0.118 0.00708836 0.12112
0.119 0.00721001 0.122169
0.12 0.0073327 0.12322
0.121 0.00745645 0.12427
0.122 0.00758124 0.125321
0.123 0.00770709 0.126372
0.124 0.00783399 0.127424
0.125 0.00796194 0.128475
0.126 0.00809094 0.129527
0.127 0.00822099 0.13058
0.128 0.0083521 0.131633
0.129 0.00848426 0.132686
0.13 0.00861747 0.133739
0.131 0.00875173 0.134793
0.132 0.00888705 0.135847
0.133 0.00902343 0.136901
0.134 0.00916086 0.137956
0.135 0.00929934 0.139011
0.136 0.00943888 0.140066
0.137 0.00957947 0.141122
0.138 0.00972112 0.142178
0.139 0.00986383 0.143234
0.14 0.0100076 0.14429
0.141 0.0101524 0.145347
0.142 0.0102983 0.146404
0.143 0.0104452 0.147462
0.144 0.0105932 0.14852
0.145 0.0107423 0.149578
0.146 0.0108924 0.150636
0.147 0.0110435 0.151694
0.148 0.0111958 0.152753
0.149 0.011349 0.153813
0.15 0.0115034 0.154872
0.151 0.0116588 0.155932
0.152 0.0118152 0.156992
0.153 0.0119728 0.158052
0.154 0.0121313 0.159113
0.155 0.012291 0.160174
0.156 0.0124517 0.161235
0.157 0.0126135 0.162296
0.158 0.0127763 0.163358
0.159 0.0129402 0.16442
0.16 0.0131051 0.165482
0.161 0.0132711 0.166545
0.162 0.0134382 0.167607
0.163 0.0136064 0.168671
0.164 0.0137756 0.169734
0.165 0.0139458 0.170797
0.166 0.0141172 0.171861
0.167 0.0142895 0.172925
0.168 0.014463 0.17399
0.169 0.0146375 0.175054
0.17 0.0148131 0.176119
0.171 0.0149898 0.177184
0.172 0.0151675 0.17825
0.173 0.0153463 0.179315
0.174 0.0155261 0.180381
0.175 0.015707 0.181447
0.176 0.015889 0.182514
0.177 0.0160721 0.18358
0.178 0.0162562 0.184647
0.179 0.0164413 0.185714
0.18 0.0166276 0.186782
0.181 0.0168149 0.187849
0.182 0.0170033 0.188917
0.183 0.0171927 0.189985
0.184 0.0173833 0.191053
0.185 0.0175749 0.192122
0.186 0.0177675 0.193191
0.187 0.0179612 0.19426
0.188 0.018156 0.195329
0.189 0.0183519 0.196398
0.19 0.0185488 0.197468
0.191 0.0187468 0.198538
0.192 0.0189459 0.199608
0.193 0.019146 0.200678
0.194 0.0193473 0.201749
0.195 0.0195495 0.202819
0.196 0.0197529 0.20389
0.197 0.0199573 0.204961
0.198 0.0201628 0.206033
0.199 0.0203694 0.207104
0.2 0.020577 0.208176
0.201 0.0207857 0.209248
0.202 0.0209955 0.21032
0.203 0.0212064 0.211393
0.204 0.0214183 0.212465
0.205 0.0216313 0.213538
0.206 0.0218454 0.214611
0.207 0.0220605 0.215684
0.208 0.0222767 0.216757
0.209 0.022494 0.217831
0.21 0.0227124 0.218904
0.211 0.0229319 0.219978
0.212 0.0231524 0.221052
0.213 0.023374 0.222127
0.214 0.0235966 0.223201
0.215 0.0238204 0.224276
0.216 0.0240452 0.225351
0.217 0.0242711 0.226426
0.218 0.024498 0.227501
0.219 0.0247261 0.228576
0.22 0.0249552 0.229652
0.221 0.0251854 0.230727
0.222 0.0254166 0.231803
0.223 0.025649 0.232879
0.224 0.0258824 0.233955
0.225 0.0261169 0.235031
0.226 0.0263525 0.236108
0.227 0.0265891 0.237185
0.228 0.0268268 0.238261
0.229 0.0270656 0.239338
0.23 0.0273055 0.240415
0.231 0.0275464 0.241493
0.232 0.0277885 0.24257
0.233 0.0280316 0.243648
0.234 0.0282758 0.244725
0.235 0.028521 0.245803
0.236 0.0287674 0.246881
0.237 0.0290148 0.247959
0.238 0.0292633 0.249037
0.239 0.0295129 0.250116
0.24 0.0297635 0.251194
0.241 0.0300153 0.252273
0.242 0.0302681 0.253352
0.243 0.030522 0.254431
0.244 0.0307769 0.25551
0.245 0.031033 0.256589
0.246 0.0312901 0.257668
0.247 0.0315483 0.258748
0.248 0.0318076 0.259827
0.249 0.032068 0.260907
0.25 0.0323294 0.261987
0.251 0.032592 0.263066
0.252 0.0328556 0.264146
0.253 0.0331202 0.265227
0.254 0.033386 0.266307
0.255 0.0336529 0.267387
0.256 0.0339208 0.268468
0.257 0.0341898 0.269548
0.258 0.0344599 0.270629
0.259 0.0347311 0.271709
0.26 0.0350033 0.27279
0.261 0.0352766 0.273871
0.262 0.035551 0.274952
0.263 0.0358265 0.276033
0.264 0.0361031 0.277115
0.265 0.0363808 0.278196
0.266 0.0366595 0.279277
0.267 0.0369393 0.280359
0.268 0.0372202 0.28144
0.269 0.0375022 0.282522
0.27 0.0377853 0.283604
0.271 0.0380694 0.284685
0.272 0.0383546 0.285767
0.273 0.0386409 0.286849
0.274 0.0389283 0.287931
0.275 0.0392168 0.289013
0.276 0.0395064 0.290095
0.277 0.039797 0.291178
0.278 0.0400887 0.29226
0.279 0.0403815 0.293342
0.28 0.0406754 0.294425
0.281 0.0409704 0.295507
0.282 0.0412664 0.29659
0.283 0.0415635 0.297672
0.284 0.0418618 0.298755
0.285 0.0421611 0.299837
0.286 0.0424614 0.30092
0.287 0.0427629 0.302003
0.288 0.0430654 0.303086
0.289 0.0433691 0.304169
0.29 0.0436738 0.305252
0.291 0.0439796 0.306335
0.292 0.0442864 0.307417
0.293 0.0445944 0.308501
0.294 0.0449034 0.309584
0.295 0.0452136 0.310667
0.296 0.0455248 0.31175
0.297 0.0458371 0.312833
0.298 0.0461504 0.313916
0.299 0.0464649 0.314999
0.3 0.0467804 0.316083
0.301 0.0470971 0.317166
0.302 0.0474148 0.318249
0.303 0.0477336 0.319332
0.304 0.0480534 0.320416
0.305 0.0483744 0.321499
0.306 0.0486964 0.322582
0.307 0.0490196 0.323666
0.308 0.0493438 0.324749
0.309 0.0496691 0.325832
0.31 0.0499954 0.326916
0.311 0.0503229 0.327999
0.312 0.0506514 0.329082
0.313 0.0509811 0.330166
0.314 0.0513118 0.331249
0.315 0.0516436 0.332332
0.316 0.0519764 0.333416
0.317 0.0523104 0.334499
0.318 0.0526454 0.335582
0.319 0.0529815 0.336665
0.32 0.0533188 0.337749
0.321 0.053657 0.338832
0.322 0.0539964 0.339915
0.323 0.0543369 0.340998
0.324 0.0546784 0.342082
0.325 0.055021 0.343165
0.326 0.0553647 0.344248
0.327 0.0557095 0.345331
0.328 0.0560554 0.346414
0.329 0.0564024 0.347497
0.33 0.0567504 0.34858
0.331 0.0570995 0.349663
0.332 0.0574497 0.350746
0.333 0.057801 0.351829
0.334 0.0581534 0.352912
0.335 0.0585068 0.353994
0.336 0.0588614 0.355077
0.337 0.059217 0.35616
0.338 0.0595737 0.357242
0.339 0.0599315 0.358325
0.34 0.0602903 0.359407
0.341 0.0606503 0.36049
0.342 0.0610113 0.361572
0.343 0.0613734 0.362655
0.344 0.0617366 0.363737
0.345 0.0621009 0.364819
0.346 0.0624663 0.365901
0.347 0.0628327 0.366983
0.348 0.0632002 0.368065
0.349 0.0635688 0.369147
0.35 0.0639385 0.370229
0.351 0.0643093 0.371311
0.352 0.0646812 0.372393
0.353 0.0650541 0.373474
0.354 0.0654281 0.374556
0.355 0.0658032 0.375637
0.356 0.0661794 0.376719
0.357 0.0665566 0.3778
0.358 0.066935 0.378881
0.359 0.0673144 0.379962
0.36 0.0676949 0.381043
0.361 0.0680765 0.382124
0.362 0.0684591 0.383205
0.363 0.0688429 0.384285
0.364 0.0692277 0.385366
0.365 0.0696136 0.386446
0.366 0.0700006 0.387527
0.367 0.0703887 0.388607
0.368 0.0707778 0.389687
0.369 0.071168 0.390767
0.37 0.0715594 0.391847
0.371 0.0719517 0.392927
0.372 0.0723452 0.394006
0.373 0.0727398 0.395086
0.374 0.0731354 0.396165
0.375 0.0735321 0.397245
0.376 0.0739299 0.398324
0.377 0.0743287 0.399403
0.378 0.0747287 0.400482
0.379 0.0751297 0.40156
0.38 0.0755318 0.402639
0.381 0.075935 0.403717
0.382 0.0763392 0.404796
0.383 0.0767446 0.405874
0.384 0.077151 0.406952
0.385 0.0775585 0.40803
0.386 0.077967 0.409108
0.387 0.0783767 0.410185
0.388 0.0787874 0.411263
0.389 0.0791992 0.41234
0.39 0.0796121 0.413417
0.391 0.080026 0.414494
0.392 0.0804411 0.415571
0.393 0.0808572 0.416647
0.394 0.0812744 0.417724
0.395 0.0816926 0.4188
0.396 0.082112 0.419876
0.397 0.0825324 0.420952
0.398 0.0829539 0.422028
0.399 0.0833764 0.423103
0.4 0.0838001 0.424179
0.401 0.0842248 0.425254
0.402 0.0846506 0.426329
0.403 0.0850775 0.427404
0.404 0.0855054 0.428479
0.405 0.0859344 0.429553
0.406 0.0863645 0.430627
0.407 0.0867957 0.431701
0.408 0.0872279 0.432775
0.409 0.0876612 0.433849
0.41 0.0880956 0.434922
0.411 0.0885311 0.435996
0.412 0.0889676 0.437069
0.413 0.0894052 0.438142
0.414 0.0898439 0.439214
0.415 0.0902836 0.440287
0.416 0.0907245 0.441359
0.417 0.0911663 0.442431
0.418 0.0916093 0.443503
0.419 0.0920534 0.444574
0.42 0.0924985 0.445646
0.421 0.0929446 0.446717
0.422 0.0933919 0.447788
0.423 0.0938402 0.448858
0.424 0.0942896 0.449929
0.425 0.0947401 0.450999
0.426 0.0951916 0.452069
0.427 0.0956442 0.453139
0.428 0.0960979 0.454208
0.429 0.0965526 0.455277
0.43 0.0970084 0.456346
0.431 0.0974653 0.457415
0.432 0.0979233 0.458484
0.433 0.0983823 0.459552
0.434 0.0988424 0.46062
0.435 0.0993035 0.461688
0.436 0.0997658 0.462755
0.437 0.100229 0.463822
0.438 0.100693 0.464889
0.439 0.101159 0.465956
0.44 0.101625 0.467022
0.441 0.102093 0.468089
0.442 0.102561 0.469154
0.443 0.103031 0.47022
0.444 0.103502 0.471285
0.445 0.103974 0.47235
0.446 0.104447 0.473415
0.447 0.104921 0.47448
0.448 0.105396 0.475544
0.449 0.105872 0.476608
0.45 0.106349 0.477671
0.451 0.106827 0.478735
0.452 0.107306 0.479798
0.453 0.107787 0.480861
0.454 0.108268 0.481923
0.455 0.10875 0.482985
0.456 0.109234 0.484047
0.457 0.109719 0.485109
0.458 0.110204 0.48617
0.459 0.110691 0.487231
0.46 0.111179 0.488291
0.461 0.111667 0.489352
0.462 0.112157 0.490412
0.463 0.112648 0.491471
0.464 0.11314 0.492531
0.465 0.113633 0.49359
0.466 0.114127 0.494649
0.467 0.114623 0.495707
0.468 0.115119 0.496765
0.469 0.115616 0.497823
0.47 0.116115 0.49888
0.471 0.116614 0.499937
0.472 0.117114 0.500994
0.473 0.117616 0.50205
0.474 0.118119 0.503106
0.475 0.118622 0.504162
0.476 0.119127 0.505217
0.477 0.119633 0.506272
0.478 0.120139 0.507327
0.479 0.120647 0.508381
0.48 0.121156 0.509435
0.481 0.121666 0.510489
0.482 0.122177 0.511542
0.483 0.122689 0.512595
0.484 0.123202 0.513647
0.485 0.123716 0.514699
0.486 0.124232 0.515751
0.487 0.124748 0.516802
0.488 0.125265 0.517853
0.489 0.125784 0.518904
0.49 0.126303 0.519954
0.491 0.126824 0.521004
0.492 0.127345 0.522054
0.493 0.127868 0.523103
0.494 0.128391 0.524151
0.495 0.128916 0.5252
0.496 0.129442 0.526248
0.497 0.129968 0.527295
0.498 0.130496 0.528342
0.499 0.131025 0.529389
0.5 0.131555 0.530435
0.501 0.132086 0.531481
0.502 0.132618 0.532527
0.503 0.133151 0.533572
0.504 0.133685 0.534617
0.505 0.13422 0.535661
0.506 0.134757 0.536705
0.507 0.135294 0.537748
0.508 0.135832 0.538791
0.509 0.136371 0.539834
0.51 0.136912 0.540876
0.511 0.137453 0.541918
0.512 0.137996 0.542959
0.513 0.138539 0.544
0.514 0.139084 0.545041
0.515 0.139629 0.546081
0.516 0.140176 0.54712
0.517 0.140723 0.548159
0.518 0.141272 0.549198
0.519 0.141822 0.550236
0.52 0.142372 0.551274
0.521 0.142924 0.552311
0.522 0.143477 0.553348
0.523 0.144031 0.554385
0.524 0.144586 0.555421
0.525 0.145142 0.556456
0.526 0.145699 0.557491
0.527 0.146257 0.558526
0.528 0.146816 0.55956
0.529 0.147376 0.560594
0.53 0.147937 0.561627
0.531 0.148499 0.56266
0.532 0.149062 0.563692
0.533 0.149627 0.564724
0.534 0.150192 0.565755
0.535 0.150758 0.566786
0.536 0.151325 0.567816
0.537 0.151894 0.568846
0.538 0.152463 0.569875
0.539 0.153033 0.570904
0.54 0.153605 0.571932
0.541 0.154177 0.57296
0.542 0.154751 0.573988
0.543 0.155325 0.575015
0.544 0.155901 0.576041
0.545 0.156477 0.577067
0.546 0.157055 0.578092
0.547 0.157634 0.579117
0.548 0.158213 0.580141
0.549 0.158794 0.581165
0.55 0.159376 0.582188
0.551 0.159958 0.583211
0.552 0.160542 0.584233
0.553 0.161127 0.585255
0.554 0.161712 0.586276
0.555 0.162299 0.587297
0.556 0.162887 0.588317
0.557 0.163476 0.589336
0.558 0.164066 0.590355
0.559 0.164657 0.591374
0.56 0.165248 0.592392
0.561 0.165841 0.593409
0.562 0.166435 0.594426
0.563 0.16703 0.595442
0.564 0.167626 0.596458
0.565 0.168223 0.597473
0.566 0.168821 0.598488
0.567 0.16942 0.599502
0.568 0.17002 0.600516
0.569 0.170621 0.601529
0.57 0.171223 0.602541
0.571 0.171826 0.603553
0.572 0.17243 0.604564
0.573 0.173035 0.605575
0.574 0.173641 0.606585
0.575 0.174249 0.607594
0.576 0.174857 0.608603
0.577 0.175466 0.609612
0.578 0.176076 0.610619
0.579 0.176687 0.611627
0.58 0.177299 0.612633
0.581 0.177912 0.613639
0.582 0.178526 0.614645
0.583 0.179142 0.615649
0.584 0.179758 0.616654
0.585 0.180375 0.617657
0.586 0.180993 0.61866
0.587 0.181612 0.619663
0.588 0.182232 0.620664
0.589 0.182853 0.621666
0.59 0.183476 0.622666
0.591 0.184099 0.623666
0.592 0.184723 0.624665
0.593 0.185348 0.625664
0.594 0.185974 0.626662
0.595 0.186601 0.62766
0.596 0.18723 0.628656
0.597 0.187859 0.629653
0.598 0.188489 0.630648
0.599 0.18912 0.631643
0.6 0.189752 0.632637
0.601 0.190385 0.633631
0.602 0.191019 0.634624
0.603 0.191655 0.635616
0.604 0.192291 0.636608
0.605 0.192928 0.637599
0.606 0.193566 0.638589
0.607 0.194205 0.639579
0.608 0.194845 0.640568
0.609 0.195486 0.641557
0.61 0.196128 0.642544
0.611 0.196771 0.643531
0.612 0.197415 0.644518
0.613 0.19806 0.645504
0.614 0.198706 0.646489
0.615 0.199353 0.647473
0.616 0.200001 0.648457
0.617 0.20065 0.64944
0.618 0.2013 0.650422
0.619 0.201951 0.651404
0.62 0.202603 0.652385
0.621 0.203256 0.653365
0.622 0.20391 0.654345
0.623 0.204564 0.655324
0.624 0.20522 0.656302
0.625 0.205877 0.657279
0.626 0.206535 0.658256
0.627 0.207194 0.659232
0.628 0.207853 0.660207
0.629 0.208514 0.661182
0.63 0.209176 0.662156
0.631 0.209838 0.663129
0.632 0.210502 0.664102
0.633 0.211166 0.665074
0.634 0.211832 0.666045
0.635 0.212499 0.667015
0.636 0.213166 0.667985
0.637 0.213835 0.668954
0.638 0.214504 0.669922
0.639 0.215174 0.670889
0.64 0.215846 0.671856
0.641 0.216518 0.672822
0.642 0.217191 0.673787
0.643 0.217866 0.674751
0.644 0.218541 0.675715
0.645 0.219217 0.676678
0.646 0.219894 0.67764
0.647 0.220572 0.678602
0.648 0.221251 0.679562
0.649 0.221932 0.680522
0.65 0.222613 0.681482
0.651 0.223294 0.68244
0.652 0.223977 0.683398
0.653 0.224661 0.684354
0.654 0.225346 0.685311
0.655 0.226032 0.686266
0.656 0.226719 0.68722
0.657 0.227406 0.688174
0.658 0.228095 0.689127
0.659 0.228785 0.690079
0.66 0.229475 0.691031
0.661 0.230167 0.691981
0.662 0.230859 0.692931
0.663 0.231552 0.69388
0.664 0.232247 0.694828
0.665 0.232942 0.695776
0.666 0.233638 0.696722
0.667 0.234336 0.697668
0.668 0.235034 0.698613
0.669 0.235733 0.699557
0.67 0.236433 0.700501
0.671 0.237134 0.701443
0.672 0.237836 0.702385
0.673 0.238539 0.703326
0.674 0.239242 0.704266
0.675 0.239947 0.705205
0.676 0.240653 0.706144
0.677 0.241359 0.707081
0.678 0.242067 0.708018
0.679 0.242775 0.708954
0.68 0.243485 0.709889
0.681 0.244195 0.710824
0.682 0.244907 0.711757
0.683 0.245619 0.71269
0.684 0.246332 0.713621
0.685 0.247046 0.714552
0.686 0.247761 0.715482
0.687 0.248477 0.716411
0.688 0.249194 0.71734
0.689 0.249912 0.718267
0.69 0.25063 0.719194
0.691 0.25135 0.720119
0.692 0.252071 0.721044
0.693 0.252792 0.721968
0.694 0.253515 0.722891
0.695 0.254238 0.723814
0.696 0.254962 0.724735
0.697 0.255687 0.725655
0.698 0.256413 0.726575
0.699 0.257141 0.727494
0.7 0.257868 0.728412
0.701 0.258597 0.729328
0.702 0.259327 0.730244
0.703 0.260058 0.73116
0.704 0.260789 0.732074
0.705 0.261522 0.732987
0.706 0.262255 0.7339
0.707 0.26299 0.734811
0.708 0.263725 0.735722
0.709 0.264461 0.736631
0.71 0.265198 0.73754
0.711 0.265936 0.738448
0.712 0.266675 0.739355
0.713 0.267415 0.740261
0.714 0.268156 0.741166
0.715 0.268897 0.74207
0.716 0.26964 0.742973
0.717 0.270383 0.743876
0.718 0.271128 0.744777
0.719 0.271873 0.745678
0.72 0.272619 0.746577
0.721 0.273366 0.747476
0.722 0.274114 0.748373
0.723 0.274863 0.74927
0.724 0.275612 0.750166
0.725 0.276363 0.75106
0.726 0.277115 0.751954
0.727 0.277867 0.752847
0.728 0.27862 0.753739
0.729 0.279374 0.75463
0.73 0.28013 0.75552
0.731 0.280885 0.756409
0.732 0.281642 0.757297
0.733 0.2824 0.758184
0.734 0.283159 0.75907
0.735 0.283918 0.759955
0.736 0.284679 0.760839
0.737 0.28544 0.761722
0.738 0.286202 0.762604
0.739 0.286965 0.763485
0.74 0.287729 0.764365
0.741 0.288494 0.765244
0.742 0.28926 0.766123
0.743 0.290026 0.767
0.744 0.290794 0.767876
0.745 0.291562 0.768751
0.746 0.292331 0.769625
0.747 0.293101 0.770498
0.748 0.293872 0.77137
0.749 0.294644 0.772242
0.75 0.295417 0.773112
0.751 0.29619 0.773981
0.752 0.296964 0.774849
0.753 0.29774 0.775716
0.754 0.298516 0.776582
0.755 0.299293 0.777447
0.756 0.300071 0.778311
0.757 0.30085 0.779173
0.758 0.301629 0.780035
0.759 0.30241 0.780896
0.76 0.303191 0.781756
0.761 0.303973 0.782615
0.762 0.304756 0.783472
0.763 0.30554 0.784329
0.764 0.306325 0.785184
0.765 0.30711 0.786039
0.766 0.307897 0.786892
0.767 0.308684 0.787745
0.768 0.309472 0.788596
0.769 0.310261 0.789446
0.77 0.311051 0.790295
0.771 0.311842 0.791144
0.772 0.312634 0.791991
0.773 0.313426 0.792837
0.774 0.314219 0.793681
0.775 0.315013 0.794525
0.776 0.315808 0.795368
0.777 0.316604 0.79621
0.778 0.317401 0.79705
0.779 0.318198 0.79789
0.78 0.318996 0.798728
0.781 0.319796 0.799565
0.782 0.320596 0.800401
0.783 0.321396 0.801236
0.784 0.322198 0.80207
0.785 0.323001 0.802903
0.786 0.323804 0.803735
0.787 0.324608 0.804565
0.788 0.325413 0.805395
0.789 0.326219 0.806223
0.79 0.327025 0.80705
0.791 0.327833 0.807877
0.792 0.328641 0.808702
0.793 0.32945 0.809525
0.794 0.33026 0.810348
0.795 0.331071 0.81117
0.796 0.331883 0.81199
0.797 0.332695 0.81281
0.798 0.333508 0.813628
0.799 0.334322 0.814445
0.8 0.335137 0.815261
0.801 0.335953 0.816075
0.802 0.336769 0.816889
0.803 0.337587 0.817701
0.804 0.338405 0.818513
0.805 0.339224 0.819323
0.806 0.340043 0.820132
0.807 0.340864 0.820939
0.808 0.341685 0.821746
0.809 0.342507 0.822551
0.81 0.34333 0.823356
0.811 0.344154 0.824159
0.812 0.344979 0.824961
0.813 0.345804 0.825761
0.814 0.34663 0.826561
0.815 0.347457 0.827359
0.816 0.348285 0.828156
0.817 0.349113 0.828952
0.818 0.349943 0.829747
0.819 0.350773 0.830541
0.82 0.351604 0.831333
0.821 0.352436 0.832124
0.822 0.353268 0.832914
0.823 0.354101 0.833703
0.824 0.354936 0.834491
0.825 0.35577 0.835277
0.826 0.356606 0.836062
0.827 0.357443 0.836846
0.828 0.35828 0.837629
0.829 0.359118 0.83841
0.83 0.359957 0.83919
0.831 0.360796 0.839969
0.832 0.361637 0.840747
0.833 0.362478 0.841524
0.834 0.36332 0.842299
0.835 0.364162 0.843073
0.836 0.365006 0.843846
0.837 0.36585 0.844617
0.838 0.366695 0.845388
0.839 0.367541 0.846157
0.84 0.368387 0.846925
0.841 0.369235 0.847691
0.842 0.370083 0.848457
0.843 0.370931 0.849221
0.844 0.371781 0.849983
0.845 0.372631 0.850745
0.846 0.373483 0.851505
0.847 0.374334 0.852264
0.848 0.375187 0.853022
0.849 0.37604 0.853778
0.85 0.376895 0.854533
0.851 0.37775 0.855287
0.852 0.378605 0.85604
0.853 0.379462 0.856791
0.854 0.380319 0.857541
0.855 0.381177 0.85829
0.856 0.382035 0.859037
0.857 0.382895 0.859783
0.858 0.383755 0.860528
0.859 0.384616 0.861272
0.86 0.385478 0.862014
0.861 0.38634 0.862755
0.862 0.387203 0.863495
0.863 0.388067 0.864233
0.864 0.388931 0.86497
0.865 0.389797 0.865706
0.866 0.390663 0.86644
0.867 0.39153 0.867173
0.868 0.392397 0.867905
0.869 0.393266 0.868635
0.87 0.394135 0.869364
0.871 0.395004 0.870092
0.872 0.395875 0.870818
0.873 0.396746 0.871543
0.874 0.397618 0.872267
0.875 0.39849 0.872989
0.876 0.399364 0.87371
0.877 0.400238 0.87443
0.878 0.401113 0.875148
0.879 0.401988 0.875865
0.88 0.402864 0.87658
0.881 0.403741 0.877295
0.882 0.404619 0.878007
0.883 0.405497 0.878719
0.884 0.406376 0.879429
0.885 0.407256 0.880138
0.886 0.408137 0.880845
0.887 0.409018 0.881551
0.888 0.4099 0.882256
0.889 0.410782 0.882959
0.89 0.411666 0.883661
0.891 0.41255 0.884361
0.892 0.413434 0.88506
0.893 0.41432 0.885758
0.894 0.415206 0.886454
0.895 0.416093 0.887149
0.896 0.41698 0.887843
0.897 0.417868 0.888535
0.898 0.418757 0.889225
0.899 0.419647 0.889915
0.9 0.420537 0.890603
0.901 0.421428 0.891289
0.902 0.42232 0.891974
0.903 0.423212 0.892658
0.904 0.424105 0.89334
0.905 0.424999 0.894021
0.906 0.425893 0.8947
0.907 0.426788 0.895378
0.908 0.427684 0.896054
0.909 0.42858 0.896729
0.91 0.429477 0.897403
0.911 0.430375 0.898075
0.912 0.431273 0.898746
0.913 0.432172 0.899415
0.914 0.433072 0.900083
0.915 0.433973 0.90075
0.916 0.434874 0.901414
0.917 0.435775 0.902078
0.918 0.436678 0.90274
0.919 0.437581 0.903401
0.92 0.438485 0.90406
0.921 0.439389 0.904717
0.922 0.440294 0.905373
0.923 0.4412 0.906028
0.924 0.442106 0.906681
0.925 0.443013 0.907333
0.926 0.443921 0.907983
0.927 0.444829 0.908632
0.928 0.445738 0.90928
0.929 0.446648 0.909925
0.93 0.447558 0.91057
0.931 0.448469 0.911213
0.932 0.44938 0.911854
0.933 0.450293 0.912494
0.934 0.451205 0.913132
0.935 0.452119 0.913769
0.936 0.453033 0.914404
0.937 0.453948 0.915038
0.938 0.454863 0.91567
0.939 0.455779 0.916301
0.94 0.456696 0.916931
0.941 0.457613 0.917558
0.942 0.458531 0.918185
0.943 0.459449 0.918809
0.944 0.460368 0.919433
0.945 0.461288 0.920054
0.946 0.462208 0.920674
0.947 0.463129 0.921293
0.948 0.464051 0.92191
0.949 0.464973 0.922526
0.95 0.465896 0.92314
0.951 0.46682 0.923752
0.952 0.467744 0.924363
0.953 0.468668 0.924972
0.954 0.469594 0.92558
0.955 0.470519 0.926186
0.956 0.471446 0.926791
0.957 0.472373 0.927394
0.958 0.473301 0.927996
0.959 0.474229 0.928596
0.96 0.475158 0.929194
0.961 0.476087 0.929791
0.962 0.477017 0.930387
0.963 0.477948 0.93098
0.964 0.478879 0.931572
0.965 0.479811 0.932163
0.966 0.480744 0.932752
0.967 0.481677 0.933339
0.968 0.48261 0.933925
0.969 0.483545 0.934509
0.97 0.484479 0.935092
0.971 0.485415 0.935673
0.972 0.486351 0.936253
0.973 0.487287 0.93683
0.974 0.488224 0.937407
0.975 0.489162 0.937981
0.976 0.4901 0.938554
0.977 0.491039 0.939126
0.978 0.491979 0.939695
0.979 0.492919 0.940264
0.98 0.493859 0.94083
0.981 0.4948 0.941395
0.982 0.495742 0.941958
0.983 0.496684 0.94252
0.984 0.497627 0.94308
0.985 0.49857 0.943638
0.986 0.499514 0.944195
0.987 0.500459 0.94475
0.988 0.501404 0.945304
0.989 0.502349 0.945856
0.99 0.503296 0.946406
0.991 0.504242 0.946955
0.992 0.505189 0.947501
0.993 0.506137 0.948047
0.994 0.507086 0.94859
0.995 0.508034 0.949132
0.996 0.508984 0.949673
0.997 0.509934 0.950211
0.998 0.510884 0.950748
0.999 0.511835 0.951283
1 0.512787 0.951817
1.001 0.513739 0.952349
1.002 0.514691 0.952879
1.003 0.515645 0.953408
1.004 0.516598 0.953935
1.005 0.517552 0.95446
1.006 0.518507 0.954983
1.007 0.519462 0.955505
1.008 0.520418 0.956025
1.009 0.521374 0.956544
1.01 0.522331 0.957061
1.011 0.523289 0.957576
1.012 0.524246 0.958089
1.013 0.525205 0.958601
1.014 0.526164 0.959111
1.015 0.527123 0.959619
1.016 0.528083 0.960125
1.017 0.529043 0.96063
1.018 0.530004 0.961133
1.019 0.530966 0.961635
1.02 0.531927 0.962134
1.021 0.53289 0.962632
1.022 0.533853 0.963128
1.023 0.534816 0.963623
1.024 0.53578 0.964115
1.025 0.536744 0.964606
1.026 0.537709 0.965096
1.027 0.538674 0.965583
1.028 0.53964 0.966069
1.029 0.540607 0.966553
1.03 0.541573 0.967035
1.031 0.542541 0.967516
1.032 0.543508 0.967995
1.033 0.544477 0.968472
1.034 0.545445 0.968947
1.035 0.546415 0.96942
1.036 0.547384 0.969892
1.037 0.548354 0.970362
1.038 0.549325 0.97083
1.039 0.550296 0.971296
1.04 0.551268 0.971761
1.041 0.55224 0.972224
1.042 0.553212 0.972685
1.043 0.554185 0.973144
1.044 0.555158 0.973602
1.045 0.556132 0.974058
1.046 0.557106 0.974512
1.047 0.558081 0.974964
1.048 0.559056 0.975414
1.049 0.560032 0.975863
1.05 0.561008 0.976309
1.051 0.561985 0.976754
1.052 0.562962 0.977197
1.053 0.563939 0.977639
1.054 0.564917 0.978078
1.055 0.565895 0.978516
1.056 0.566874 0.978952
1.057 0.567853 0.979386
1.058 0.568833 0.979818
1.059 0.569813 0.980249
1.06 0.570793 0.980677
1.061 0.571774 0.981104
1.062 0.572755 0.981529
1.063 0.573737 0.981952
1.064 0.574719 0.982373
1.065 0.575702 0.982793
1.066 0.576685 0.98321
1.067 0.577668 0.983626
1.068 0.578652 0.98404
1.069 0.579636 0.984452
1.07 0.580621 0.984862
1.071 0.581606 0.985271
1.072 0.582592 0.985677
1.073 0.583577 0.986082
1.074 0.584564 0.986485
1.075 0.58555 0.986886
1.076 0.586537 0.987285
1.077 0.587525 0.987682
1.078 0.588513 0.988077
1.079 0.589501 0.988471
1.08 0.59049 0.988862
1.081 0.591479 0.989252
1.082 0.592468 0.98964
1.083 0.593458 0.990026
1.084 0.594448 0.99041
1.085 0.595439 0.990792
1.086 0.59643 0.991172
1.087 0.597421 0.99155
1.088 0.598413 0.991927
1.089 0.599405 0.992302
1.09 0.600398 0.992674
1.091 0.60139 0.993045
1.092 0.602384 0.993414
1.093 0.603377 0.993781
1.094 0.604371 0.994146
1.095 0.605366 0.994509
1.096 0.60636 0.99487
1.097 0.607355 0.995229
1.098 0.608351 0.995587
1.099 0.609347 0.995942
1.1 0.610343 0.996296
1.101 0.611339 0.996647
1.102 0.612336 0.996997
1.103 0.613333 0.997345
1.104 0.614331 0.997691
1.105 0.615328 0.998034
1.106 0.616327 0.998376
1.107 0.617325 0.998716
1.108 0.618324 0.999054
1.109 0.619323 0.99939
1.11 0.620323 0.999725
1.111 0.621323 1.00006
1.112 0.622323 1.00039
1.113 0.623324 1.00072
1.114 0.624324 1.00104
1.115 0.625326 1.00137
1.116 0.626327 1.00169
1.117 0.627329 1.00201
1.118 0.628331 1.00233
1.119 0.629334 1.00264
1.12 0.630336 1.00296
1.121 0.63134 1.00327
1.122 0.632343 1.00358
1.123 0.633347 1.00389
1.124 0.634351 1.0042
1.125 0.635355 1.0045
1.126 0.63636 1.0048
1.127 0.637365 1.0051
1.128 0.63837 1.0054
1.129 0.639376 1.0057
1.13 0.640381 1.00599
1.131 0.641388 1.00629
1.132 0.642394 1.00658
1.133 0.643401 1.00687
1.134 0.644408 1.00715
1.135 0.645415 1.00744
1.136 0.646423 1.00772
1.137 0.64743 1.008
1.138 0.648439 1.00828
1.139 0.649447 1.00855
1.14 0.650456 1.00883
1.141 0.651465 1.0091
1.142 0.652474 1.00937
1.143 0.653483 1.00964
1.144 0.654493 1.00991
1.145 0.655503 1.01017
1.146 0.656514 1.01043
1.147 0.657524 1.01069
1.148 0.658535 1.01095
1.149 0.659546 1.01121
1.15 0.660557 1.01146
1.151 0.661569 1.01171
1.152 0.662581 1.01196
1.153 0.663593 1.01221
1.154 0.664605 1.01246
1.155 0.665618 1.0127
1.156 0.666631 1.01294
1.157 0.667644 1.01318
1.158 0.668657 1.01342
1.159 0.66967 1.01366
1.16 0.670684 1.01389
1.161 0.671698 1.01412
1.162 0.672712 1.01435
1.163 0.673727 1.01458
1.164 0.674742 1.0148
1.165 0.675757 1.01503
1.166 0.676772 1.01525
1.167 0.677787 1.01547
1.168 0.678803 1.01568
1.169 0.679818 1.0159
1.17 0.680834 1.01611
1.171 0.681851 1.01632
1.172 0.682867 1.01653
1.173 0.683884 1.01673
1.174 0.684901 1.01694
1.175 0.685918 1.01714
1.176 0.686935 1.01734
1.177 0.687952 1.01754
1.178 0.68897 1.01773
1.179 0.689988 1.01793
1.18 0.691006 1.01812
1.181 0.692024 1.01831
1.182 0.693042 1.0185
1.183 0.694061 1.01868
1.184 0.69508 1.01886
1.185 0.696099 1.01905
1.186 0.697118 1.01922
1.187 0.698137 1.0194
1.188 0.699157 1.01957
1.189 0.700176 1.01975
1.19 0.701196 1.01992
1.191 0.702216 1.02009
1.192 0.703236 1.02025
1.193 0.704257 1.02041
1.194 0.705277 1.02058
1.195 0.706298 1.02074
1.196 0.707319 1.02089
1.197 0.70834 1.02105
1.198 0.709361 1.0212
1.199 0.710382 1.02135
1.2 0.711403 1.0215
1.201 0.712425 1.02165
1.202 0.713447 1.02179
1.203 0.714469 1.02193
1.204 0.715491 1.02207
1.205 0.716513 1.02221
1.206 0.717535 1.02235
1.207 0.718557 1.02248
1.208 0.71958 1.02261
1.209 0.720603 1.02274
1.21 0.721625 1.02287
1.211 0.722648 1.02299
1.212 0.723671 1.02311
1.213 0.724695 1.02323
1.214 0.725718 1.02335
1.215 0.726741 1.02347
1.216 0.727765 1.02358
1.217 0.728788 1.02369
1.218 0.729812 1.0238
1.219 0.730836 1.02391
1.22 0.73186 1.02401
1.221 0.732884 1.02412
1.222 0.733908 1.02422
1.223 0.734932 1.02431
1.224 0.735957 1.02441
1.225 0.736981 1.0245
1.226 0.738006 1.0246
1.227 0.73903 1.02468
1.228 0.740055 1.02477
1.229 0.74108 1.02486
1.23 0.742105 1.02494
1.231 0.74313 1.02502
1.232 0.744155 1.0251
1.233 0.74518 1.02517
1.234 0.746205 1.02525
1.235 0.747231 1.02532
1.236 0.748256 1.02539
1.237 0.749281 1.02545
1.238 0.750307 1.02552
1.239 0.751332 1.02558
1.24 0.752358 1.02564
1.241 0.753384 1.0257
1.242 0.754409 1.02575
1.243 0.755435 1.02581
1.244 0.756461 1.02586
1.245 0.757487 1.02591
1.246 0.758513 1.02595
1.247 0.759539 1.026
1.248 0.760565 1.02604
1.249 0.761591 1.02608
1.25 0.762617 1.02612
1.251 0.763643 1.02615
1.252 0.764669 1.02618
1.253 0.765695 1.02621
1.254 0.766722 1.02624
1.255 0.767748 1.02627
1.256 0.768774 1.02629
1.257 0.769801 1.02631
1.258 0.770827 1.02633
1.259 0.771853 1.02635
1.26 0.77288 1.02636
1.261 0.773906 1.02637
1.262 0.774932 1.02638
1.263 0.775959 1.02639
1.264 0.776985 1.0264
1.265 0.778011 1.0264
1.266 0.779038 1.0264
1.267 0.780064 1.0264
1.268 0.781091 1.02639
1.269 0.782117 1.02639
1.27 0.783143 1.02638
1.271 0.78417 1.02637
1.272 0.785196 1.02635
1.273 0.786223 1.02634
1.274 0.787249 1.02632
1.275 0.788275 1.0263
1.276 0.789301 1.02628
1.277 0.790328 1.02625
1.278 0.791354 1.02622
1.279 0.79238 1.02619
1.28 0.793406 1.02616
1.281 0.794433 1.02613
1.282 0.795459 1.02609
1.283 0.796485 1.02605
1.284 0.797511 1.02601
1.285 0.798537 1.02597
1.286 0.799563 1.02592
1.287 0.800589 1.02587
1.288 0.801614 1.02582
1.289 0.80264 1.02577
1.29 0.803666 1.02571
1.291 0.804692 1.02565
1.292 0.805717 1.02559
1.293 0.806743 1.02553
1.294 0.807768 1.02546
1.295 0.808794 1.0254
1.296 0.809819 1.02533
1.297 0.810844 1.02525
1.298 0.81187 1.02518
1.299 0.812895 1.0251
1.3 0.81392 1.02502
1.301 0.814945 1.02494
1.302 0.81597 1.02486
1.303 0.816994 1.02477
1.304 0.818019 1.02468
1.305 0.819044 1.02459
1.306 0.820068 1.02449
1.307 0.821093 1.0244
1.308 0.822117 1.0243
1.309 0.823141 1.0242
1.31 0.824166 1.02409
1.311 0.82519 1.02399
1.312 0.826214 1.02388
1.313 0.827237 1.02377
1.314 0.828261 1.02366
1.315 0.829285 1.02354
1.316 0.830308 1.02342
1.317 0.831332 1.0233
1.318 0.832355 1.02318
1.319 0.833378 1.02305
1.32 0.834401 1.02293
1.321 0.835424 1.0228
1.322 0.836446 1.02266
1.323 0.837469 1.02253
1.324 0.838492 1.02239
1.325 0.839514 1.02225
1.326 0.840536 1.02211
1.327 0.841558 1.02196
1.328 0.84258 1.02182
1.329 0.843602 1.02167
1.33 0.844623 1.02151
1.331 0.845645 1.02136
1.332 0.846666 1.0212
1.333 0.847687 1.02104
1.334 0.848708 1.02088
1.335 0.849729 1.02072
1.336 0.85075 1.02055
1.337 0.85177 1.02038
1.338 0.85279 1.02021
1.339 0.85381 1.02003
1.34 0.85483 1.01986
1.341 0.85585 1.01968
1.342 0.85687 1.01949
1.343 0.857889 1.01931
1.344 0.858908 1.01912
1.345 0.859927 1.01893
1.346 0.860946 1.01874
1.347 0.861965 1.01855
1.348 0.862983 1.01835
1.349 0.864002 1.01815
1.35 0.86502 1.01795
1.351 0.866037 1.01775
1.352 0.867055 1.01754
1.353 0.868073 1.01733
1.354 0.86909 1.01712
1.355 0.870107 1.0169
1.356 0.871124 1.01669
1.357 0.87214 1.01647
1.358 0.873156 1.01625
1.359 0.874173 1.01602
1.36 0.875189 1.0158
1.361 0.876204 1.01557
1.362 0.87722 1.01534
1.363 0.878235 1.0151
1.364 0.87925 1.01486
1.365 0.880265 1.01463
1.366 0.881279 1.01438
1.367 0.882293 1.01414
1.368 0.883307 1.01389
1.369 0.884321 1.01364
1.37 0.885335 1.01339
1.371 0.886348 1.01314
1.372 0.887361 1.01288
1.373 0.888374 1.01262
1.374 0.889386 1.01236
1.375 0.890398 1.01209
1.376 0.89141 1.01183
1.377 0.892422 1.01156
1.378 0.893434 1.01128
1.379 0.894445 1.01101
1.38 0.895456 1.01073
1.381 0.896466 1.01045
1.382 0.897476 1.01017
1.383 0.898486 1.00988
1.384 0.899496 1.0096
1.385 0.900506 1.00931
1.386 0.901515 1.00901
1.387 0.902524 1.00872
1.388 0.903532 1.00842
1.389 0.904541 1.00812
1.39 0.905548 1.00782
1.391 0.906556 1.00751
1.392 0.907564 1.0072
1.393 0.908571 1.00689
1.394 0.909577 1.00658
1.395 0.910584 1.00626
1.396 0.91159 1.00595
1.397 0.912596 1.00563
1.398 0.913601 1.0053
1.399 0.914606 1.00498
1.4 0.915611 1.00465
1.401 0.916616 1.00432
1.402 0.91762 1.00398
1.403 0.918623 1.00365
1.404 0.919627 1.00331
1.405 0.92063 1.00297
1.406 0.921633 1.00262
1.407 0.922635 1.00227
1.408 0.923637 1.00192
1.409 0.924639 1.00157
1.41 0.925641 1.00122
1.411 0.926642 1.00086
1.412 0.927642 1.0005
1.413 0.928643 1.00014
1.414 0.929643 0.999773
1.415 0.930642 0.999405
1.416 0.931641 0.999035
1.417 0.93264 0.998662
1.418 0.933639 0.998287
1.419 0.934637 0.997908
1.42 0.935635 0.997528
1.421 0.936632 0.997144
1.422 0.937629 0.996758
1.423 0.938625 0.99637
1.424 0.939622 0.995978
1.425 0.940617 0.995584
1.426 0.941613 0.995188
1.427 0.942608 0.994789
1.428 0.943602 0.994387
1.429 0.944596 0.993982
1.43 0.94559 0.993575
1.431 0.946584 0.993166
1.432 0.947577 0.992753
1.433 0.948569 0.992338
1.434 0.949561 0.99192
1.435 0.950553 0.9915
1.436 0.951544 0.991077
1.437 0.952535 0.990652
1.438 0.953526 0.990223
1.439 0.954516 0.989792
1.44 0.955505 0.989359
1.441 0.956494 0.988923
1.442 0.957483 0.988484
1.443 0.958471 0.988042
1.444 0.959459 0.987598
1.445 0.960446 0.987151
1.446 0.961433 0.986702
1.447 0.96242 0.986249
1.448 0.963406 0.985794
1.449 0.964391 0.985337
1.45 0.965377 0.984877
1.451 0.966361 0.984414
1.452 0.967345 0.983948
1.453 0.968329 0.98348
1.454 0.969312 0.983009
1.455 0.970295 0.982536
1.456 0.971277 0.982059
1.457 0.972259 0.98158
1.458 0.973241 0.981099
1.459 0.974221 0.980614
1.46 0.975202 0.980127
1.461 0.976182 0.979638
1.462 0.977161 0.979145
1.463 0.97814 0.97865
1.464 0.979118 0.978152
1.465 0.980096 0.977652
1.466 0.981074 0.977149
1.467 0.982051 0.976643
1.468 0.983027 0.976134
1.469 0.984003 0.975623
1.47 0.984978 0.975109
1.471 0.985953 0.974592
1.472 0.986927 0.974073
1.473 0.987901 0.973551
1.474 0.988875 0.973026
1.475 0.989847 0.972498
1.476 0.99082 0.971968
1.477 0.991791 0.971435
1.478 0.992762 0.970899
1.479 0.993733 0.970361
1.48 0.994703 0.96982
1.481 0.995673 0.969276
1.482 0.996642 0.96873
1.483 0.99761 0.96818
1.484 0.998578 0.967628
1.485 0.999545 0.967074
1.486 1.00051 0.966516
1.487 1.00148 0.965956
1.488 1.00244 0.965393
1.489 1.00341 0.964827
1.49 1.00437 0.964259
1.491 1.00534 0.963688
1.492 1.0063 0.963114
1.493 1.00726 0.962537
1.494 1.00823 0.961958
1.495 1.00919 0.961376
1.496 1.01015 0.960791
1.497 1.01111 0.960204
1.498 1.01207 0.959613
1.499 1.01303 0.95902
1.5 1.01399 0.958424
1.501 1.01495 0.957826
1.502 1.0159 0.957224
1.503 1.01686 0.95662
1.504 1.01782 0.956014
1.505 1.01877 0.955404
1.506 1.01973 0.954792
1.507 1.02068 0.954177
1.508 1.02164 0.953559
1.509 1.02259 0.952938
1.51 1.02354 0.952315
1.511 1.02449 0.951689
1.512 1.02544 0.95106
1.513 1.0264 0.950428
1.514 1.02735 0.949794
1.515 1.0283 0.949156
1.516 1.02924 0.948516
1.517 1.03019 0.947874
1.518 1.03114 0.947228
1.519 1.03209 0.94658
1.52 1.03303 0.945929
1.521 1.03398 0.945275
1.522 1.03492 0.944618
1.523 1.03587 0.943959
1.524 1.03681 0.943297
1.525 1.03775 0.942632
1.526 1.0387 0.941964
1.527 1.03964 0.941293
1.528 1.04058 0.94062
1.529 1.04152 0.939944
1.53 1.04246 0.939265
1.531 1.0434 0.938583
1.532 1.04434 0.937899
1.533 1.04527 0.937211
1.534 1.04621 0.936521
1.535 1.04715 0.935828
1.536 1.04808 0.935133
1.537 1.04902 0.934434
1.538 1.04995 0.933733
1.539 1.05088 0.933029
1.54 1.05182 0.932322
1.541 1.05275 0.931612
1.542 1.05368 0.9309
1.543 1.05461 0.930184
1.544 1.05554 0.929466
1.545 1.05647 0.928745
1.546 1.0574 0.928022
1.547 1.05833 0.927295
1.548 1.05925 0.926566
1.549 1.06018 0.925834
1.55 1.0611 0.925099
1.551 1.06203 0.924361
1.552 1.06295 0.92362
1.553 1.06388 0.922877
1.554 1.0648 0.92213
1.555 1.06572 0.921381
1.556 1.06664 0.920629
1.557 1.06756 0.919875
1.558 1.06848 0.919117
1.559 1.0694 0.918357
1.56 1.07032 0.917593
1.561 1.07124 0.916827
1.562 1.07215 0.916058
1.563 1.07307 0.915287
1.564 1.07398 0.914512
1.565 1.0749 0.913735
1.566 1.07581 0.912955
1.567 1.07672 0.912172
1.568 1.07763 0.911386
1.569 1.07855 0.910597
1.57 1.07946 0.909805
1.571 1.08036 0.909011
1.572 1.08127 0.908214
1.573 1.08218 0.907414
1.574 1.08309 0.906611
1.575 1.08399 0.905805
1.576 1.0849 0.904996
1.577 1.0858 0.904185
1.578 1.08671 0.90337
1.579 1.08761 0.902553
1.58 1.08851 0.901733
1.581 1.08941 0.90091
1.582 1.09032 0.900085
1.583 1.09121 0.899256
1.584 1.09211 0.898425
1.585 1.09301 0.89759
1.586 1.09391 0.896753
1.587 1.09481 0.895913
1.588 1.0957 0.89507
1.589 1.0966 0.894225
1.59 1.09749 0.893376
1.591 1.09838 0.892525
1.592 1.09927 0.89167
1.593 1.10017 0.890813
1.594 1.10106 0.889953
1.595 1.10195 0.88909
1.596 1.10283 0.888224
1.597 1.10372 0.887356
1.598 1.10461 0.886484
1.599 1.10549 0.88561
1.6 1.10638 0.884733
1.601 1.10726 0.883852
1.602 1.10815 0.882969
1.603 1.10903 0.882084
1.604 1.10991 0.881195
1.605 1.11079 0.880303
1.606 1.11167 0.879409
1.607 1.11255 0.878511
1.608 1.11343 0.877611
1.609 1.11431 0.876708
1.61 1.11518 0.875802
1.611 1.11606 0.874893
1.612 1.11693 0.873981
1.613 1.11781 0.873066
1.614 1.11868 0.872149
1.615 1.11955 0.871228
1.616 1.12042 0.870305
1.617 1.12129 0.869379
1.618 1.12216 0.86845
1.619 1.12303 0.867518
1.62 1.1239 0.866583
1.621 1.12476 0.865645
1.622 1.12563 0.864704
1.623 1.12649 0.863761
1.624 1.12735 0.862814
1.625 1.12822 0.861865
1.626 1.12908 0.860913
1.627 1.12994 0.859957
1.628 1.1308 0.858999
1.629 1.13166 0.858038
1.63 1.13251 0.857074
1.631 1.13337 0.856108
1.632 1.13423 0.855138
1.633 1.13508 0.854165
1.634 1.13593 0.85319
1.635 1.13679 0.852212
1.636 1.13764 0.85123
1.637 1.13849 0.850246
1.638 1.13934 0.849259
1.639 1.14019 0.848269
1.64 1.14104 0.847276
1.641 1.14188 0.84628
1.642 1.14273 0.845282
1.643 1.14357 0.84428
1.644 1.14442 0.843275
1.645 1.14526 0.842268
1.646 1.1461 0.841258
1.647 1.14694 0.840244
1.648 1.14778 0.839228
1.649 1.14862 0.838209
1.65 1.14946 0.837187
1.651 1.15029 0.836162
1.652 1.15113 0.835134
1.653 1.15197 0.834103
1.654 1.1528 0.83307
1.655 1.15363 0.832033
1.656 1.15446 0.830993
1.657 1.15529 0.829951
1.658 1.15612 0.828906
1.659 1.15695 0.827857
1.66 1.15778 0.826806
1.661 1.1586 0.825752
1.662 1.15943 0.824695
1.663 1.16025 0.823635
1.664 1.16108 0.822572
1.665 1.1619 0.821506
1.666 1.16272 0.820437
1.667 1.16354 0.819365
1.668 1.16436 0.818291
1.669 1.16518 0.817213
1.67 1.16599 0.816133
1.671 1.16681 0.815049
1.672 1.16762 0.813963
1.673 1.16844 0.812874
1.674 1.16925 0.811781
1.675 1.17006 0.810686
1.676 1.17087 0.809588
1.677 1.17168 0.808487
1.678 1.17249 0.807383
1.679 1.17329 0.806276
1.68 1.1741 0.805166
1.681 1.1749 0.804053
1.682 1.17571 0.802938
1.683 1.17651 0.801819
1.684 1.17731 0.800697
1.685 1.17811 0.799573
1.686 1.17891 0.798445
1.687 1.17971 0.797315
1.688 1.18051 0.796182
1.689 1.1813 0.795045
1.69 1.1821 0.793906
1.691 1.18289 0.792764
1.692 1.18368 0.791619
1.693 1.18447 0.790471
1.694 1.18526 0.78932
1.695 1.18605 0.788166
1.696 1.18684 0.787009
1.697 1.18762 0.785849
1.698 1.18841 0.784686
1.699 1.18919 0.78352
1.7 1.18998 0.782351
1.701 1.19076 0.78118
1.702 1.19154 0.780005
1.703 1.19232 0.778828
1.704 1.1931 0.777647
1.705 1.19387 0.776464
1.706 1.19465 0.775277
1.707 1.19542 0.774088
1.708 1.1962 0.772896
1.709 1.19697 0.7717
1.71 1.19774 0.770502
1.711 1.19851 0.769301
1.712 1.19928 0.768097
1.713 1.20005 0.76689
1.714 1.20081 0.76568
1.715 1.20158 0.764467
1.716 1.20234 0.763251
1.717 1.20311 0.762032
1.718 1.20387 0.76081
1.719 1.20463 0.759585
1.72 1.20539 0.758357
1.721 1.20614 0.757127
1.722 1.2069 0.755893
1.723 1.20766 0.754656
1.724 1.20841 0.753417
1.725 1.20916 0.752174
1.726 1.20991 0.750929
1.727 1.21066 0.74968
1.728 1.21141 0.748429
1.729 1.21216 0.747174
1.73 1.21291 0.745917
1.731 1.21365 0.744657
1.732 1.2144 0.743393
1.733 1.21514 0.742127
1.734 1.21588 0.740858
1.735 1.21662 0.739586
1.736 1.21736 0.73831
1.737 1.2181 0.737032
1.738 1.21883 0.735751
1.739 1.21957 0.734467
1.74 1.2203 0.73318
1.741 1.22104 0.73189
1.742 1.22177 0.730597
1.743 1.2225 0.729302
1.744 1.22323 0.728003
1.745 1.22395 0.726701
1.746 1.22468 0.725396
1.747 1.2254 0.724088
1.748 1.22613 0.722778
1.749 1.22685 0.721464
1.75 1.22757 0.720147
1.751 1.22829 0.718828
1.752 1.22901 0.717505
1.753 1.22972 0.71618
1.754 1.23044 0.714851
1.755 1.23115 0.71352
1.756 1.23187 0.712185
1.757 1.23258 0.710848
1.758 1.23329 0.709507
1.759 1.234 0.708164
1.76 1.23471 0.706818
1.761 1.23541 0.705468
1.762 1.23612 0.704116
1.763 1.23682 0.702761
1.764 1.23752 0.701403
1.765 1.23822 0.700041
1.766 1.23892 0.698677
1.767 1.23962 0.69731
1.768 1.24032 0.69594
1.769 1.24101 0.694567
1.77 1.24171 0.693191
1.771 1.2424 0.691812
1.772 1.24309 0.69043
1.773 1.24378 0.689045
1.774 1.24447 0.687657
1.775 1.24515 0.686266
1.776 1.24584 0.684873
1.777 1.24652 0.683476
1.778 1.24721 0.682076
1.779 1.24789 0.680673
1.78 1.24857 0.679267
1.781 1.24925 0.677859
1.782 1.24992 0.676447
1.783 1.2506 0.675032
1.784 1.25127 0.673615
1.785 1.25195 0.672194
1.786 1.25262 0.670771
1.787 1.25329 0.669344
1.788 1.25396 0.667915
1.789 1.25462 0.666482
1.79 1.25529 0.665047
1.791 1.25595 0.663608
1.792 1.25662 0.662167
1.793 1.25728 0.660723
1.794 1.25794 0.659275
1.795 1.2586 0.657825
1.796 1.25925 0.656372
1.797 1.25991 0.654915
1.798 1.26056 0.653456
1.799 1.26122 0.651994
1.8 1.26187 0.650529
1.801 1.26252 0.649061
1.802 1.26317 0.64759
1.803 1.26381 0.646116
1.804 1.26446 0.644639
1.805 1.2651 0.643159
1.806 1.26575 0.641676
1.807 1.26639 0.64019
1.808 1.26703 0.638701
1.809 1.26766 0.637209
1.81 1.2683 0.635714
1.811 1.26893 0.634216
1.812 1.26957 0.632715
1.813 1.2702 0.631212
1.814 1.27083 0.629705
1.815 1.27146 0.628195
1.816 1.27209 0.626682
1.817 1.27271 0.625167
1.818 1.27334 0.623648
1.819 1.27396 0.622127
1.82 1.27458 0.620602
1.821 1.2752 0.619075
1.822 1.27582 0.617544
1.823 1.27644 0.616011
1.824 1.27705 0.614474
1.825 1.27767 0.612935
1.826 1.27828 0.611392
1.827 1.27889 0.609847
1.828 1.2795 0.608299
1.829 1.2801 0.606748
1.83 1.28071 0.605193
1.831 1.28132 0.603636
1.832 1.28192 0.602076
1.833 1.28252 0.600513
1.834 1.28312 0.598947
1.835 1.28372 0.597378
1.836 1.28431 0.595806
1.837 1.28491 0.594231
1.838 1.2855 0.592653
1.839 1.28609 0.591072
1.84 1.28668 0.589488
1.841 1.28727 0.587901
1.842 1.28786 0.586311
1.843 1.28845 0.584719
1.844 1.28903 0.583123
1.845 1.28961 0.581524
1.846 1.29019 0.579922
1.847 1.29077 0.578318
1.848 1.29135 0.57671
1.849 1.29193 0.5751
1.85 1.2925 0.573486
1.851 1.29307 0.57187
1.852 1.29364 0.57025
1.853 1.29421 0.568628
1.854 1.29478 0.567003
1.855 1.29535 0.565374
1.856 1.29591 0.563743
1.857 1.29647 0.562109
1.858 1.29704 0.560472
1.859 1.2976 0.558831
1.86 1.29815 0.557188
1.861 1.29871 0.555542
1.862 1.29926 0.553893
1.863 1.29982 0.552241
1.864 1.30037 0.550587
1.865 1.30092 0.548929
1.866 1.30147 0.547268
1.867 1.30201 0.545604
1.868 1.30256 0.543937
1.869 1.3031 0.542268
1.87 1.30364 0.540595
1.871 1.30418 0.538919
1.872 1.30472 0.537241
1.873 1.30526 0.535559
1.874 1.30579 0.533875
1.875 1.30632 0.532188
1.876 1.30686 0.530497
1.877 1.30739 0.528804
1.878 1.30791 0.527108
1.879 1.30844 0.525409
1.88 1.30896 0.523706
1.881 1.30949 0.522001
1.882 1.31001 0.520293
1.883 1.31053 0.518582
1.884 1.31105 0.516869
1.885 1.31156 0.515152
1.886 1.31208 0.513432
1.887 1.31259 0.511709
1.888 1.3131 0.509984
1.889 1.31361 0.508255
1.89 1.31412 0.506523
1.891 1.31462 0.504789
1.892 1.31513 0.503051
1.893 1.31563 0.501311
1.894 1.31613 0.499568
1.895 1.31663 0.497821
1.896 1.31712 0.496072
1.897 1.31762 0.49432
1.898 1.31811 0.492565
1.899 1.3186 0.490807
1.9 1.31909 0.489046
1.901 1.31958 0.487282
1.902 1.32007 0.485515
1.903 1.32055 0.483746
1.904 1.32104 0.481973
1.905 1.32152 0.480197
1.906 1.322 0.478419
1.907 1.32247 0.476637
1.908 1.32295 0.474853
1.909 1.32342 0.473066
1.91 1.3239 0.471276
1.911 1.32437 0.469482
1.912 1.32483 0.467686
1.913 1.3253 0.465887
1.914 1.32577 0.464085
1.915 1.32623 0.46228
1.916 1.32669 0.460473
1.917 1.32715 0.458662
1.918 1.32761 0.456848
1.919 1.32806 0.455032
1.92 1.32852 0.453212
1.921 1.32897 0.45139
1.922 1.32942 0.449565
1.923 1.32987 0.447736
1.924 1.33032 0.445905
1.925 1.33076 0.444071
1.926 1.3312 0.442234
1.927 1.33165 0.440394
1.928 1.33209 0.438552
1.929 1.33252 0.436706
1.93 1.33296 0.434857
1.931 1.33339 0.433006
1.932 1.33382 0.431151
1.933 1.33426 0.429294
1.934 1.33468 0.427434
1.935 1.33511 0.42557
1.936 1.33553 0.423704
1.937 1.33596 0.421835
1.938 1.33638 0.419964
1.939 1.3368 0.418089
1.94 1.33721 0.416211
1.941 1.33763 0.41433
1.942 1.33804 0.412447
1.943 1.33845 0.410561
1.944 1.33886 0.408671
1.945 1.33927 0.406779
1.946 1.33968 0.404884
1.947 1.34008 0.402986
1.948 1.34048 0.401085
1.949 1.34088 0.399181
1.95 1.34128 0.397275
1.951 1.34168 0.395365
1.952 1.34207 0.393453
1.953 1.34247 0.391538
1.954 1.34286 0.389619
1.955 1.34324 0.387698
1.956 1.34363 0.385774
1.957 1.34402 0.383847
1.958 1.3444 0.381918
1.959 1.34478 0.379985
1.96 1.34516 0.378049
1.961 1.34554 0.376111
1.962 1.34591 0.37417
1.963 1.34628 0.372226
1.964 1.34666 0.370279
1.965 1.34702 0.368329
1.966 1.34739 0.366376
1.967 1.34776 0.36442
1.968 1.34812 0.362462
1.969 1.34848 0.3605
1.97 1.34884 0.358536
1.971 1.3492 0.356569
1.972 1.34956 0.354599
1.973 1.34991 0.352626
1.974 1.35026 0.35065
1.975 1.35061 0.348672
1.976 1.35096 0.34669
1.977 1.3513 0.344706
1.978 1.35165 0.342719
1.979 1.35199 0.340729
1.98 1.35233 0.338736
1.981 1.35267 0.33674
1.982 1.353 0.334741
1.983 1.35334 0.33274
1.984 1.35367 0.330735
1.985 1.354 0.328728
1.986 1.35433 0.326718
1.987 1.35465 0.324705
1.988 1.35497 0.32269
1.989 1.3553 0.320671
1.99 1.35562 0.31865
1.991 1.35593 0.316625
1.992 1.35625 0.314598
1.993 1.35656 0.312568
1.994 1.35687 0.310535
1.995 1.35718 0.3085
1.996 1.35749 0.306461
1.997 1.3578 0.30442
1.998 1.3581 0.302376
1.999 1.3584 0.300329
2 1.3587 0.298279
2.001 1.359 0.296226
2.002 1.35929 0.294171
2.003 1.35959 0.292112
2.004 1.35988 0.290051
2.005 1.36017 0.287987
2.006 1.36045 0.285921
2.007 1.36074 0.283851
2.008 1.36102 0.281778
2.009 1.3613 0.279703
2.01 1.36158 0.277625
2.011 1.36186 0.275544
2.012 1.36213 0.273461
2.013 1.3624 0.271374
2.014 1.36267 0.269285
2.015 1.36294 0.267192
2.016 1.36321 0.265098
2.017 1.36347 0.263
2.018 1.36373 0.260899
2.019 1.36399 0.258796
2.02 1.36425 0.25669
2.021 1.36451 0.254581
2.022 1.36476 0.252469
2.023 1.36501 0.250354
2.024 1.36526 0.248237
2.025 1.36551 0.246117
2.026 1.36575 0.243994
2.027 1.366 0.241868
2.028 1.36624 0.239739
2.029 1.36648 0.237608
2.03 1.36671 0.235474
2.031 1.36695 0.233337
2.032 1.36718 0.231197
2.033 1.36741 0.229055
2.034 1.36764 0.226909
2.035 1.36786 0.224761
2.036 1.36809 0.22261
2.037 1.36831 0.220457
2.038 1.36853 0.2183
2.039 1.36875 0.216141
2.04 1.36896 0.213979
2.041 1.36917 0.211814
2.042 1.36938 0.209647
2.043 1.36959 0.207477
2.044 1.3698 0.205304
2.045 1.37 0.203128
2.046 1.37021 0.200949
2.047 1.37041 0.198768
2.048 1.3706 0.196584
2.049 1.3708 0.194397
2.05 1.37099 0.192207
2.051 1.37118 0.190015
2.052 1.37137 0.18782
2.053 1.37156 0.185622
2.054 1.37174 0.183421
2.055 1.37193 0.181218
2.056 1.37211 0.179012
2.057 1.37228 0.176803
2.058 1.37246 0.174591
2.059 1.37263 0.172377
2.06 1.3728 0.17016
2.061 1.37297 0.16794
2.062 1.37314 0.165718
2.063 1.3733 0.163492
2.064 1.37347 0.161264
2.065 1.37363 0.159034
2.066 1.37379 0.1568
2.067 1.37394 0.154564
2.068 1.37409 0.152325
2.069 1.37425 0.150083
2.07 1.37439 0.147839
2.071 1.37454 0.145592
2.072 1.37469 0.143342
2.073 1.37483 0.14109
2.074 1.37497 0.138834
2.075 1.37511 0.136576
2.076 1.37524 0.134316
2.077 1.37537 0.132052
2.078 1.37551 0.129786
2.079 1.37563 0.127518
2.08 1.37576 0.125246
2.081 1.37588 0.122972
2.082 1.37601 0.120695
2.083 1.37613 0.118416
2.084 1.37624 0.116133
2.085 1.37636 0.113848
2.086 1.37647 0.111561
2.087 1.37658 0.10927
2.088 1.37669 0.106977
2.089 1.37679 0.104682
2.09 1.3769 0.102383
2.091 1.377 0.100082
2.092 1.3771 0.0977785
2.093 1.3772 0.0954721
2.094 1.37729 0.093163
2.095 1.37738 0.0908512
2.096 1.37747 0.0885368
2.097 1.37756 0.0862197
2.098 1.37764 0.0838999
2.099 1.37773 0.0815775
2.1 1.37781 0.0792524
2.101 1.37788 0.0769246
2.102 1.37796 0.0745942
2.103 1.37803 0.0722612
2.104 1.37811 0.0699254
2.105 1.37817 0.0675871
2.106 1.37824 0.0652461
2.107 1.3783 0.0629024
2.108 1.37837 0.0605561
2.109 1.37843 0.0582071
2.11 1.37848 0.0558555
2.111 1.37854 0.0535013
2.112 1.37859 0.0511444
2.113 1.37864 0.0487849
2.114 1.37869 0.0464228
2.115 1.37873 0.044058
2.116 1.37878 0.0416906
2.117 1.37882 0.0393206
2.118 1.37885 0.0369479
2.119 1.37889 0.0345727
2.12 1.37892 0.0321948
2.121 1.37895 0.0298143
2.122 1.37898 0.0274311
2.123 1.37901 0.0250454
2.124 1.37903 0.0226571
2.125 1.37905 0.0202661
2.126 1.37907 0.0178726
2.127 1.37909 0.0154764
2.128 1.3791 0.0130777
2.129 1.37912 0.0106763
2.13 1.37913 0.00827234
2.131 1.37913 0.00586579
2.132 1.37914 0.00345665
2.133 1.37914 0.00104492
2.134 1.37914 -0.0013694
2.135 1.37914 -0.0037863
2.136 1.37913 -0.00620578
2.137 1.37912 -0.00862785
2.138 1.37911 -0.0110525
2.139 1.3791 -0.0134797
2.14 1.37909 -0.0159095
2.141 1.37907 -0.0183419
2.142 1.37905 -0.0207768
2.143 1.37903 -0.0232143
2.144 1.379 -0.0256543
2.145 1.37898 -0.028097
2.146 1.37895 -0.0305421
2.147 1.37892 -0.0329899
2.148 1.37888 -0.0354402
2.149 1.37885 -0.037893
2.15 1.37881 -0.0403484
2.151 1.37877 -0.0428063
2.152 1.37872 -0.0452668
2.153 1.37867 -0.0477298
2.154 1.37863 -0.0501954
2.155 1.37857 -0.0526635
2.156 1.37852 -0.0551341
2.157 1.37846 -0.0576073
2.158 1.3784 -0.060083
2.159 1.37834 -0.0625612
2.16 1.37828 -0.065042
2.161 1.37821 -0.0675252
2.162 1.37814 -0.070011
2.163 1.37807 -0.0724993
2.164 1.378 -0.0749901
2.165 1.37792 -0.0774835
2.166 1.37784 -0.0799793
2.167 1.37776 -0.0824776
2.168 1.37768 -0.0849785
2.169 1.37759 -0.0874818
2.17 1.3775 -0.0899877
2.171 1.37741 -0.092496
2.172 1.37732 -0.0950069
2.173 1.37722 -0.0975202
2.174 1.37712 -0.100036
2.175 1.37702 -0.102554
2.176 1.37692 -0.105075
2.177 1.37681 -0.107598
2.178 1.3767 -0.110124
2.179 1.37659 -0.112652
2.18 1.37648 -0.115183
2.181 1.37636 -0.117716
2.182 1.37624 -0.120252
2.183 1.37612 -0.12279
2.184 1.376 -0.12533
2.185 1.37587 -0.127873
2.186 1.37574 -0.130419
2.187 1.37561 -0.132967
2.188 1.37548 -0.135517
2.189 1.37534 -0.13807
2.19 1.3752 -0.140625
2.191 1.37506 -0.143183
2.192 1.37491 -0.145743
2.193 1.37477 -0.148306
2.194 1.37462 -0.150871
2.195 1.37447 -0.153438
2.196 1.37431 -0.156008
2.197 1.37415 -0.15858
2.198 1.37399 -0.161155
2.199 1.37383 -0.163732
2.2 1.37367 -0.166312
2.201 1.3735 -0.168894
2.202 1.37333 -0.171478
2.203 1.37316 -0.174065
2.204 1.37298 -0.176654
2.205 1.3728 -0.179246
2.206 1.37262 -0.18184
2.207 1.37244 -0.184436
2.208 1.37225 -0.187035
2.209 1.37206 -0.189636
2.21 1.37187 -0.19224
2.211 1.37168 -0.194846
2.212 1.37148 -0.197454
2.213 1.37128 -0.200065
2.214 1.37108 -0.202678
2.215 1.37088 -0.205293
2.216 1.37067 -0.207911
2.217 1.37046 -0.210532
2.218 1.37025 -0.213154
2.219 1.37004 -0.215779
2.22 1.36982 -0.218406
2.221 1.3696 -0.221036
2.222 1.36938 -0.223668
2.223 1.36915 -0.226302
2.224 1.36893 -0.228939
2.225 1.3687 -0.231578
2.226 1.36846 -0.23422
2.227 1.36823 -0.236863
2.228 1.36799 -0.239509
2.229 1.36775 -0.242158
2.23 1.3675 -0.244809
2.231 1.36726 -0.247462
2.232 1.36701 -0.250117
2.233 1.36676 -0.252775
2.234 1.3665 -0.255435
2.235 1.36625 -0.258097
2.236 1.36599 -0.260762
2.237 1.36573 -0.263429
2.238 1.36546 -0.266098
2.239 1.36519 -0.26877
2.24 1.36492 -0.271443
2.241 1.36465 -0.27412
2.242 1.36438 -0.276798
2.243 1.3641 -0.279479
2.244 1.36382 -0.282162
2.245 1.36353 -0.284847
2.246 1.36325 -0.287535
2.247 1.36296 -0.290225
2.248 1.36267 -0.292917
2.249 1.36237 -0.295611
2.25 1.36207 -0.298308
2.251 1.36178 -0.301007
2.252 1.36147 -0.303708
2.253 1.36117 -0.306411
2.254 1.36086 -0.309117
2.255 1.36055 -0.311825
2.256 1.36024 -0.314535
2.257 1.35992 -0.317248
2.258 1.3596 -0.319962
2.259 1.35928 -0.322679
2.26 1.35896 -0.325398
2.261 1.35863 -0.32812
2.262 1.3583 -0.330843
2.263 1.35797 -0.333569
2.264 1.35763 -0.336297
2.265 1.3573 -0.339028
2.266 1.35696 -0.34176
2.267 1.35661 -0.344495
2.268 1.35627 -0.347232
2.269 1.35592 -0.349971
2.27 1.35557 -0.352712
2.271 1.35521 -0.355456
2.272 1.35486 -0.358201
2.273 1.3545 -0.360949
2.274 1.35413 -0.363699
2.275 1.35377 -0.366452
2.276 1.3534 -0.369206
2.277 1.35303 -0.371963
2.278 1.35266 -0.374722
2.279 1.35228 -0.377483
2.28 1.3519 -0.380246
2.281 1.35152 -0.383011
2.282 1.35114 -0.385779
2.283 1.35075 -0.388548
2.284 1.35036 -0.39132
2.285 1.34997 -0.394094
2.286 1.34957 -0.39687
2.287 1.34917 -0.399648
2.288 1.34877 -0.402429
2.289 1.34837 -0.405211
2.29 1.34796 -0.407996
2.291 1.34755 -0.410782
2.292 1.34714 -0.413571
2.293 1.34672 -0.416362
2.294 1.34631 -0.419155
2.295 1.34589 -0.421951
2.296 1.34546 -0.424748
2.297 1.34504 -0.427548
2.298 1.34461 -0.430349
2.299 1.34418 -0.433153
2.3 1.34374 -0.435959
2.301 1.3433 -0.438766
2.302 1.34286 -0.441576
2.303 1.34242 -0.444388
2.304 1.34197 -0.447202
2.305 1.34153 -0.450019
2.306 1.34107 -0.452837
2.307 1.34062 -0.455657
2.308 1.34016 -0.45848
2.309 1.3397 -0.461304
2.31 1.33924 -0.464131
2.311 1.33878 -0.466959
2.312 1.33831 -0.46979
2.313 1.33784 -0.472623
2.314 1.33736 -0.475457
2.315 1.33688 -0.478294
2.316 1.3364 -0.481133
2.317 1.33592 -0.483974
2.318 1.33544 -0.486817
2.319 1.33495 -0.489661
2.32 1.33446 -0.492508
2.321 1.33396 -0.495357
2.322 1.33347 -0.498208
2.323 1.33297 -0.501061
2.324 1.33246 -0.503916
2.325 1.33196 -0.506773
2.326 1.33145 -0.509632
2.327 1.33094 -0.512493
2.328 1.33043 -0.515356
2.329 1.32991 -0.518221
2.33 1.32939 -0.521088
2.331 1.32887 -0.523957
2.332 1.32834 -0.526828
2.333 1.32781 -0.529701
2.334 1.32728 -0.532576
2.335 1.32675 -0.535453
2.336 1.32621 -0.538331
2.337 1.32567 -0.541212
2.338 1.32513 -0.544095
2.339 1.32458 -0.546979
2.34 1.32404 -0.549866
2.341 1.32348 -0.552755
2.342 1.32293 -0.555645
2.343 1.32237 -0.558537
2.344 1.32181 -0.561432
2.345 1.32125 -0.564328
2.346 1.32068 -0.567226
2.347 1.32012 -0.570126
2.348 1.31954 -0.573028
2.349 1.31897 -0.575932
2.35 1.31839 -0.578838
2.351 1.31781 -0.581746
2.352 1.31723 -0.584656
2.353 1.31664 -0.587567
2.354 1.31605 -0.590481
2.355 1.31546 -0.593396
2.356 1.31487 -0.596313
2.357 1.31427 -0.599232
2.358 1.31367 -0.602153
2.359 1.31306 -0.605076
2.36 1.31246 -0.608001
2.361 1.31185 -0.610927
2.362 1.31124 -0.613856
2.363 1.31062 -0.616786
2.364 1.31 -0.619718
2.365 1.30938 -0.622652
2.366 1.30876 -0.625588
2.367 1.30813 -0.628526
2.368 1.3075 -0.631465
2.369 1.30687 -0.634406
2.37 1.30623 -0.63735
2.371 1.30559 -0.640295
2.372 1.30495 -0.643241
2.373 1.30431 -0.64619
2.374 1.30366 -0.64914
2.375 1.30301 -0.652093
2.376 1.30235 -0.655047
2.377 1.3017 -0.658002
2.378 1.30104 -0.66096
2.379 1.30038 -0.66392
2.38 1.29971 -0.666881
2.381 1.29904 -0.669844
2.382 1.29837 -0.672808
2.383 1.2977 -0.675775
2.384 1.29702 -0.678743
2.385 1.29634 -0.681713
2.386 1.29566 -0.684685
2.387 1.29497 -0.687659
2.388 1.29428 -0.690634
2.389 1.29359 -0.693611
2.39 1.29289 -0.69659
2.391 1.29219 -0.69957
2.392 1.29149 -0.702553
2.393 1.29079 -0.705537
2.394 1.29008 -0.708522
2.395 1.28937 -0.71151
2.396 1.28866 -0.714499
2.397 1.28794 -0.71749
2.398 1.28722 -0.720482
2.399 1.2865 -0.723477
2.4 1.28578 -0.726473
2.401 1.28505 -0.72947
2.402 1.28432 -0.73247
2.403 1.28358 -0.735471
2.404 1.28285 -0.738474
2.405 1.28211 -0.741478
2.406 1.28137 -0.744484
2.407 1.28062 -0.747492
2.408 1.27987 -0.750501
2.409 1.27912 -0.753512
2.41 1.27836 -0.756525
2.411 1.2776 -0.759539
2.412 1.27684 -0.762555
2.413 1.27608 -0.765573
2.414 1.27531 -0.768592
2.415 1.27454 -0.771613
2.416 1.27377 -0.774636
2.417 1.27299 -0.77766
2.418 1.27221 -0.780686
2.419 1.27143 -0.783713
2.42 1.27065 -0.786742
2.421 1.26986 -0.789773
2.422 1.26907 -0.792805
2.423 1.26827 -0.795839
2.424 1.26748 -0.798875
2.425 1.26668 -0.801912
2.426 1.26587 -0.80495
2.427 1.26507 -0.80799
2.428 1.26426 -0.811032
2.429 1.26344 -0.814075
2.43 1.26263 -0.81712
2.431 1.26181 -0.820167
2.432 1.26099 -0.823215
2.433 1.26016 -0.826264
2.434 1.25933 -0.829315
2.435 1.2585 -0.832368
2.436 1.25767 -0.835422
2.437 1.25683 -0.838478
2.438 1.25599 -0.841535
2.439 1.25515 -0.844594
2.44 1.2543 -0.847654
2.441 1.25345 -0.850716
2.442 1.2526 -0.853779
2.443 1.25175 -0.856844
2.444 1.25089 -0.85991
2.445 1.25003 -0.862978
2.446 1.24916 -0.866048
2.447 1.2483 -0.869118
2.448 1.24742 -0.872191
2.449 1.24655 -0.875264
2.45 1.24567 -0.878339
2.451 1.24479 -0.881416
2.452 1.24391 -0.884494
2.453 1.24303 -0.887574
2.454 1.24214 -0.890655
2.455 1.24124 -0.893737
2.456 1.24035 -0.896821
2.457 1.23945 -0.899907
2.458 1.23855 -0.902993
2.459 1.23764 -0.906082
2.46 1.23674 -0.909171
2.461 1.23583 -0.912262
2.462 1.23491 -0.915355
2.463 1.234 -0.918449
2.464 1.23308 -0.921544
2.465 1.23215 -0.924641
2.466 1.23123 -0.927739
2.467 1.2303 -0.930838
2.468 1.22936 -0.933939
2.469 1.22843 -0.937041
2.47 1.22749 -0.940145
2.471 1.22655 -0.94325
2.472 1.2256 -0.946356
2.473 1.22466 -0.949464
2.474 1.2237 -0.952573
2.475 1.22275 -0.955683
2.476 1.22179 -0.958795
2.477 1.22083 -0.961908
2.478 1.21987 -0.965023
2.479 1.2189 -0.968138
2.48 1.21793 -0.971255
2.481 1.21696 -0.974374
2.482 1.21598 -0.977494
2.483 1.21501 -0.980615
2.484 1.21402 -0.983737
2.485 1.21304 -0.986861
2.486 1.21205 -0.989985
2.487 1.21106 -0.993112
2.488 1.21006 -0.996239
2.489 1.20907 -0.999368
2.49 1.20806 -1.0025
2.491 1.20706 -1.00563
2.492 1.20605 -1.00876
2.493 1.20504 -1.0119
2.494 1.20403 -1.01503
2.495 1.20301 -1.01817
2.496 1.20199 -1.0213
2.497 1.20097 -1.02444
2.498 1.19994 -1.02758
2.499 1.19892 -1.03072
2.5 1.19788 -1.03387
2.501 1.19685 -1.03701
2.502 1.19581 -1.04016
2.503 1.19477 -1.0433
2.504 1.19372 -1.04645
2.505 1.19267 -1.0496
2.506 1.19162 -1.05275
2.507 1.19057 -1.0559
2.508 1.18951 -1.05905
2.509 1.18845 -1.0622
2.51 1.18739 -1.06536
2.511 1.18632 -1.06851
2.512 1.18525 -1.07167
2.513 1.18418 -1.07483
2.514 1.1831 -1.07799
2.515 1.18202 -1.08115
2.516 1.18094 -1.08431
2.517 1.17985 -1.08747
2.518 1.17876 -1.09064
2.519 1.17767 -1.0938
2.52 1.17658 -1.09697
2.521 1.17548 -1.10013
2.522 1.17438 -1.1033
2.523 1.17327 -1.10647
2.524 1.17216 -1.10964
2.525 1.17105 -1.11281
2.526 1.16994 -1.11599
2.527 1.16882 -1.11916
2.528 1.1677 -1.12233
2.529 1.16657 -1.12551
2.53 1.16545 -1.12869
2.531 1.16432 -1.13186
2.532 1.16318 -1.13504
2.533 1.16205 -1.13822
2.534 1.16091 -1.1414
2.535 1.15976 -1.14459
2.536 1.15862 -1.14777
2.537 1.15747 -1.15095
2.538 1.15632 -1.15414
2.539 1.15516 -1.15732
2.54 1.154 -1.16051
2.541 1.15284 -1.1637
2.542 1.15167 -1.16689
2.543 1.15051 -1.17008
2.544 1.14933 -1.17327
2.545 1.14816 -1.17646
2.546 1.14698 -1.17966
2.547 1.1458 -1.18285
2.548 1.14462 -1.18605
2.549 1.14343 -1.18924
2.55 1.14224 -1.19244
2.551 1.14104 -1.19564
2.552 1.13985 -1.19884
2.553 1.13864 -1.20203
2.554 1.13744 -1.20524
2.555 1.13623 -1.20844
2.556 1.13502 -1.21164
2.557 1.13381 -1.21484
2.558 1.13259 -1.21805
2.559 1.13138 -1.22125
2.56 1.13015 -1.22446
2.561 1.12893 -1.22767
2.562 1.1277 -1.23088
2.563 1.12646 -1.23408
2.564 1.12523 -1.23729
2.565 1.12399 -1.2405
2.566 1.12275 -1.24372
2.567 1.1215 -1.24693
2.568 1.12025 -1.25014
2.569 1.119 -1.25336
2.57 1.11775 -1.25657
2.571 1.11649 -1.25979
2.572 1.11523 -1.263
2.573 1.11396 -1.26622
2.574 1.1127 -1.26944
2.575 1.11142 -1.27266
2.576 1.11015 -1.27588
2.577 1.10887 -1.2791
2.578 1.10759 -1.28232
2.579 1.10631 -1.28554
2.58 1.10502 -1.28877
2.581 1.10373 -1.29199
2.582 1.10244 -1.29521
2.583 1.10114 -1.29844
2.584 1.09984 -1.30167
2.585 1.09854 -1.30489
2.586 1.09723 -1.30812
2.587 1.09592 -1.31135
2.588 1.09461 -1.31458
2.589 1.09329 -1.31781
2.59 1.09197 -1.32104
2.591 1.09065 -1.32427
2.592 1.08932 -1.3275
2.593 1.08799 -1.33074
2.594 1.08666 -1.33397
2.595 1.08533 -1.3372
2.596 1.08399 -1.34044
2.597 1.08265 -1.34367
2.598 1.0813 -1.34691
2.599 1.07995 -1.35015
2.6 1.0786 -1.35339
2.601 1.07724 -1.35662
2.602 1.07589 -1.35986
2.603 1.07452 -1.3631
2.604 1.07316 -1.36634
2.605 1.07179 -1.36958
2.606 1.07042 -1.37283
2.607 1.06905 -1.37607
2.608 1.06767 -1.37931
2.609 1.06629 -1.38255
2.61 1.0649 -1.3858
2.611 1.06352 -1.38904
2.612 1.06213 -1.39229
2.613 1.06073 -1.39553
2.614 1.05933 -1.39878
2.615 1.05793 -1.40203
2.616 1.05653 -1.40528
2.617 1.05512 -1.40852
2.618 1.05371 -1.41177
2.619 1.0523 -1.41502
2.62 1.05088 -1.41827
2.621 1.04946 -1.42152
2.622 1.04804 -1.42477
2.623 1.04661 -1.42803
2.624 1.04518 -1.43128
2.625 1.04375 -1.43453
2.626 1.04232 -1.43778
2.627 1.04088 -1.44104
2.628 1.03943 -1.44429
2.629 1.03799 -1.44755
2.63 1.03654 -1.4508
2.631 1.03509 -1.45406
2.632 1.03363 -1.45731
2.633 1.03217 -1.46057
2.634 1.03071 -1.46383
2.635 1.02924 -1.46708
2.636 1.02777 -1.47034
2.637 1.0263 -1.4736
2.638 1.02483 -1.47686
2.639 1.02335 -1.48012
2.64 1.02187 -1.48338
2.641 1.02038 -1.48664
2.642 1.01889 -1.4899
2.643 1.0174 -1.49316
2.644 1.01591 -1.49642
2.645 1.01441 -1.49968
2.646 1.01291 -1.50295
2.647 1.0114 -1.50621
2.648 1.0099 -1.50947
2.649 1.00838 -1.51274
2.65 1.00687 -1.516
2.651 1.00535 -1.51926
2.652 1.00383 -1.52253
2.653 1.00231 -1.52579
2.654 1.00078 -1.52906
2.655 0.999249 -1.53232
2.656 0.997715 -1.53559
2.657 0.996178 -1.53885
2.658 0.994638 -1.54212
2.659 0.993094 -1.54539
2.66 0.991547 -1.54866
2.661 0.989997 -1.55192
2.662 0.988443 -1.55519
2.663 0.986886 -1.55846
2.664 0.985326 -1.56173
2.665 0.983763 -1.565
2.666 0.982196 -1.56826
2.667 0.980626 -1.57153
2.668 0.979053 -1.5748
2.669 0.977477 -1.57807
2.67 0.975897 -1.58134
2.671 0.974314 -1.58461
2.672 0.972728 -1.58788
2.673 0.971138 -1.59115
2.674 0.969545 -1.59442
2.675 0.967949 -1.59769
2.676 0.96635 -1.60097
2.677 0.964748 -1.60424
2.678 0.963142 -1.60751
2.679 0.961532 -1.61078
2.68 0.95992 -1.61405
2.681 0.958304 -1.61732
2.682 0.956685 -1.6206
2.683 0.955063 -1.62387
2.684 0.953438 -1.62714
2.685 0.951809 -1.63042
2.686 0.950177 -1.63369
2.687 0.948542 -1.63696
2.688 0.946903 -1.64023
2.689 0.945261 -1.64351
2.69 0.943616 -1.64678
2.691 0.941967 -1.65005
2.692 0.940316 -1.65333
2.693 0.938661 -1.6566
2.694 0.937003 -1.65988
2.695 0.935341 -1.66315
2.696 0.933676 -1.66642
2.697 0.932008 -1.6697
2.698 0.930337 -1.67297
2.699 0.928662 -1.67625
2.7 0.926984 -1.67952
2.701 0.925303 -1.68279
2.702 0.923619 -1.68607
2.703 0.921931 -1.68934
2.704 0.92024 -1.69262
2.705 0.918546 -1.69589
2.706 0.916848 -1.69917
2.707 0.915148 -1.70244
2.708 0.913443 -1.70572
2.709 0.911736 -1.70899
2.71 0.910025 -1.71226
2.711 0.908312 -1.71554
2.712 0.906594 -1.71881
2.713 0.904874 -1.72209
2.714 0.90315 -1.72536
2.715 0.901423 -1.72864
2.716 0.899693 -1.73191
2.717 0.897959 -1.73518
2.718 0.896223 -1.73846
2.719 0.894483 -1.74173
2.72 0.892739 -1.74501
2.721 0.890993 -1.74828
2.722 0.889243 -1.75155
2.723 0.887489 -1.75483
2.724 0.885733 -1.7581
2.725 0.883973 -1.76137
2.726 0.88221 -1.76465
2.727 0.880444 -1.76792
2.728 0.878674 -1.77119
2.729 0.876902 -1.77447
2.73 0.875125 -1.77774
2.731 0.873346 -1.78101
2.732 0.871563 -1.78428
2.733 0.869777 -1.78756
2.734 0.867988 -1.79083
2.735 0.866196 -1.7941
2.736 0.8644 -1.79737
2.737 0.862601 -1.80064
2.738 0.860799 -1.80391
2.739 0.858993 -1.80718
2.74 0.857184 -1.81046
2.741 0.855372 -1.81373
2.742 0.853557 -1.817
2.743 0.851738 -1.82027
2.744 0.849916 -1.82354
2.745 0.848091 -1.82681
2.746 0.846263 -1.83008
2.747 0.844431 -1.83334
2.748 0.842596 -1.83661
2.749 0.840758 -1.83988
2.75 0.838916 -1.84315
2.751 0.837072 -1.84642
2.752 0.835224 -1.84969
2.753 0.833372 -1.85295
2.754 0.831518 -1.85622
2.755 0.82966 -1.85949
2.756 0.827799 -1.86275
2.757 0.825934 -1.86602
2.758 0.824067 -1.86929
2.759 0.822196 -1.87255
2.76 0.820322 -1.87582
2.761 0.818444 -1.87908
2.762 0.816563 -1.88234
2.763 0.814679 -1.88561
2.764 0.812792 -1.88887
2.765 0.810902 -1.89214
2.766 0.809008 -1.8954
2.767 0.807111 -1.89866
2.768 0.805211 -1.90192
2.769 0.803307 -1.90518
2.77 0.8014 -1.90845
2.771 0.79949 -1.91171
2.772 0.797577 -1.91497
2.773 0.79566 -1.91823
2.774 0.79374 -1.92149
2.775 0.791817 -1.92474
2.776 0.789891 -1.928
2.777 0.787961 -1.93126
2.778 0.786028 -1.93452
2.779 0.784092 -1.93778
2.78 0.782153 -1.94103
2.781 0.78021 -1.94429
2.782 0.778264 -1.94754
2.783 0.776315 -1.9508
2.784 0.774363 -1.95405
2.785 0.772407 -1.95731
2.786 0.770448 -1.96056
2.787 0.768486 -1.96381
2.788 0.76652 -1.96707
2.789 0.764552 -1.97032
2.79 0.76258 -1.97357
2.791 0.760605 -1.97682
2.792 0.758626 -1.98007
2.793 0.756644 -1.98332
2.794 0.754659 -1.98657
2.795 0.752671 -1.98982
2.796 0.75068 -1.99306
2.797 0.748685 -1.99631
2.798 0.746687 -1.99956
2.799 0.744686 -2.0028
2.8 0.742682 -2.00605
2.801 0.740674 -2.00929
2.802 0.738663 -2.01254
2.803 0.736649 -2.01578
2.804 0.734631 -2.01902
2.805 0.732611 -2.02226
2.806 0.730587 -2.0255
2.807 0.72856 -2.02875
2.808 0.726529 -2.03198
2.809 0.724496 -2.03522
2.81 0.722459 -2.03846
2.811 0.720419 -2.0417
2.812 0.718376 -2.04494
2.813 0.716329 -2.04817
2.814 0.714279 -2.05141
2.815 0.712226 -2.05464
2.816 0.71017 -2.05788
2.817 0.70811 -2.06111
2.818 0.706048 -2.06434
2.819 0.703982 -2.06757
2.82 0.701913 -2.07081
2.821 0.69984 -2.07404
2.822 0.697765 -2.07726
2.823 0.695686 -2.08049
2.824 0.693604 -2.08372
2.825 0.691518 -2.08695
2.826 0.68943 -2.09017
2.827 0.687338 -2.0934
2.828 0.685243 -2.09662
2.829 0.683145 -2.09985
2.83 0.681043 -2.10307
2.831 0.678938 -2.10629
2.832 0.676831 -2.10951
2.833 0.674719 -2.11273
2.834 0.672605 -2.11595
2.835 0.670488 -2.11917
2.836 0.668367 -2.12239
2.837 0.666243 -2.1256
2.838 0.664116 -2.12882
2.839 0.661985 -2.13203
2.84 0.659851 -2.13525
2.841 0.657715 -2.13846
2.842 0.655575 -2.14167
2.843 0.653431 -2.14488
2.844 0.651285 -2.14809
2.845 0.649135 -2.1513
2.846 0.646982 -2.15451
2.847 0.644826 -2.15772
2.848 0.642667 -2.16092
2.849 0.640504 -2.16413
2.85 0.638338 -2.16733
2.851 0.63617 -2.17053
2.852 0.633997 -2.17374
2.853 0.631822 -2.17694
2.854 0.629644 -2.18014
2.855 0.627462 -2.18334
2.856 0.625277 -2.18653
2.857 0.623089 -2.18973
2.858 0.620897 -2.19293
2.859 0.618703 -2.19612
2.86 0.616505 -2.19932
2.861 0.614304 -2.20251
2.862 0.6121 -2.2057
2.863 0.609893 -2.20889
2.864 0.607682 -2.21208
2.865 0.605469 -2.21527
2.866 0.603252 -2.21845
2.867 0.601032 -2.22164
2.868 0.598809 -2.22482
2.869 0.596582 -2.22801
2.87 0.594353 -2.23119
2.871 0.59212 -2.23437
2.872 0.589884 -2.23755
2.873 0.587645 -2.24073
2.874 0.585402 -2.24391
2.875 0.583157 -2.24708
2.876 0.580908 -2.25026
2.877 0.578656 -2.25343
2.878 0.576401 -2.25661
2.879 0.574143 -2.25978
2.88 0.571882 -2.26295
2.881 0.569617 -2.26612
2.882 0.56735 -2.26929
2.883 0.565079 -2.27245
2.884 0.562805 -2.27562
2.885 0.560527 -2.27878
2.886 0.558247 -2.28194
2.887 0.555964 -2.28511
2.888 0.553677 -2.28827
2.889 0.551387 -2.29143
2.89 0.549094 -2.29458
2.891 0.546798 -2.29774
2.892 0.544499 -2.30089
2.893 0.542196 -2.30405
2.894 0.53989 -2.3072
2.895 0.537582 -2.31035
2.896 0.53527 -2.3135
2.897 0.532955 -2.31665
2.898 0.530636 -2.3198
2.899 0.528315 -2.32294
2.9 0.525991 -2.32609
2.901 0.523663 -2.32923
2.902 0.521332 -2.33237
2.903 0.518998 -2.33551
2.904 0.516661 -2.33865
2.905 0.514321 -2.34179
2.906 0.511977 -2.34492
2.907 0.509631 -2.34806
2.908 0.507281 -2.35119
2.909 0.504929 -2.35432
2.91 0.502573 -2.35745
2.911 0.500214 -2.36058
2.912 0.497852 -2.36371
2.913 0.495486 -2.36683
2.914 0.493118 -2.36996
2.915 0.490746 -2.37308
2.916 0.488372 -2.3762
2.917 0.485994 -2.37932
2.918 0.483613 -2.38244
2.919 0.481229 -2.38555
2.92 0.478842 -2.38867
2.921 0.476452 -2.39178
2.922 0.474058 -2.39489
2.923 0.471662 -2.398
2.924 0.469262 -2.40111
2.925 0.46686 -2.40422
2.926 0.464454 -2.40732
2.927 0.462045 -2.41043
2.928 0.459633 -2.41353
2.929 0.457218 -2.41663
2.93 0.4548 -2.41973
2.931 0.452379 -2.42283
2.932 0.449954 -2.42592
2.933 0.447527 -2.42902
2.934 0.445096 -2.43211
2.935 0.442663 -2.4352
2.936 0.440226 -2.43829
2.937 0.437786 -2.44138
2.938 0.435343 -2.44446
2.939 0.432897 -2.44755
2.94 0.430448 -2.45063
2.941 0.427996 -2.45371
2.942 0.425541 -2.45679
2.943 0.423082 -2.45987
2.944 0.420621 -2.46294
2.945 0.418156 -2.46602
2.946 0.415689 -2.46909
2.947 0.413218 -2.47216
2.948 0.410744 -2.47523
2.949 0.408268 -2.47829
2.95 0.405788 -2.48136
2.951 0.403305 -2.48442
2.952 0.400819 -2.48748
2.953 0.39833 -2.49054
2.954 0.395838 -2.4936
2.955 0.393343 -2.49666
2.956 0.390845 -2.49971
2.957 0.388343 -2.50276
2.958 0.385839 -2.50581
2.959 0.383332 -2.50886
2.96 0.380821 -2.51191
2.961 0.378308 -2.51496
2.962 0.375791 -2.518
2.963 0.373272 -2.52104
2.964 0.370749 -2.52408
2.965 0.368224 -2.52712
2.966 0.365695 -2.53015
2.967 0.363163 -2.53319
2.968 0.360629 -2.53622
2.969 0.358091 -2.53925
2.97 0.35555 -2.54228
2.971 0.353006 -2.5453
2.972 0.35046 -2.54832
2.973 0.34791 -2.55135
2.974 0.345357 -2.55437
2.975 0.342801 -2.55738
2.976 0.340242 -2.5604
2.977 0.33768 -2.56342
2.978 0.335115 -2.56643
2.979 0.332547 -2.56944
2.98 0.329976 -2.57245
2.981 0.327403 -2.57545
2.982 0.324826 -2.57846
2.983 0.322246 -2.58146
2.984 0.319663 -2.58446
2.985 0.317077 -2.58745
2.986 0.314488 -2.59045
2.987 0.311896 -2.59344
2.988 0.309301 -2.59644
2.989 0.306703 -2.59943
2.99 0.304102 -2.60241
2.991 0.301498 -2.6054
2.992 0.298891 -2.60838
2.993 0.296281 -2.61136
2.994 0.293668 -2.61434
2.995 0.291053 -2.61732
2.996 0.288434 -2.62029
2.997 0.285812 -2.62327
2.998 0.283187 -2.62624
2.999 0.28056 -2.6292
3 0.277929 -2.63217
3.001 0.275295 -2.63513
