0.005 1.25e-05 0.00500626
0.01 5.00623e-05 0.0100249
0.015 0.000112748 0.0150556
0.02 0.000200619 0.0200985
0.025 0.000313733 0.0251531
0.03 0.00045215 0.0302195
0.035 0.000615927 0.0352974
0.04 0.000805124 0.0403867
0.045 0.00101979 0.0454872
0.05 0.00126 0.0505987
0.055 0.00152578 0.0557211
0.06 0.00181721 0.0608542
0.065 0.00213432 0.0659978
0.07 0.00247718 0.0711517
0.075 0.00284584 0.0763158
0.08 0.00324034 0.0814899
0.085 0.00366074 0.0866738
0.09 0.00410708 0.0918673
0.095 0.00457941 0.0970703
0.1 0.00507778 0.102283
0.105 0.00560224 0.107504
0.11 0.00615282 0.112734
0.115 0.00672958 0.117973
0.12 0.00733255 0.12322
0.125 0.00796178 0.128476
0.13 0.00861731 0.13374
0.135 0.00929918 0.139012
0.14 0.0100074 0.144292
0.145 0.0107421 0.149579
0.15 0.0115032 0.154873
0.155 0.0122908 0.160175
0.16 0.013105 0.165483
0.165 0.0139457 0.170799
0.17 0.014813 0.176121
0.175 0.0157069 0.181449
0.18 0.0166274 0.186783
0.185 0.0175747 0.192123
0.19 0.0185487 0.197469
0.195 0.0195494 0.202821
0.2 0.0205769 0.208178
0.205 0.0216312 0.21354
0.21 0.0227123 0.218906
0.215 0.0238202 0.224278
0.22 0.0249551 0.229653
0.225 0.0261168 0.235033
0.23 0.0273054 0.240417
0.235 0.0285209 0.245805
0.24 0.0297634 0.251196
0.245 0.0310329 0.256591
0.25 0.0323294 0.261989
0.255 0.0336528 0.267389
0.26 0.0350032 0.272793
0.265 0.0363807 0.278198
0.27 0.0377852 0.283606
0.275 0.0392168 0.289016
0.28 0.0406754 0.294427
0.285 0.042161 0.29984
0.29 0.0436738 0.305254
0.295 0.0452136 0.310669
0.3 0.0467805 0.316085
0.305 0.0483744 0.321502
0.31 0.0499955 0.326918
0.315 0.0516436 0.332335
0.32 0.0533188 0.337752
0.325 0.0550211 0.343168
0.33 0.0567505 0.348583
0.335 0.058507 0.353997
0.34 0.0602905 0.359411
0.345 0.0621011 0.364822
0.35 0.0639387 0.370232
0.355 0.0658034 0.375641
0.36 0.0676951 0.381046
0.365 0.0696139 0.38645
0.37 0.0715596 0.391851
0.375 0.0735324 0.397248
0.38 0.0755321 0.402643
0.385 0.0775588 0.408034
0.39 0.0796124 0.413421
0.395 0.081693 0.418804
0.4 0.0838005 0.424183
0.405 0.0859348 0.429557
0.41 0.088096 0.434927
0.415 0.0902841 0.440291
0.42 0.092499 0.44565
0.425 0.0947406 0.451003
0.43 0.097009 0.456351
0.435 0.0993041 0.461692
0.44 0.101626 0.467027
0.445 0.103974 0.472355
0.45 0.106349 0.477676
0.455 0.108751 0.48299
0.46 0.111179 0.488296
0.465 0.113634 0.493595
0.47 0.116115 0.498885
0.475 0.118623 0.504167
0.48 0.121157 0.50944
0.485 0.123717 0.514704
0.49 0.126304 0.51996
0.495 0.128917 0.525205
0.5 0.131556 0.530441
0.505 0.134221 0.535666
0.51 0.136913 0.540882
0.515 0.13963 0.546086
0.52 0.142374 0.55128
0.525 0.145143 0.556462
0.53 0.147938 0.561633
0.535 0.150759 0.566792
0.54 0.153606 0.571938
0.545 0.156479 0.577073
0.55 0.159377 0.582194
0.555 0.162301 0.587303
0.56 0.16525 0.592398
0.565 0.168225 0.59748
0.57 0.171225 0.602547
0.575 0.17425 0.607601
0.58 0.177301 0.61264
0.585 0.180376 0.617664
0.59 0.183477 0.622673
0.595 0.186603 0.627666
0.6 0.189754 0.632644
0.605 0.19293 0.637606
0.61 0.19613 0.642551
0.615 0.199355 0.64748
0.62 0.202605 0.652392
0.625 0.205879 0.657286
0.63 0.209178 0.662163
0.635 0.212501 0.667022
0.64 0.215848 0.671863
0.645 0.219219 0.676685
0.65 0.222615 0.681489
0.655 0.226034 0.686273
0.66 0.229478 0.691038
0.665 0.232945 0.695783
0.67 0.236435 0.700508
0.675 0.23995 0.705213
0.68 0.243487 0.709897
0.685 0.247049 0.71456
0.69 0.250633 0.719202
0.695 0.254241 0.723822
0.7 0.257871 0.72842
0.705 0.261525 0.732995
0.71 0.265201 0.737548
0.715 0.2689 0.742079
0.72 0.272622 0.746585
0.725 0.276366 0.751069
0.73 0.280133 0.755528
0.735 0.283921 0.759963
0.74 0.287732 0.764374
0.745 0.291565 0.76876
0.75 0.29542 0.77312
0.755 0.299296 0.777455
0.76 0.303195 0.781765
0.765 0.307114 0.786048
0.77 0.311055 0.790305
0.775 0.315017 0.794534
0.78 0.319 0.798737
0.785 0.323004 0.802912
0.79 0.327029 0.80706
0.795 0.331075 0.811179
0.8 0.335141 0.81527
0.805 0.339228 0.819332
0.81 0.343335 0.823365
0.815 0.347461 0.827369
0.82 0.351608 0.831343
0.825 0.355775 0.835287
0.83 0.359961 0.8392
0.835 0.364167 0.843083
0.84 0.368392 0.846935
0.845 0.372636 0.850755
0.85 0.376899 0.854543
0.855 0.381182 0.8583
0.86 0.385482 0.862024
0.865 0.389802 0.865716
0.87 0.39414 0.869374
0.875 0.398496 0.872999
0.88 0.40287 0.876591
0.885 0.407262 0.880148
0.89 0.411671 0.883671
0.895 0.416098 0.88716
0.9 0.420543 0.890613
0.905 0.425004 0.894031
0.91 0.429483 0.897414
0.915 0.433979 0.90076
0.92 0.438491 0.90407
0.925 0.443019 0.907344
0.93 0.447564 0.910581
0.935 0.452125 0.91378
0.94 0.456702 0.916942
0.945 0.461294 0.920065
0.95 0.465903 0.923151
0.955 0.470526 0.926198
0.96 0.475165 0.929206
0.965 0.479818 0.932174
0.97 0.484486 0.935103
0.975 0.489169 0.937993
0.98 0.493866 0.940842
0.985 0.498577 0.94365
0.99 0.503303 0.946417
0.995 0.508042 0.949144
1 0.512794 0.951829
1.005 0.51756 0.954471
1.01 0.522339 0.957072
1.015 0.527131 0.95963
1.02 0.531935 0.962146
1.025 0.536752 0.964618
1.03 0.541581 0.967047
1.035 0.546423 0.969432
1.04 0.551276 0.971773
1.045 0.55614 0.97407
1.05 0.561016 0.976321
1.055 0.565904 0.978528
1.06 0.570802 0.980689
1.065 0.57571 0.982805
1.07 0.58063 0.984874
1.075 0.585559 0.986898
1.08 0.590499 0.988874
1.085 0.595448 0.990804
1.09 0.600407 0.992686
1.095 0.605375 0.994521
1.1 0.610352 0.996308
1.105 0.615338 0.998047
1.11 0.620332 0.999737
1.115 0.625335 1.00138
1.12 0.630346 1.00297
1.125 0.635365 1.00451
1.13 0.640391 1.00601
1.135 0.645425 1.00745
1.14 0.650466 1.00884
1.145 0.655513 1.01018
1.15 0.660568 1.01147
1.155 0.665628 1.01271
1.16 0.670695 1.0139
1.165 0.675767 1.01504
1.17 0.680845 1.01612
1.175 0.685928 1.01715
1.18 0.691017 1.01813
1.185 0.69611 1.01906
1.19 0.701207 1.01993
1.195 0.706309 1.02075
1.2 0.711415 1.02151
1.205 0.716524 1.02222
1.21 0.721637 1.02288
1.215 0.726753 1.02348
1.22 0.731872 1.02403
1.225 0.736993 1.02452
1.23 0.742117 1.02495
1.235 0.747243 1.02533
1.24 0.75237 1.02565
1.245 0.757499 1.02592
1.25 0.762629 1.02613
1.255 0.76776 1.02628
1.26 0.772892 1.02637
1.265 0.778024 1.02641
1.27 0.783156 1.02639
1.275 0.788288 1.02631
1.28 0.793419 1.02617
1.285 0.79855 1.02598
1.29 0.803679 1.02572
1.295 0.808807 1.02541
1.3 0.813933 1.02503
1.305 0.819057 1.0246
1.31 0.824179 1.02411
1.315 0.829298 1.02355
1.32 0.834415 1.02294
1.325 0.839528 1.02226
1.33 0.844637 1.02153
1.335 0.849743 1.02073
1.34 0.854845 1.01987
1.345 0.859942 1.01895
1.35 0.865034 1.01796
1.355 0.870121 1.01692
1.36 0.875203 1.01581
1.365 0.880279 1.01464
1.37 0.88535 1.0134
1.375 0.890414 1.0121
1.38 0.895471 1.01074
1.385 0.900521 1.00932
1.39 0.905564 1.00783
1.395 0.910599 1.00628
1.4 0.915627 1.00466
1.405 0.920646 1.00298
1.41 0.925656 1.00123
1.415 0.930658 0.999417
1.42 0.935651 0.997539
1.425 0.940634 0.995595
1.43 0.945607 0.993586
1.435 0.950569 0.991511
1.44 0.955522 0.98937
1.445 0.960463 0.987162
1.45 0.965393 0.984887
1.455 0.970312 0.982546
1.46 0.975219 0.980138
1.465 0.980113 0.977662
1.47 0.984995 0.975119
1.475 0.989865 0.972509
1.48 0.99472 0.96983
1.485 0.999563 0.967084
1.49 1.00439 0.964269
1.495 1.00921 0.961386
1.5 1.01401 0.958434
1.505 1.01879 0.955414
1.51 1.02356 0.952324
1.515 1.02831 0.949166
1.52 1.03305 0.945938
1.525 1.03777 0.942641
1.53 1.04248 0.939274
1.535 1.04717 0.935837
1.54 1.05184 0.932331
1.545 1.05649 0.928754
1.55 1.06112 0.925107
1.555 1.06574 0.92139
1.56 1.07034 0.917602
1.565 1.07492 0.913743
1.57 1.07947 0.909814
1.575 1.08401 0.905813
1.58 1.08853 0.901741
1.585 1.09303 0.897598
1.59 1.09751 0.893384
1.595 1.10196 0.889098
1.6 1.1064 0.88474
1.605 1.11081 0.88031
1.61 1.1152 0.875809
1.615 1.11957 0.871235
1.62 1.12392 0.86659
1.625 1.12824 0.861872
1.63 1.13253 0.857081
1.635 1.13681 0.852218
1.64 1.14106 0.847282
1.645 1.14528 0.842274
1.65 1.14948 0.837193
1.655 1.15365 0.832039
1.66 1.1578 0.826812
1.665 1.16192 0.821511
1.67 1.16601 0.816138
1.675 1.17008 0.810691
1.68 1.17412 0.805171
1.685 1.17813 0.799578
1.69 1.18212 0.793911
1.695 1.18607 0.78817
1.7 1.19 0.782356
1.705 1.1939 0.776468
1.71 1.19776 0.770506
1.715 1.2016 0.76447
1.72 1.20541 0.758361
1.725 1.20918 0.752177
1.73 1.21293 0.74592
1.735 1.21664 0.739589
1.74 1.22033 0.733183
1.745 1.22398 0.726703
1.75 1.22759 0.72015
1.755 1.23118 0.713522
1.76 1.23473 0.70682
1.765 1.23825 0.700043
1.77 1.24173 0.693193
1.775 1.24518 0.686268
1.78 1.24859 0.679269
1.785 1.25197 0.672195
1.79 1.25531 0.665047
1.795 1.25862 0.657825
1.8 1.26189 0.650529
1.805 1.26513 0.643159
1.81 1.26832 0.635714
1.815 1.27148 0.628195
1.82 1.2746 0.620601
1.825 1.27769 0.612934
1.83 1.28073 0.605192
1.835 1.28374 0.597376
1.84 1.28671 0.589486
1.845 1.28964 0.581522
1.85 1.29252 0.573484
1.855 1.29537 0.565372
1.86 1.29818 0.557186
1.865 1.30094 0.548926
1.87 1.30367 0.540592
1.875 1.30635 0.532184
1.88 1.30899 0.523703
1.885 1.31159 0.515148
1.89 1.31414 0.506519
1.895 1.31665 0.497817
1.9 1.31912 0.489041
1.905 1.32154 0.480192
1.91 1.32392 0.47127
1.915 1.32625 0.462275
1.92 1.32854 0.453206
1.925 1.33079 0.444065
1.93 1.33298 0.434851
1.935 1.33513 0.425564
1.94 1.33724 0.416204
1.945 1.3393 0.406772
1.95 1.34131 0.397267
1.955 1.34327 0.38769
1.96 1.34518 0.378041
1.965 1.34705 0.36832
1.97 1.34887 0.358527
1.975 1.35063 0.348663
1.98 1.35235 0.338726
1.985 1.35402 0.328719
1.99 1.35564 0.318639
1.995 1.35721 0.308489
2 1.35873 0.298268
2.005 1.36019 0.287976
2.01 1.3616 0.277614
2.015 1.36297 0.267181
2.02 1.36428 0.256678
2.025 1.36553 0.246104
2.03 1.36674 0.235461
2.035 1.36789 0.224748
2.04 1.36899 0.213966
2.045 1.37003 0.203114
2.05 1.37102 0.192193
2.055 1.37195 0.181204
2.06 1.37283 0.170145
2.065 1.37365 0.159019
2.07 1.37442 0.147824
2.075 1.37513 0.136561
2.08 1.37578 0.12523
2.085 1.37638 0.113832
2.09 1.37692 0.102366
2.095 1.37741 0.090834
2.1 1.37783 0.0792348
2.105 1.3782 0.0675692
2.11 1.37851 0.0558372
2.115 1.37876 0.0440393
2.12 1.37895 0.0321757
2.125 1.37908 0.0202467
2.13 1.37915 0.00825255
2.135 1.37916 -0.00380646
2.14 1.37911 -0.01593
2.145 1.379 -0.0281179
2.15 1.37883 -0.0403697
2.155 1.3786 -0.0526852
2.16 1.3783 -0.0650641
2.165 1.37795 -0.077506
2.17 1.37753 -0.0900106
2.175 1.37705 -0.102578
2.18 1.3765 -0.115207
2.185 1.37589 -0.127898
2.19 1.37522 -0.14065
2.195 1.37449 -0.153463
2.2 1.37369 -0.166337
2.205 1.37282 -0.179272
2.21 1.3719 -0.192266
2.215 1.3709 -0.20532
2.22 1.36984 -0.218433
2.225 1.36872 -0.231606
2.23 1.36753 -0.244836
2.235 1.36627 -0.258125
2.24 1.36495 -0.271472
2.245 1.36355 -0.284876
2.25 1.3621 -0.298337
2.255 1.36057 -0.311855
2.26 1.35898 -0.325429
2.265 1.35732 -0.339058
2.27 1.35559 -0.352743
2.275 1.35379 -0.366483
2.28 1.35192 -0.380278
2.285 1.34999 -0.394126
2.29 1.34798 -0.408029
2.295 1.34591 -0.421984
2.3 1.34376 -0.435992
2.305 1.34155 -0.450053
2.31 1.33926 -0.464165
2.315 1.33691 -0.478329
2.32 1.33448 -0.492544
2.325 1.33198 -0.506809
2.33 1.32941 -0.521125
2.335 1.32677 -0.53549
2.34 1.32405 -0.549904
2.345 1.32127 -0.564366
2.35 1.31841 -0.578877
2.355 1.31548 -0.593435
2.36 1.31248 -0.60804
2.365 1.3094 -0.622692
2.37 1.30625 -0.63739
2.375 1.30303 -0.652133
2.38 1.29973 -0.666922
2.385 1.29636 -0.681755
2.39 1.29291 -0.696632
2.395 1.28939 -0.711552
2.4 1.2858 -0.726516
2.405 1.28213 -0.741522
2.41 1.27838 -0.756569
2.415 1.27456 -0.771658
2.42 1.27066 -0.786787
2.425 1.26669 -0.801957
2.43 1.26264 -0.817166
2.435 1.25852 -0.832415
2.44 1.25432 -0.847701
2.445 1.25004 -0.863026
2.45 1.24569 -0.878387
2.455 1.24126 -0.893786
2.46 1.23675 -0.90922
2.465 1.23217 -0.92469
2.47 1.22751 -0.940195
2.475 1.22277 -0.955734
2.48 1.21795 -0.971306
2.485 1.21305 -0.986912
2.49 1.20808 -1.00255
2.495 1.20303 -1.01822
2.5 1.1979 -1.03392
2.505 1.19269 -1.04965
2.51 1.1874 -1.06541
2.515 1.18203 -1.0812
2.52 1.17659 -1.09702
2.525 1.17106 -1.11287
2.53 1.16546 -1.12874
2.535 1.15978 -1.14464
2.54 1.15401 -1.16057
2.545 1.14817 -1.17652
2.55 1.14225 -1.1925
2.555 1.13625 -1.2085
2.56 1.13016 -1.22452
2.565 1.124 -1.24056
2.57 1.11776 -1.25663
2.575 1.11143 -1.27272
2.58 1.10503 -1.28883
2.585 1.09855 -1.30496
2.59 1.09198 -1.3211
2.595 1.08533 -1.33727
2.6 1.07861 -1.35345
2.605 1.0718 -1.36965
2.61 1.06491 -1.38586
2.615 1.05794 -1.40209
2.62 1.05089 -1.41834
2.625 1.04376 -1.4346
2.63 1.03654 -1.45087
2.635 1.02925 -1.46715
2.64 1.02187 -1.48345
2.645 1.01441 -1.49975
2.65 1.00688 -1.51607
2.655 0.999254 -1.53239
2.66 0.991551 -1.54872
2.665 0.983767 -1.56507
2.67 0.975901 -1.58141
2.675 0.967953 -1.59777
2.68 0.959923 -1.61412
2.685 0.951811 -1.63049
2.69 0.943618 -1.64685
2.695 0.935343 -1.66322
2.7 0.926986 -1.67959
2.705 0.918547 -1.69597
2.71 0.910026 -1.71234
2.715 0.901424 -1.72871
2.72 0.892739 -1.74508
2.725 0.883973 -1.76145
2.73 0.875125 -1.77781
2.735 0.866195 -1.79418
2.74 0.857183 -1.81053
2.745 0.848089 -1.82688
2.75 0.838914 -1.84323
2.755 0.829657 -1.85957
2.76 0.820318 -1.8759
2.765 0.810898 -1.89222
2.77 0.801396 -1.90853
2.775 0.791813 -1.92483
2.78 0.782148 -1.94111
2.785 0.772402 -1.95739
2.79 0.762574 -1.97365
2.795 0.752665 -1.9899
2.8 0.742675 -2.00613
2.805 0.732604 -2.02235
2.81 0.722452 -2.03855
2.815 0.712218 -2.05473
2.82 0.701904 -2.07089
2.825 0.69151 -2.08703
2.83 0.681034 -2.10316
2.835 0.670478 -2.11926
2.84 0.659841 -2.13533
2.845 0.649125 -2.15139
2.85 0.638328 -2.16742
2.855 0.62745 -2.18343
2.86 0.616493 -2.1994
2.865 0.605456 -2.21536
2.87 0.59434 -2.23128
2.875 0.583144 -2.24717
2.88 0.571868 -2.26304
2.885 0.560513 -2.27887
2.89 0.549079 -2.29467
2.895 0.537566 -2.31044
2.9 0.525975 -2.32618
2.905 0.514305 -2.34188
2.91 0.502556 -2.35754
2.915 0.490729 -2.37317
2.92 0.478824 -2.38876
2.925 0.466842 -2.40431
2.93 0.454781 -2.41983
2.935 0.442643 -2.4353
2.94 0.430428 -2.45073
2.945 0.418136 -2.46611
2.95 0.405767 -2.48146
2.955 0.393322 -2.49676
2.96 0.3808 -2.51201
2.965 0.368201 -2.52722
2.97 0.355527 -2.54237
2.975 0.342778 -2.55748
2.98 0.329953 -2.57255
2.985 0.317052 -2.58756
2.99 0.304077 -2.60251
2.995 0.291027 -2.61742
3 0.277903 -2.63227
3.005 0.264704 -2.64707
