0 0.159778
0.01 0.155711
0.02 0.151676
0.03 0.147672
0.04 0.143699
0.05 0.139757
0.06 0.135845
0.07 0.131962
0.08 0.128109
0.09 0.124285
0.1 0.120489
0.11 0.116722
0.12 0.112982
0.13 0.109271
0.14 0.105586
0.15 0.101928
0.16 0.0982968
0.17 0.0946917
0.18 0.0911125
0.19 0.0875589
0.2 0.0840306
0.21 0.0805273
0.22 0.0770486
0.23 0.0735944
0.24 0.0701643
0.25 0.0667581
0.26 0.0633755
0.27 0.0600164
0.28 0.0566804
0.29 0.0533674
0.3 0.0500771
0.31 0.0468093
0.32 0.043564
0.33 0.0403408
0.34 0.0371396
0.35 0.0339602
0.36 0.0308026
0.37 0.0276666
0.38 0.0245521
0.39 0.0214589
0.4 0.018387
0.41 0.0153363
0.42 0.0123067
0.43 0.00929828
0.44 0.00631087
0.45 0.0033445
0.46 0.000399165
0.47 0.00252513
0.48 0.00542835
0.49 0.00831045
0.5 0.0111714
0.51 0.0140111
0.52 0.0168294
0.53 0.0196263
0.54 0.0224016
0.55 0.0251551
0.56 0.0278868
0.57 0.0305964
0.58 0.0332836
0.59 0.0359484
0.6 0.0385904
0.61 0.0412093
0.62 0.0438049
0.63 0.0463769
0.64 0.0489249
0.65 0.0514486
0.66 0.0539475
0.67 0.0564214
0.68 0.0588697
0.69 0.061292
0.7 0.0636878
0.71 0.0660566
0.72 0.068398
0.73 0.0707112
0.74 0.0729958
0.75 0.0752511
0.76 0.0774764
0.77 0.0796712
0.78 0.0818346
0.79 0.083966
0.8 0.0860646
0.81 0.0881296
0.82 0.0901602
0.83 0.0921554
0.84 0.0941144
0.85 0.0960363
0.86 0.0979201
0.87 0.0997648
0.88 0.101569
0.89 0.103333
0.9 0.105053
0.91 0.106731
0.92 0.108364
0.93 0.10995
0.94 0.11149
0.95 0.112981
0.96 0.114422
0.97 0.115811
0.98 0.117148
0.99 0.118431
1 40
