0.00000000000000000 40.00000000000000000
0.00100000000000000 39.98383822224622008
0.00200000000000000 39.96771741214838158
0.00300000000000000 39.95163753740339985
0.00400000000000000 39.93559856574911038
0.00500000000000000 39.91960046496427594
0.00600000000000000 39.90364320286851552
0.00700000000000000 39.88772674732227586
0.00800000000000000 39.87185106622679598
0.00900000000000000 39.85601612752410006
0.01000000000000000 39.84022189919694057
0.01100000000000000 39.82446834926877699
0.01200000000000000 39.80875544580371184
0.01300000000000000 39.79308315690648357
0.01400000000000000 39.77745145072243815
0.01500000000000000 39.76186029543744382
0.01600000000000000 39.74630965927793369
0.01700000000000000 39.73079951051077785
0.01800000000000000 39.71532981744331181
0.01900000000000000 39.69990054842330807
0.02000000000000000 39.68451167183886952
0.02100000000000000 39.66916315611845789
0.02200000000000000 39.65385496973083690
0.02300000000000000 39.63858708118502250
0.02400000000000000 39.62335945903024736
0.02500000000000000 39.60817207185593247
0.02600000000000000 39.59302488829164446
0.02700000000000000 39.57791787700706010
0.02800000000000000 39.56285100671190946
0.02900000000000000 39.54782424615597591
0.03000000000000000 39.53283756412900374
0.03100000000000000 39.51789092946069815
0.03200000000000000 39.50298431102066132
0.03300000000000000 39.48811767771839243
0.03400000000000000 39.47329099850317391
0.03500000000000000 39.45850424236409992
0.03600000000000000 39.44375737833000528
0.03700000000000000 39.42905037546940150
0.03800000000000000 39.41438320289050523
0.03900000000000000 39.39975582974111035
0.04000000000000000 39.38516822520859506
0.04100000000000000 39.37062035851989350
0.04200000000000000 39.35611219894140334
0.04300000000000000 39.34164371577898578
0.04400000000000000 39.32721487837791585
0.04500000000000000 39.31282565612279711
0.04600000000000000 39.29847601843756877
0.04700000000000000 39.28416593478542040
0.04800000000000000 39.26989537466878488
0.04900000000000000 39.25566430762928860
0.05000000000000000 39.24147270324766623
0.05100000000000000 39.22732053114378203
0.05200000000000000 39.21320776097651617
0.05300000000000000 39.19913436244376470
0.05400000000000000 39.18510030528238275
0.05500000000000000 39.17110555926810633
0.05600000000000000 39.15715009421555237
0.05700000000000000 39.14323387997816184
0.05800000000000000 39.12935688644812871
0.05900000000000000 39.11551908355636442
0.06000000000000000 39.10172044127250501
0.06100000000000000 39.08796092960474056
0.06200000000000000 39.07424051859988623
0.06300000000000000 39.06055917834326152
0.06400000000000000 39.04691687895866892
0.06500000000000000 39.03331359060836547
0.06600000000000000 39.01974928349294913
0.06700000000000000 39.00622392785140136
0.06800000000000000 38.99273749396095212
0.06900000000000001 38.97928995213705861
0.07000000000000001 38.96588127273341229
0.07100000000000001 38.95251142614181106
0.07200000000000001 38.93918038279212368
0.07300000000000000 38.92588811315225428
0.07400000000000000 38.91263458772807837
0.07500000000000000 38.89941977706342158
0.07600000000000000 38.88624365174000985
0.07700000000000000 38.87310618237736293
0.07800000000000000 38.86000733963278009
0.07900000000000000 38.84694709420129044
0.08000000000000000 38.83392541681557475
0.08100000000000000 38.82094227824594412
0.08200000000000000 38.80799764930027607
0.08300000000000000 38.79509150082397184
0.08400000000000001 38.78222380369986411
0.08500000000000001 38.76939452884818849
0.08600000000000001 38.75660364722655515
0.08700000000000001 38.74385112982984936
0.08799999999999999 38.73113694769020299
0.08900000000000000 38.71846107187695196
0.09000000000000000 38.70582347349652252
0.09100000000000000 38.69322412369243835
0.09200000000000000 38.68066299364524951
0.09300000000000000 38.66814005457245429
0.09400000000000000 38.65565527772847076
0.09500000000000000 38.64320863440457998
0.09600000000000000 38.63080009592883357
0.09700000000000000 38.61842963366603954
0.09800000000000000 38.60609721901767699
0.09900000000000000 38.59380282342183932
0.10000000000000001 38.58154641835320575
0.10100000000000001 38.56932797532296320
0.10200000000000001 38.55714746587874231
0.10300000000000001 38.54500486160455353
0.10400000000000001 38.53290013412074444
0.10500000000000000 38.52083325508397138
0.10600000000000000 38.50880419618708572
0.10700000000000000 38.49681292915907704
0.10800000000000000 38.48485942576506602
0.10900000000000000 38.47294365780619074
0.11000000000000000 38.46106559711956407
0.11100000000000000 38.44922521557824524
0.11200000000000000 38.43742248509110482
0.11300000000000000 38.42565737760283895
0.11400000000000000 38.41392986509389118
0.11500000000000000 38.40223991958033878
0.11600000000000001 38.39058751311391404
0.11700000000000001 38.37897261778188351
0.11800000000000001 38.36739520570700535
0.11900000000000001 38.35585524904745824
0.12000000000000000 38.34435271999678463
0.12100000000000000 38.33288759078383379
0.12200000000000000 38.32145983367271214
0.12300000000000000 38.31006942096266954
0.12400000000000000 38.29871632498809930
0.12500000000000000 38.28740051811842449
0.12600000000000000 38.27612197275806949
0.12700000000000000 38.26488066134635346
0.12800000000000000 38.25367655635747610
0.12900000000000000 38.24250963030041817
0.13000000000000000 38.23137985571890596
0.13100000000000001 38.22028720519129763
0.13200000000000001 38.20923165133056187
0.13300000000000001 38.19821316678422107
0.13400000000000001 38.18723172423423051
0.13500000000000001 38.17628729639696417
0.13600000000000001 38.16537985602311522
0.13700000000000001 38.15450937589765346
0.13800000000000001 38.14367582883976127
0.13900000000000001 38.13287918770274132
0.14000000000000001 38.12211942537395259
0.14100000000000001 38.11139651477476775
0.14200000000000002 38.10071042886050208
0.14300000000000002 38.09006114062030690
0.14400000000000002 38.07944862307713407
0.14499999999999999 38.06887284928767912
0.14599999999999999 38.05833379234228886
0.14699999999999999 38.04783142536488327
0.14799999999999999 38.03736572151290574
0.14899999999999999 38.02693665397727329
0.14999999999999999 38.01654419598224877
0.15100000000000000 38.00618832078541942
0.15200000000000000 37.99586900167762593
0.15300000000000000 37.98558621198285579
0.15400000000000000 37.97533992505822198
0.15500000000000000 37.96513011429382800
0.15600000000000000 37.95495675311277495
0.15700000000000000 37.94481981497103362
0.15800000000000000 37.93471927335738769
0.15900000000000000 37.92465510179335553
0.16000000000000000 37.91462727383315467
0.16100000000000000 37.90463576306355975
0.16200000000000001 37.89468054310391665
0.16300000000000001 37.88476158760598622
0.16400000000000001 37.87487887025391586
0.16500000000000001 37.86503236476418266
0.16600000000000001 37.85522204488548681
0.16700000000000001 37.84544788439866636
0.16800000000000001 37.83570985711667589
0.16900000000000001 37.82600793688445151
0.17000000000000001 37.81634209757886822
0.17100000000000001 37.80671231310869018
0.17200000000000001 37.79711855741444282
0.17300000000000001 37.78756080446837018
0.17400000000000002 37.77803902827435678
0.17500000000000002 37.76855320286786366
0.17599999999999999 37.75910330231579337
0.17699999999999999 37.74968930071649709
0.17799999999999999 37.74031117219963249
0.17899999999999999 37.73096889092612116
0.17999999999999999 37.72166243108806327
0.18099999999999999 37.71239176690868078
0.18200000000000000 37.70315687264219662
0.18300000000000000 37.69395772257377786
0.18400000000000000 37.68479429101947176
0.18500000000000000 37.67566655232609207
0.18600000000000000 37.66657448087118354
0.18700000000000000 37.65751805106292238
0.18800000000000000 37.64849723734003817
0.18900000000000000 37.63951201417174275
0.19000000000000000 37.63056235605763078
0.19100000000000000 37.62164823752762999
0.19200000000000000 37.61276963314189459
0.19300000000000000 37.60392651749071291
0.19400000000000001 37.59511886519449320
0.19500000000000001 37.58634665090362148
0.19600000000000001 37.57760984929838344
0.19700000000000001 37.56890843508892885
0.19800000000000001 37.56024238301514373
0.19900000000000001 37.55161166784656501
0.20000000000000001 37.54301626438234507
0.20100000000000001 37.53445614745113090
0.20200000000000001 37.52593129191100019
0.20300000000000001 37.51744167264938312
0.20400000000000001 37.50898726458295585
0.20500000000000002 37.50056804265759780
0.20600000000000002 37.49218398184825674
0.20700000000000002 37.48383505715887054
0.20800000000000002 37.47552124362233883
0.20899999999999999 37.46724251630039504
0.20999999999999999 37.45899885028350695
0.21099999999999999 37.45079022069084829
0.21199999999999999 37.44261660267016367
0.21299999999999999 37.43447797139771893
0.21400000000000000 37.42637430207818028
0.21500000000000000 37.41830556994455037
0.21600000000000000 37.41027175025811147
0.21700000000000000 37.40227281830827621
0.21800000000000000 37.39430874941252370
0.21900000000000000 37.38637951891633548
0.22000000000000000 37.37848510219311038
0.22100000000000000 37.37062547464405071
0.22200000000000000 37.36280061169809841
0.22300000000000000 37.35501048881182840
0.22400000000000000 37.34725508146934203
0.22500000000000001 37.33953436518223867
0.22600000000000001 37.33184831548948779
0.22700000000000001 37.32419690795734368
0.22800000000000001 37.31658011817927445
0.22900000000000001 37.30899792177584828
0.23000000000000001 37.30145029439467663
0.23100000000000001 37.29393721171027920
0.23200000000000001 37.28645864942402000
0.23300000000000001 37.27901458326404338
0.23400000000000001 37.27160498898512486
0.23500000000000001 37.26422984236862845
0.23600000000000002 37.25688911922240010
0.23700000000000002 37.24958279538066108
0.23800000000000002 37.24231084670396541
0.23900000000000002 37.23507324907905769
0.23999999999999999 37.22786997841880918
0.24099999999999999 37.22070101066210412
0.24199999999999999 37.21356632177376866
0.24299999999999999 37.20646588774445718
0.24399999999999999 37.19939968459056701
0.24500000000000000 37.19236768835418872
0.24600000000000000 37.18536987510295688
0.24700000000000000 37.17840622092996483
0.24800000000000000 37.17147670195370068
0.24900000000000000 37.16458129431791235
0.25000000000000000 37.15771997419154360
0.25100000000000000 37.15089271776864166
0.25200000000000000 37.14409950126826487
0.25300000000000000 37.13734030093433347
0.25400000000000000 37.13061509303560115
0.25500000000000000 37.12392385386553428
0.25600000000000001 37.11726655974221956
0.25700000000000001 37.11064318700825737
0.25800000000000001 37.10405371203067659
0.25900000000000001 37.09749811120082796
0.26000000000000001 37.09097636093429884
0.26100000000000001 37.08448843767082082
0.26200000000000001 37.07803431787416315
0.26300000000000001 37.07161397803202618
0.26400000000000001 37.06522739465594896
0.26500000000000001 37.05887454428123107
0.26600000000000001 37.05255540346681897
0.26700000000000002 37.04626994879520652
0.26800000000000002 37.04001815687232835
0.26900000000000002 37.03380000432746044
0.27000000000000002 37.02761546781315616
0.27100000000000002 37.02146452400509702
0.27200000000000002 37.01534714960203587
0.27300000000000002 37.00926332132567609
0.27400000000000002 37.00321301592055079
0.27500000000000002 36.99719621015397308
0.27600000000000002 36.99121288081590109
0.27700000000000002 36.98526300471883133
0.27800000000000002 36.97934655869771348
0.27900000000000003 36.97346351960983668
0.28000000000000003 36.96761386433475138
0.28100000000000003 36.96179756977413433
0.28200000000000003 36.95601461285172462
0.28300000000000003 36.95026497051317449
0.28400000000000003 36.94454861972597826
0.28500000000000003 36.93886553747937285
0.28600000000000003 36.93321570078423122
0.28700000000000003 36.92759908667292734
0.28800000000000003 36.92201567219927227
0.28899999999999998 36.91646543443840756
0.28999999999999998 36.91094835048664180
0.29099999999999998 36.90546439746142227
0.29199999999999998 36.90001355250120696
0.29299999999999998 36.89459579276532253
0.29399999999999998 36.88921109543390742
0.29499999999999998 36.88385943770780528
0.29599999999999999 36.87854079680840158
0.29699999999999999 36.87325514997757381
0.29799999999999999 36.86800247447756362
0.29899999999999999 36.86278274759088447
0.29999999999999999 36.85759594662019367
0.30099999999999999 36.85244204888817876
0.30199999999999999 36.84732103173750062
0.30299999999999999 36.84223287253062296
0.30399999999999999 36.83717754864975547
0.30499999999999999 36.83215503749670461
0.30599999999999999 36.82716531649278124
0.30700000000000000 36.82220836307869405
0.30800000000000000 36.81728415471445715
0.30900000000000000 36.81239266887923378
0.31000000000000000 36.80753388307127949
0.31100000000000000 36.80270777480779998
0.31200000000000000 36.79791432162484455
0.31300000000000000 36.79315350107720661
0.31400000000000000 36.78842529073829581
0.31500000000000000 36.78372966820002432
0.31600000000000000 36.77906661107273578
0.31700000000000000 36.77443609698504901
0.31800000000000000 36.76983810358377269
0.31900000000000001 36.76527260853377044
0.32000000000000001 36.76073958951787546
0.32100000000000001 36.75623902423676981
0.32200000000000001 36.75177089040884937
0.32300000000000001 36.74733516577012438
0.32400000000000001 36.74293182807411284
0.32500000000000001 36.73856085509171265
0.32600000000000001 36.73422222461110920
0.32700000000000001 36.72991591443764747
0.32800000000000001 36.72564190239370419
0.32900000000000001 36.72140016631860249
0.33000000000000002 36.71719068406848407
0.33100000000000002 36.71301343351617419
0.33200000000000002 36.70886839255106082
0.33300000000000002 36.70475553907903787
0.33400000000000002 36.70067485102234173
0.33500000000000002 36.69662630631944467
0.33600000000000002 36.69260988292493408
0.33700000000000002 36.68862555880939880
0.33800000000000002 36.68467331195930115
0.33900000000000002 36.68075312037686331
0.34000000000000002 36.67686496207997493
0.34100000000000003 36.67300881510204391
0.34200000000000003 36.66918465749189693
0.34300000000000003 36.66539246731364443
0.34400000000000003 36.66163222264655985
0.34500000000000003 36.65790390158498013
0.34600000000000003 36.65420748223817782
0.34700000000000003 36.65054294273022606
0.34800000000000003 36.64691026119989914
0.34900000000000003 36.64330941580054457
0.35000000000000003 36.63974038469996231
0.35100000000000003 36.63620314608027684
0.35199999999999998 36.63269767813781641
0.35299999999999998 36.62922395908300643
0.35399999999999998 36.62578196714023449
0.35499999999999998 36.62237168054770819
0.35599999999999998 36.61899307755736999
0.35699999999999998 36.61564613643476207
0.35799999999999998 36.61233083545889144
0.35899999999999999 36.60904715292213041
0.35999999999999999 36.60579506713006737
0.36099999999999999 36.60257455640140023
0.36199999999999999 36.59938559906779432
0.36299999999999999 36.59622817347376866
0.36399999999999999 36.59310225797656813
0.36499999999999999 36.59000783094605680
0.36599999999999999 36.58694487076456170
0.36699999999999999 36.58391335582675907
0.36799999999999999 36.58091326453954650
0.36899999999999999 36.57794457532193633
0.37000000000000000 36.57500726660487800
0.37100000000000000 36.57210131683119414
0.37200000000000000 36.56922670445544554
0.37300000000000000 36.56638340794371800
0.37400000000000000 36.56357140577360809
0.37500000000000000 36.56079067643403846
0.37600000000000000 36.55804119842515121
0.37700000000000000 36.55532295025812317
0.37800000000000000 36.55263591045510196
0.37900000000000000 36.54998005754905677
0.38000000000000000 36.54735537008363622
0.38100000000000001 36.54476182661306183
0.38200000000000001 36.54219940570195746
0.38300000000000001 36.53966808592527826
0.38400000000000001 36.53716784586811173
0.38500000000000001 36.53469866412557820
0.38600000000000001 36.53226051930271723
0.38700000000000001 36.52985339001435250
0.38800000000000001 36.52747725488492136
0.38900000000000001 36.52513209254837534
0.39000000000000001 36.52281788164804510
0.39100000000000001 36.52053460083649128
0.39200000000000002 36.51828222877539787
0.39300000000000002 36.51606074413540881
0.39400000000000002 36.51387012559601430
0.39500000000000002 36.51171035184541580
0.39600000000000002 36.50958140158035548
0.39700000000000002 36.50748325350604517
0.39800000000000002 36.50541588633598877
0.39900000000000002 36.50337927879184718
0.40000000000000002 36.50137340960331755
0.40100000000000002 36.49939825750796984
0.40200000000000002 36.49745380125116867
0.40300000000000002 36.49554001958586724
0.40400000000000003 36.49365689127252210
0.40500000000000003 36.49180439507890839
0.40600000000000003 36.48998250978001323
0.40700000000000003 36.48819121415791500
0.40800000000000003 36.48643048700161273
0.40900000000000003 36.48470030710687695
0.41000000000000003 36.48300065327616437
0.41100000000000003 36.48133150431842608
0.41200000000000003 36.47969283904898674
0.41300000000000003 36.47808463628940956
0.41400000000000003 36.47650687486735421
0.41500000000000004 36.47495953361642762
0.41600000000000004 36.47344259137606315
0.41699999999999998 36.47195602699133588
0.41799999999999998 36.47049981931287022
0.41899999999999998 36.46907394719668360
0.41999999999999998 36.46767838950402307
0.42099999999999999 36.46631312510125156
0.42199999999999999 36.46497813285969158
0.42299999999999999 36.46367339165546895
0.42399999999999999 36.46239888036939192
0.42499999999999999 36.46115457788677361
0.42599999999999999 36.45994046309733960
0.42699999999999999 36.45875651489506453
0.42799999999999999 36.45760271217798021
0.42899999999999999 36.45647903384811883
0.42999999999999999 36.45538545881127845
0.43099999999999999 36.45432196597691643
0.43200000000000000 36.45328853425802862
0.43300000000000000 36.45228514257095753
0.43400000000000000 36.45131176983526444
0.43500000000000000 36.45036839497360859
0.43600000000000000 36.44945499691155533
0.43700000000000000 36.44857155457744824
0.43800000000000000 36.44771804690225991
0.43900000000000000 36.44689445281942852
0.44000000000000000 36.44610075126474413
0.44100000000000000 36.44533692117619239
0.44200000000000000 36.44460294149375557
0.44300000000000000 36.44389879115932018
0.44400000000000001 36.44322444911649228
0.44500000000000001 36.44257989431048372
0.44600000000000001 36.44196510568793457
0.44700000000000001 36.44138006219673542
0.44800000000000001 36.44082474278594219
0.44900000000000001 36.44029912640554869
0.45000000000000001 36.43980319200639428
0.45100000000000001 36.43933691853999335
0.45200000000000001 36.43890028495839317
0.45300000000000001 36.43849327021398210
0.45400000000000001 36.43811585325937585
0.45500000000000002 36.43776801304723989
0.45600000000000002 36.43744972853013309
0.45700000000000002 36.43716097866040116
0.45800000000000002 36.43690174238994928
0.45900000000000002 36.43667199867014261
0.46000000000000002 36.43647172645160737
0.46100000000000002 36.43630090468410287
0.46200000000000002 36.43615951231636529
0.46300000000000002 36.43604752829595839
0.46400000000000002 36.43596493156908878
0.46500000000000002 36.43591170108046384
0.46600000000000003 36.43588781577314251
0.46700000000000003 36.43589325458835049
0.46800000000000003 36.43592799646536662
0.46900000000000003 36.43599202034128837
0.47000000000000003 36.43608530515098209
0.47100000000000003 36.43620782982682016
0.47200000000000003 36.43635957329857433
0.47300000000000003 36.43654051449324527
0.47400000000000003 36.43675063233489198
0.47500000000000003 36.43698990574449681
0.47600000000000003 36.43725831363978074
0.47700000000000004 36.43755583493503281
0.47800000000000004 36.43788244854097513
0.47900000000000004 36.43823813336458528
0.47999999999999998 36.43862286830894703
0.48099999999999998 36.43903663227305856
0.48199999999999998 36.43947940415169739
0.48299999999999998 36.43995116283524993
0.48399999999999999 36.44045188720952666
0.48499999999999999 36.44098155615563428
0.48599999999999999 36.44154014854979096
0.48699999999999999 36.44212764326313447
0.48799999999999999 36.44274401916161565
0.48899999999999999 36.44338925510577099
0.48999999999999999 36.44406332995058762
0.49099999999999999 36.44476622254534703
0.49199999999999999 36.44549791173344744
0.49299999999999999 36.44625837635224030
0.49399999999999999 36.44704759523282434
0.49500000000000000 36.44786554719991045
0.49600000000000000 36.44871221107168680
0.49700000000000000 36.44958756565959135
0.49800000000000000 36.45049158976815562
0.49900000000000000 36.45142426219486254
0.50000000000000000 36.45238556172992617
0.50100000000000000 36.45337546715617805
0.50200000000000000 36.45439395724887532
0.50300000000000000 36.45544101077550891
0.50400000000000000 36.45651660649565429
0.50500000000000000 36.45762072316078672
0.50600000000000001 36.45875333951413211
0.50700000000000001 36.45991443429046797
0.50800000000000001 36.46110398621596005
0.50900000000000001 36.46232197400797759
0.51000000000000001 36.46356837637492987
0.51100000000000001 36.46484317201611702
0.51200000000000001 36.46614633962148844
0.51300000000000001 36.46747785787152907
0.51400000000000001 36.46883770543708181
0.51500000000000001 36.47022586097912011
0.51600000000000001 36.47164230314862010
0.51700000000000002 36.47308701058636160
0.51800000000000002 36.47455996192277183
0.51900000000000002 36.47606113577773357
0.52000000000000002 36.47759051076039327
0.52100000000000002 36.47914806546901900
0.52200000000000002 36.48073377849076593
0.52300000000000002 36.48234762840156264
0.52400000000000002 36.48398959376589090
0.52500000000000002 36.48565965313661508
0.52600000000000002 36.48735778505480454
0.52700000000000002 36.48908396804954180
0.52800000000000002 36.49083818063775198
0.52900000000000003 36.49262040132402518
0.53000000000000003 36.49443060860043175
0.53100000000000003 36.49626878094631621
0.53200000000000003 36.49813489682816936
0.53300000000000003 36.50002893469937959
0.53400000000000003 36.50195087300011210
0.53500000000000003 36.50390069015706018
0.53600000000000003 36.50587836458332447
0.53700000000000003 36.50788387467817842
0.53800000000000003 36.50991719882691200
0.53900000000000003 36.51197831540063277
0.54000000000000004 36.51406720275610951
0.54100000000000004 36.51618383923552358
0.54200000000000004 36.51832820316633388
0.54300000000000004 36.52050027286109213
0.54400000000000004 36.52270002661721549
0.54500000000000004 36.52492744271684444
0.54600000000000004 36.52718249942662254
0.54700000000000004 36.52946517499750456
0.54800000000000004 36.53177544766460016
0.54900000000000004 36.53411329564693943
0.55000000000000004 36.53647869714733787
0.55100000000000005 36.53887163035215480
0.55200000000000005 36.54129207343112284
0.55300000000000005 36.54374000453718452
0.55400000000000005 36.54621540180622929
0.55500000000000005 36.54871824335698705
0.55600000000000005 36.55124850729076513
0.55700000000000005 36.55380617169129209
0.55800000000000005 36.55639121462450447
0.55900000000000005 36.55900361413839050
0.56000000000000005 36.56164334826276985
0.56100000000000005 36.56431039500907332
0.56200000000000006 36.56700473237022209
0.56300000000000006 36.56972633832030795
0.56400000000000006 36.57247519081454357
0.56500000000000006 36.57525126778894986
0.56600000000000006 36.57805454716022098
0.56700000000000006 36.58088500682552535
0.56800000000000006 36.58374262466227123
0.56900000000000006 36.58662737852794322
0.57000000000000006 36.58953924625989629
0.57100000000000006 36.59247820567514253
0.57200000000000006 36.59544423457016649
0.57300000000000006 36.59843731072071904
0.57400000000000007 36.60145741188161850
0.57500000000000007 36.60450451578654452
0.57600000000000007 36.60757860014785336
0.57699999999999996 36.61067964265635055
0.57799999999999996 36.61380762098113451
0.57899999999999996 36.61696251276934078
0.57999999999999996 36.62014429564594309
0.58099999999999996 36.62335294721360412
0.58199999999999996 36.62658844505241973
0.58299999999999996 36.62985076671973417
0.58399999999999996 36.63313988974993407
0.58499999999999996 36.63645579165422106
0.58599999999999997 36.63979844992046964
0.58699999999999997 36.64316784201293586
0.58799999999999997 36.64656394537212947
0.58899999999999997 36.64998673741454382
0.58999999999999997 36.65343619553249965
0.59099999999999997 36.65691229709388210
0.59199999999999997 36.66041501944199155
0.59299999999999997 36.66394433989528068
0.59399999999999997 36.66750023574719819
0.59499999999999997 36.67108268426594719
0.59599999999999997 36.67469166269427916
0.59699999999999998 36.67832714824927365
0.59799999999999998 36.68198911812214646
0.59899999999999998 36.68567754947802229
0.59999999999999998 36.68939241945577123
0.60099999999999998 36.69313370516769623
0.60199999999999998 36.69690138369941224
0.60299999999999998 36.70069543210959750
0.60399999999999998 36.70451582742977337
0.60499999999999998 36.70836254666411946
0.60599999999999998 36.71223556678923927
0.60699999999999998 36.71613486475392563
0.60799999999999998 36.72006041747897598
0.60899999999999999 36.72401220185695792
0.60999999999999999 36.72799019475201021
0.61099999999999999 36.73199437299961545
0.61199999999999999 36.73602471340637976
0.61299999999999999 36.74008119274981965
0.61399999999999999 36.74416378777811332
0.61499999999999999 36.74827247520995144
0.61599999999999999 36.75240723173427426
0.61699999999999999 36.75656803401003714
0.61799999999999999 36.76075485866599735
0.61899999999999999 36.76496768230052936
0.62000000000000000 36.76920648148136195
0.62100000000000000 36.77347123274536500
0.62200000000000000 36.77776191259835059
0.62300000000000000 36.78207849751483849
0.62400000000000000 36.78642096393780747
0.62500000000000000 36.79078928827848216
0.62600000000000000 36.79518344691616250
0.62700000000000000 36.79960341619791819
0.62800000000000000 36.80404917243841822
0.62900000000000000 36.80852069191970344
0.63000000000000000 36.81301795089092366
0.63100000000000001 36.81754092556813163
0.63200000000000001 36.82208959213406985
0.63300000000000001 36.82666392673791478
0.63400000000000001 36.83126390549507079
0.63500000000000001 36.83588950448695698
0.63600000000000001 36.84054069976073720
0.63700000000000001 36.84521746732909975
0.63800000000000001 36.84991978317005135
0.63900000000000001 36.85464762322666843
0.64000000000000001 36.85940096340687688
0.64100000000000001 36.86417977958321046
0.64200000000000002 36.86898404759257630
0.64300000000000002 36.87381374323604177
0.64400000000000002 36.87866884227858577
0.64500000000000002 36.88354932044887136
0.64600000000000002 36.88845515343898995
0.64700000000000002 36.89338631690426951
0.64800000000000002 36.89834278646299737
0.64900000000000002 36.90332453769622845
0.65000000000000002 36.90833154614747968
0.65100000000000002 36.91336378732257373
0.65200000000000002 36.91842123668936182
0.65300000000000002 36.92350386967750353
0.65400000000000003 36.92861166167818965
0.65500000000000003 36.93374458804394322
0.65600000000000003 36.93890262408835667
0.65700000000000003 36.94408574508585730
0.65800000000000003 36.94929392627148701
0.65900000000000003 36.95452714284066076
0.66000000000000003 36.95978536994887520
0.66100000000000003 36.96506858271154528
0.66200000000000003 36.97037675620368447
0.66300000000000003 36.97570986545971294
0.66400000000000003 36.98106788547320889
0.66500000000000004 36.98645079119665269
0.66600000000000004 36.99185855754117114
0.66700000000000004 36.99729115937633850
0.66800000000000004 37.00274857152987806
0.66900000000000004 37.00823076878743478
0.67000000000000004 37.01373772589234790
0.67100000000000004 37.01926941754537381
0.67200000000000004 37.02482581840448006
0.67300000000000004 37.03040690308456817
0.67400000000000004 37.03601264615719657
0.67500000000000004 37.04164302215040294
0.67600000000000005 37.04729800554839869
0.67700000000000005 37.05297757079132026
0.67800000000000005 37.05868169227501596
0.67900000000000005 37.06441034435076176
0.68000000000000005 37.07016350132504101
0.68100000000000005 37.07594113745926023
0.68200000000000005 37.08174322696949332
0.68300000000000005 37.08756974402627549
0.68400000000000005 37.09342066275430483
0.68500000000000005 37.09929595723219364
0.68600000000000005 37.10519560149224816
0.68700000000000006 37.11111956952017721
0.68800000000000006 37.11706783525481512
0.68900000000000006 37.12304037258795120
0.69000000000000006 37.12903715536396732
0.69100000000000006 37.13505815737965321
0.69200000000000006 37.14110335238392935
0.69300000000000006 37.14717271407759114
0.69400000000000006 37.15326621611303182
0.69500000000000006 37.15938383209400797
0.69600000000000006 37.16552553557535532
0.69700000000000006 37.17169130006274003
0.69800000000000006 37.17788109901240290
0.69900000000000007 37.18409490583088939
0.70000000000000007 37.19033269387479379
0.70100000000000007 37.19659443645048214
0.70200000000000007 37.20288010681383639
0.70300000000000007 37.20918967817000578
0.70399999999999996 37.21552312367313675
0.70499999999999996 37.22188041642607459
0.70599999999999996 37.22826152948013601
0.70699999999999996 37.23466643583483204
0.70799999999999996 37.24109510843759807
0.70899999999999996 37.24754752018353088
0.70999999999999996 37.25402364391511156
0.71099999999999997 37.26052345242194264
0.71199999999999997 37.26704691844047090
0.71299999999999997 37.27359401465373878
0.71399999999999997 37.28016471369108586
0.71499999999999997 37.28675898812792155
0.71599999999999997 37.29337681048541242
0.71699999999999997 37.30001815323020509
0.71799999999999997 37.30668298877419176
0.71899999999999997 37.31337128947424020
0.71999999999999997 37.32008302763185270
0.72099999999999997 37.32681817549295999
0.72199999999999998 37.33357670524762284
0.72299999999999998 37.34035858902975491
0.72399999999999998 37.34716379891685278
0.72499999999999998 37.35399230692971173
0.72599999999999998 37.36084408503215570
0.72699999999999998 37.36771910513073891
0.72799999999999998 37.37461733907450423
0.72899999999999998 37.38153875865467057
0.72999999999999998 37.38848333560439841
0.73099999999999998 37.39545104159845579
0.73199999999999998 37.40244184825295548
0.73299999999999998 37.40945572712509914
0.73399999999999999 37.41649264971287892
0.73499999999999999 37.42355258745478608
0.73599999999999999 37.43063551172950554
0.73699999999999999 37.43774139385570976
0.73799999999999999 37.44487020509170350
0.73899999999999999 37.45202191663515379
0.73999999999999999 37.45919649962284126
0.74099999999999999 37.46639392513033329
0.74199999999999999 37.47361416417168556
0.74299999999999999 37.48085718769922181
0.74399999999999999 37.48812296660315724
0.74500000000000000 37.49541147171139954
0.74600000000000000 37.50272267378918656
0.74700000000000000 37.51005654353886598
0.74800000000000000 37.51741305159952589
0.74900000000000000 37.52479216854676736
0.75000000000000000 37.53219386489240605
0.75100000000000000 37.53961811108412405
0.75200000000000000 37.54706487750525667
0.75300000000000000 37.55453413447447275
0.75400000000000000 37.56202585224541934
0.75500000000000000 37.56954000100650859
0.75600000000000001 37.57707655088060505
0.75700000000000001 37.58463547192469179
0.75800000000000001 37.59221673412960030
0.75900000000000001 37.59982030741975478
0.76000000000000001 37.60744616165278842
0.76100000000000001 37.61509426661930178
0.76200000000000001 37.62276459204257861
0.76300000000000001 37.63045710757824480
0.76400000000000001 37.63817178281398412
0.76500000000000001 37.64590858726923273
0.76600000000000001 37.65366749039490202
0.76700000000000002 37.66144846157303760
0.76800000000000002 37.66925147011654218
0.76900000000000002 37.67707648526888420
0.77000000000000002 37.68492347620379235
0.77100000000000002 37.69279241202490738
0.77200000000000002 37.70068326176554763
0.77300000000000002 37.70859599438832532
0.77400000000000002 37.71653057878489790
0.77500000000000002 37.72448698377566245
0.77600000000000002 37.73246517810940759
0.77700000000000002 37.74046513046300788
0.77800000000000002 37.74848680944116808
0.77900000000000003 37.75653018357607493
0.78000000000000003 37.76459522132708457
0.78100000000000003 37.77268189108043828
0.78200000000000003 37.78079016114892141
0.78300000000000003 37.78891999977157212
0.78400000000000003 37.79707137511336157
0.78500000000000003 37.80524425526487420
0.78600000000000003 37.81343860824201641
0.78700000000000003 37.82165440198567552
0.78800000000000003 37.82989160436143550
0.78900000000000003 37.83815018315922174
0.79000000000000004 37.84643010609301683
0.79100000000000004 37.85473134080054791
0.79200000000000004 37.86305385484291719
0.79300000000000004 37.87139761570434615
0.79400000000000004 37.87976259079186292
0.79500000000000004 37.88814874743489014
0.79600000000000004 37.89655605288502471
0.79700000000000004 37.90498447431568252
0.79800000000000004 37.91343397882176447
0.79900000000000004 37.92190453341934386
0.80000000000000004 37.93039610504534664
0.80100000000000005 37.93890866055722455
0.80200000000000005 37.94744216673263537
0.80300000000000005 37.95599659026910899
0.80400000000000005 37.96457189778375607
0.80500000000000005 37.97316805581287724
0.80600000000000005 37.98178503081170021
0.80700000000000005 37.99042278915403870
0.80800000000000005 37.99908129713193006
0.80900000000000005 38.00776052095532265
0.81000000000000005 38.01646042675177029
0.81100000000000005 38.02518098056609830
0.81200000000000006 38.03392214836002694
0.81300000000000006 38.04268389601191558
0.81400000000000006 38.05146618931637192
0.81500000000000006 38.06026899398391805
0.81600000000000006 38.06909227564069909
0.81700000000000006 38.07793599982813504
0.81800000000000006 38.08680013200256553
0.81900000000000006 38.09568463753492296
0.82000000000000006 38.10458948171041982
0.82100000000000006 38.11351462972817927
0.82200000000000006 38.12246004670090826
0.82300000000000006 38.13142569765459200
0.82400000000000007 38.14041154752811025
0.82500000000000007 38.14941756117289628
0.82600000000000007 38.15844370335264557
0.82700000000000007 38.16748993874293916
0.82800000000000007 38.17655623193090975
0.82900000000000007 38.18564254741490060
0.83000000000000007 38.19474884960411742
0.83100000000000007 38.20387510281830856
0.83200000000000007 38.21302127128738846
0.83299999999999996 38.22218731915109657
0.83399999999999996 38.23137321045868475
0.83499999999999996 38.24057890916853353
0.83599999999999997 38.24980437914783238
0.83699999999999997 38.25904958417221025
0.83799999999999997 38.26831448792540868
0.83899999999999997 38.27759905399892659
0.83999999999999997 38.28690324589166494
0.84099999999999997 38.29622702700957859
0.84199999999999997 38.30557036066533527
0.84299999999999997 38.31493321007794606
0.84399999999999997 38.32431553837242433
0.84499999999999997 38.33371730857944470
0.84599999999999997 38.34313848363494515
0.84699999999999998 38.35257902637982141
0.84799999999999998 38.36203889955957180
0.84899999999999998 38.37151806582388502
0.84999999999999998 38.38101648772637731
0.85099999999999998 38.39053412772414475
0.85199999999999998 38.40007094817745781
0.85299999999999998 38.40962691134938467
0.85399999999999998 38.41920197940542181
0.85499999999999998 38.42879611441315291
0.85599999999999998 38.43840927834190779
0.85699999999999998 38.44804143306234323
0.85799999999999998 38.45769254034613738
0.85899999999999999 38.46736256186559899
0.85999999999999999 38.47705145919329084
0.86099999999999999 38.48675919380170996
0.86199999999999999 38.49648572706288974
0.86299999999999999 38.50623102024803757
0.86399999999999999 38.51599503452718665
0.86499999999999999 38.52577773096880520
0.86599999999999999 38.53557907053943410
0.86699999999999999 38.54539901410333869
0.86799999999999999 38.55523752242212510
0.86899999999999999 38.56509455615434945
0.87000000000000000 38.57497007585519100
0.87100000000000000 38.58486404197604003
0.87200000000000000 38.59477641486412836
0.87300000000000000 38.60470715476220960
0.87400000000000000 38.61465622180813995
0.87500000000000000 38.62462357603450158
0.87600000000000000 38.63460917736824030
0.87700000000000000 38.64461298563032443
0.87800000000000000 38.65463496053529724
0.87900000000000000 38.66467506169095003
0.88000000000000000 38.67473324859792427
0.88100000000000001 38.68480948064934211
0.88200000000000001 38.69490371713041554
0.88300000000000001 38.70501591721811252
0.88400000000000001 38.71514603998070214
0.88500000000000001 38.72529404437741363
0.88600000000000001 38.73545988925808814
0.88700000000000001 38.74564353336272404
0.88800000000000001 38.75584493532114294
0.88900000000000001 38.76606405365258468
0.89000000000000001 38.77630084676533784
0.89100000000000001 38.78655527295634187
0.89200000000000002 38.79682729041081046
0.89300000000000002 38.80711685720184789
0.89400000000000002 38.81742393129002977
0.89500000000000002 38.82774847052304779
0.89600000000000002 38.83809043263531180
0.89700000000000002 38.84844977524754484
0.89800000000000002 38.85882645586640649
0.89900000000000002 38.86922043188413056
0.90000000000000002 38.87963166057805608
0.90100000000000002 38.89006009911032180
0.90200000000000002 38.90050570452741141
0.90300000000000002 38.91096843375976277
0.90400000000000003 38.92144824362141264
0.90500000000000003 38.93194509080957033
0.90600000000000003 38.94245893190421981
0.90700000000000003 38.95298972336774312
0.90800000000000003 38.96353742154449407
0.90900000000000003 38.97410198266040737
0.91000000000000003 38.98468336282262925
0.91100000000000003 38.99528151801907683
0.91200000000000003 39.00589640411807579
0.91300000000000003 39.01652797686788432
0.91400000000000003 39.02717619189638043
0.91500000000000004 39.03784100471062857
0.91600000000000004 39.04852237069643905
0.91700000000000004 39.05922024511798440
0.91800000000000004 39.06993458311742273
0.91900000000000004 39.08066533971445011
0.92000000000000004 39.09141246980593110
0.92100000000000004 39.10217592816544396
0.92200000000000004 39.11295566944292545
0.92300000000000004 39.12375164816420892
0.92400000000000004 39.13456381873066192
0.92500000000000004 39.14539213541873863
0.92600000000000005 39.15623655237958900
0.92700000000000005 39.16709702363863954
0.92800000000000005 39.17797350309518833
0.92900000000000005 39.18886594452195027
0.93000000000000005 39.19977430156469467
0.93100000000000005 39.21069852774181186
0.93200000000000005 39.22163857644387264
0.93300000000000005 39.23259440093325168
0.93400000000000005 39.24356595434370121
0.93500000000000005 39.25455318967988916
0.93600000000000005 39.26555605981702257
0.93700000000000006 39.27657451750042839
0.93800000000000006 39.28760851534509868
0.93900000000000006 39.29865800583530699
0.94000000000000006 39.30972294132416067
0.94100000000000006 39.32080327403318876
0.94200000000000006 39.33189895605192277
0.94300000000000006 39.34300993933746327
0.94400000000000006 39.35413617571403933
0.94500000000000006 39.36527761687261062
0.94600000000000006 39.37643421437040558
0.94700000000000006 39.38760591963054480
0.94800000000000006 39.39879268394156497
0.94900000000000007 39.40999445845700677
0.95000000000000007 39.42121119419499564
0.95100000000000007 39.43244284203779415
0.95200000000000007 39.44368935273135435
0.95300000000000007 39.45495067688491986
0.95400000000000007 39.46622676497058535
0.95500000000000007 39.47751756732284889
0.95600000000000007 39.48882303413818562
0.95700000000000007 39.50014311547460721
0.95800000000000007 39.51147776125122846
0.95900000000000007 39.52282692124781960
0.95999999999999996 39.53419054510439423
0.96099999999999997 39.54556858232073324
0.96199999999999997 39.55696098225597979
0.96299999999999997 39.56836769412817745
0.96399999999999997 39.57978866701385101
0.96499999999999997 39.59122384984753040
0.96599999999999997 39.60267319142133147
0.96699999999999997 39.61413664038451543
0.96799999999999997 39.62561414524302705
0.96899999999999997 39.63710565435905409
0.96999999999999997 39.64861111595060095
0.97099999999999997 39.66013047809099135
0.97199999999999998 39.67166368870849880
0.97299999999999998 39.68321069558583503
0.97399999999999998 39.69477144635970944
0.97499999999999998 39.70634588852041702
0.97599999999999998 39.71793396941132670
0.97699999999999998 39.72953563622847639
0.97799999999999998 39.74115083602011111
0.97899999999999998 39.75277951568624246
0.97999999999999998 39.76442162197813701
0.98099999999999998 39.77607710149793263
0.98199999999999998 39.78774590069815531
0.98299999999999998 39.79942796588122889
0.98399999999999999 39.81112324319909845
0.98499999999999999 39.82283167865268325
0.98599999999999999 39.83455321809146454
0.98699999999999999 39.84628780721303798
0.98799999999999999 39.85803539156261621
0.98899999999999999 39.86979591653257415
0.98999999999999999 39.88156932736201554
0.99099999999999999 39.89335556913628977
0.99199999999999999 39.90515458678654426
0.99299999999999999 39.91696632508921994
0.99399999999999999 39.92879072866563916
0.99500000000000000 39.94062774198148702
0.99600000000000000 39.95247730934639208
0.99700000000000000 39.96433937491342192
0.99800000000000000 39.97621388267864972
0.99900000000000000 39.98810077648063555
1.00000000000000000 40.00000000000000000
