0 0
0.01 0.00340285
0.02 0.00671209
0.03 0.009928
0.04 0.0130509
0.05 0.016081
0.06 0.0190187
0.07 0.0218643
0.08 0.0246182
0.09 0.0272806
0.1 0.0298519
0.11 0.0323325
0.12 0.0347227
0.13 0.037023
0.14 0.0392337
0.15 0.0413552
0.16 0.043388
0.17 0.0453324
0.18 0.0471888
0.19 0.0489578
0.2 0.0506397
0.21 0.052235
0.22 0.0537442
0.23 0.0551678
0.24 0.0565061
0.25 0.0577598
0.26 0.0589294
0.27 0.0600153
0.28 0.061018
0.29 0.0619382
0.3 0.0627763
0.31 0.0635329
0.32 0.0642086
0.33 0.0648039
0.34 0.0653195
0.35 0.0657559
0.36 0.0661138
0.37 0.0663938
0.38 0.0665964
0.39 0.0667224
0.4 0.0667725
0.41 0.0667472
0.42 0.0666473
0.43 0.0664734
0.44 0.0662264
0.45 0.0659068
0.46 0.0655155
0.47 0.0650532
0.48 0.0645206
0.49 0.0639186
0.5 0.063248
0.51 0.0625095
0.52 0.0617039
0.53 0.0608323
0.54 0.0598953
0.55 0.0588938
0.56 0.0578288
0.57 0.0567012
0.58 0.0555119
0.59 0.0542619
0.6 0.0529521
0.61 0.0515834
0.62 0.050157
0.63 0.0486738
0.64 0.0471348
0.65 0.0455412
0.66 0.0438941
0.67 0.0421944
0.68 0.0404434
0.69 0.0386422
0.7 0.036792
0.71 0.0348939
0.72 0.0329492
0.73 0.0309592
0.74 0.028925
0.75 0.026848
0.76 0.0247295
0.77 0.0225708
0.78 0.0203733
0.79 0.0181384
0.8 0.0158675
0.81 0.013562
0.82 0.0112234
0.83 0.00885325
0.84 0.00645301
0.85 0.00402423
0.86 0.00156852
0.87 0.00091253
0.88 0.00341728
0.89 0.00594406
0.9 0.00849117
0.91 0.0110569
0.92 0.0136395
0.93 0.0162371
0.94 0.018848
0.95 0.0214702
0.96 0.024102
0.97 0.0267414
0.98 0.0293864
0.99 0.0320352
1 0.0346856
