0.000000000000000 40.000000000000000 -16.182273360828880
0.010000000000000 39.840221889383507 -15.773884768561347
0.020000000000000 39.684511652553937 -15.368691826594766
0.030000000000000 39.532837535714336 -14.966654054444193
0.040000000000000 39.385168188006233 -14.567731349342514
0.050000000000000 39.241472657599786 -14.171884012715319
0.060000000000000 39.101720387520956 -13.779072776298623
0.070000000000000 38.965881211219205 -13.389258827930517
0.080000000000000 38.833925347878747 -13.002403837047376
0.090000000000000 38.705823397476223 -12.618469979914821
0.100000000000000 38.581546335587227 -12.237419964623195
0.110000000000000 38.461065507943957 -11.859217055876925
0.120000000000000 38.344352624745881 -11.483825099606689
0.130000000000000 38.231379754725040 -11.111208547432938
0.140000000000000 38.122119318967357 -10.741332481008966
0.150000000000000 38.016544084490981 -10.374162636271274
0.160000000000000 37.914627157582494 -10.009665427624682
0.170000000000000 37.816341976891451 -9.647807972089241
0.180000000000000 37.721662306283584 -9.288558113435668
0.190000000000000 37.630562227452550 -8.931884446335683
0.200000000000000 37.543016132289999 -8.577756340553300
0.210000000000000 37.458998715013458 -8.226143965202793
0.220000000000000 37.378484964051125 -7.877018313098754
0.230000000000000 37.301450153682680 -7.530351225223352
0.240000000000000 37.227869835434660 -7.186115415335586
0.250000000000000 37.157719829228974 -6.844284494747053
0.260000000000000 37.090976214282712 -6.504832997288437
0.270000000000000 37.027615319757231 -6.167736404490676
0.280000000000000 36.967613715154272 -5.832971171004449
0.290000000000000 36.910948200456581 -5.500514750281379
0.300000000000000 36.857595796010315 -5.170345620540069
0.310000000000000 36.807533732146275 -4.842443311039818
0.320000000000000 36.760739438536753 -4.516788428684610
0.330000000000000 36.717190533284622 -4.193362684979704
0.340000000000000 36.676864811740963 -3.872148923362900
0.350000000000000 36.639740235047469 -3.553131146932294
0.360000000000000 36.605794918399447 -3.236294546592078
0.370000000000000 36.575007119025223 -2.921625529637697
0.380000000000000 36.547355223877375 -2.609111748801416
0.390000000000000 36.522817737031168 -2.298742131779077
0.400000000000000 36.501373266785180 -1.990506911258600
0.410000000000000 36.483000512459071 -1.684397655470484
0.420000000000000 36.467678250883175 -1.380407299280347
0.430000000000000 36.455385322574330 -1.078530175843225
0.440000000000000 36.446100617592315 -0.778762048839120
0.450000000000000 36.439803061070926 -0.481100145309005
0.460000000000000 36.436471598417597 -0.185543189110175
0.470000000000000 36.436085180175340 0.107908564990396
0.480000000000000 36.438622746540425 0.399253296566377
0.490000000000000 36.444063211529254 0.688487584108059
0.500000000000000 36.452385446787524 0.975606368906264
0.510000000000000 36.463568265034702 1.260602918226805
0.520000000000000 36.477590403136624 1.543468787758451
0.530000000000000 36.494430504798885 1.824193783317684
0.540000000000000 36.514067102873476 2.102765921793916
0.550000000000000 36.536478601271014 2.379171391319193
0.560000000000000 36.561643256470724 2.653394510646824
0.570000000000000 36.589539158620198 2.925417687723761
0.580000000000000 36.620144212216779 3.195221377441995
0.590000000000000 36.653436116362293 3.462784038554674
0.600000000000000 36.689392344582700 3.728082089743118
0.610000000000000 36.727990124204126 3.991089864821376
0.620000000000000 36.769206415276585 4.251779567065513
0.630000000000000 36.813017889036537 4.510121222655307
0.640000000000000 36.859400905899392 4.766082633216630
0.650000000000000 36.908331492972906 5.019629327453346
0.660000000000000 36.959785321082272 5.270724511858202
0.670000000000000 37.013737681297698 5.519329020492796
0.680000000000000 37.070163460955087 5.765401263827416
0.690000000000000 37.129037119160351 6.008897176632234
0.700000000000000 37.190332661767904 6.249770164912088
0.710000000000000 37.254023615823670 6.487971051877854
0.720000000000000 37.320083003462955 6.723448022948257
0.730000000000000 37.388483315253474 6.956146569776794
0.740000000000000 37.459196482973766 7.186009433299364
0.750000000000000 37.532193851817155 7.412976545799138
0.760000000000000 37.607446152011434 7.636984971986194
0.770000000000000 37.684923469844442 7.857968849090473
0.780000000000000 37.764595218085589 8.075859325967714
0.790000000000000 37.846430105793551 8.290584501219143
0.800000000000000 37.930396107500222 8.502069360326914
0.810000000000000 38.016460431761104 8.710235711808524
0.820000000000001 38.104589489062363 8.915002122394752
0.830000000000001 38.194748859074807 9.116283851237027
0.840000000000001 38.286903257245115 9.313992783151580
0.850000000000001 38.381016500714708 9.508037360909222
0.860000000000001 38.477051473556834 9.698322516581168
0.870000000000001 38.574970091322385 9.884749601952951
0.880000000000001 38.674733264885298 10.067216318020209
0.890000000000001 38.776300863578363 10.245616643581901
0.900000000000001 38.879631677610512 10.419840762948368
0.910000000000001 38.984683379756873 10.589774992783637
0.920000000000001 39.091412486312990 10.755301708103369
0.930000000000001 39.199774317304893 10.916299267452009
0.940000000000001 39.309722955946945 11.072641937284878
0.950000000000001 39.421211207339660 11.224199815583288
0.960000000000001 39.534190556399956 11.370838754733160
0.970000000000001 39.648611125016636 11.512420283700102
0.980000000000001 39.764421628424280 11.648801529536581
0.990000000000001 39.881569330788999 11.779835138259470
1.000000000000001 40.000000000000000 11.905369195139134
