0.10000000000000001 38.50155682590226291 -13.04266428972246850
0.20000000000000001 37.38143842689774488 -9.40701602668539749
0.30000000000000004 36.61121775020757241 -6.03987809724731584
0.40000000000000002 36.16534125054288040 -2.91690030774921505
0.50000000000000000 36.02016839130685355 -0.02461163766897556
0.59999999999999998 36.15274587745319224 2.63675331259039414
0.69999999999999996 36.53927521183802440 5.04991652458345186
0.79999999999999993 37.15321378612741654 7.17654037321254279
0.89999999999999991 37.96293501995394593 8.95240862737934329
0.99999999999999989 38.92886356025400829 10.28174357081942603
1.09999999999999987 39.99999999999997868 11.03069653743914103
