0.01000000000000000 39.84022188938350695 -15.77388476856136812
0.02000000000000000 39.68451165255393676 -15.36869182659478739
0.03000000000000000 39.53283753571433579 -14.96665405444421459
0.04000000000000000 39.38516818800623298 -14.56773134934253555
0.05000000000000000 39.24147265759978609 -14.17188401271534026
0.06000000000000000 39.10172038752095602 -13.77907277629864424
0.07000000000000001 38.96588121121920523 -13.38925882793053823
0.08000000000000000 38.83392534787874695 -13.00240383704739777
0.09000000000000000 38.70582339747622314 -12.61846997991484187
0.09999999999999999 38.58154633558722679 -12.23741996462321602
0.10999999999999999 38.46106550794395673 -11.85921705587694674
0.11999999999999998 38.34435262474588058 -11.48382509960670994
0.12999999999999998 38.23137975472504024 -11.11120854743295894
0.13999999999999999 38.12211931896735706 -10.74133248100898719
0.14999999999999999 38.01654408449098099 -10.37416263627129531
0.16000000000000000 37.91462715758248692 -10.00966542762470368
0.17000000000000001 37.81634197689144372 -9.64780797208926266
0.18000000000000002 37.72166230628357653 -9.28855811343568938
0.19000000000000003 37.63056222745254331 -8.93188444633570455
0.20000000000000004 37.54301613228999202 -8.57775634055332148
0.21000000000000005 37.45899871501345046 -8.22614396520281410
0.22000000000000006 37.37848496405111831 -7.87701831309877498
0.23000000000000007 37.30145015368267281 -7.53035122522337286
0.24000000000000007 37.22786983543465311 -7.18611541533560771
0.25000000000000006 37.15771982922896655 -6.84428449474707445
0.26000000000000006 37.09097621428269775 -6.50483299728845843
0.27000000000000007 37.02761531975721709 -6.16773640449069749
0.28000000000000008 36.96761371515425765 -5.83297117100447071
0.29000000000000009 36.91094820045656633 -5.50051475028140135
0.30000000000000010 36.85759579601030111 -5.17034562054009150
0.31000000000000011 36.80753373214626123 -4.84244331103984038
0.32000000000000012 36.76073943853673853 -4.51678842868463182
0.33000000000000013 36.71719053328460802 -4.19336268497972586
0.34000000000000014 36.67686481174094837 -3.87214892336292271
0.35000000000000014 36.63974023504745503 -3.55313114693231702
0.36000000000000015 36.60579491839943245 -3.23629454659210047
0.37000000000000016 36.57500711902520862 -2.92162552963772004
0.38000000000000017 36.54735522387736069 -2.60911174880143903
0.39000000000000018 36.52281773703115419 -2.29874213177910081
0.40000000000000019 36.50137326678516558 -1.99050691125862356
0.41000000000000020 36.48300051245905706 -1.68439765547050824
0.42000000000000021 36.46767825088316073 -1.38040729928037176
0.43000000000000022 36.45538532257431541 -1.07853017584324928
0.44000000000000022 36.44610061759230035 -0.77876204883914535
0.45000000000000023 36.43980306107091138 -0.48110014530903011
0.46000000000000024 36.43647159841758310 -0.18554318911020001
0.47000000000000025 36.43608518017532560 0.10790856499037027
0.48000000000000026 36.43862274654041045 0.39925329656635139
0.49000000000000027 36.44406321152924022 0.68848758410803357
0.50000000000000022 36.45238544678750969 0.97560636890623775
0.51000000000000023 36.46356826503468795 1.26060291822677817
0.52000000000000024 36.47759040313660961 1.54346878775842367
0.53000000000000025 36.49443050479887063 1.82419378331765669
0.54000000000000026 36.51406710287346158 2.10276592179388810
0.55000000000000027 36.53647860127099989 2.37917139131916455
0.56000000000000028 36.56164325647070967 2.65339451064679510
0.57000000000000028 36.58953915862018391 2.92541768772373167
0.58000000000000029 36.62014421221676486 3.19522137744196533
0.59000000000000030 36.65343611636227905 3.46278403855464489
0.60000000000000031 36.68939234458268572 3.72808208974308819
0.61000000000000032 36.72799012420411202 3.99108986482134620
0.62000000000000033 36.76920641527657097 4.25177956706548343
0.63000000000000034 36.81301788903652294 4.51012122265527715
0.64000000000000035 36.85940090589937768 4.76608263321659908
0.65000000000000036 36.90833149297289140 5.01962932745331525
0.66000000000000036 36.95978532108225778 5.27072451185817048
0.67000000000000037 37.01373768129768393 5.51932902049276386
0.68000000000000038 37.07016346095507231 5.76540126382738283
0.69000000000000039 37.12903711916032989 6.00889717663220146
0.70000000000000040 37.19033266176788288 6.24977016491205450
0.71000000000000041 37.25402361582364819 6.48797105187782019
0.72000000000000042 37.32008300346293339 6.72344802294822319
0.73000000000000043 37.38848331525345259 6.95614656977675949
0.74000000000000044 37.45919648297374493 7.18600943329932917
0.75000000000000044 37.53219385181713363 7.41297654579910237
0.76000000000000045 37.60744615201141272 7.63698497198615733
0.77000000000000046 37.68492346984442065 7.85796884909043669
0.78000000000000047 37.76459521808556730 8.07585932596767719
0.79000000000000048 37.84643010579353017 8.29058450121910617
0.80000000000000049 37.93039610750020074 8.50206936032687643
0.81000000000000050 38.01646043176108236 8.71023571180848677
0.82000000000000051 38.10458948906234156 8.91500212239471423
0.83000000000000052 38.19474885907478523 9.11628385123698770
0.84000000000000052 38.28690325724509336 9.31399278315154078
0.85000000000000053 38.38101650071468640 9.50803736090918328
0.86000000000000054 38.47705147355681277 9.69832251658112909
0.87000000000000055 38.57497009132236343 9.88474960195291175
0.88000000000000056 38.67473326488527618 10.06721631802017036
0.89000000000000057 38.77630086357834216 10.24561664358186164
0.90000000000000058 38.87963167761049021 10.41984076294832917
0.91000000000000059 38.98468337975685216 10.58977499278359780
0.92000000000000060 39.09141248631296861 10.75530170810332997
0.93000000000000060 39.19977431730487183 10.91629926745196855
0.94000000000000061 39.30972295594692412 11.07264193728483548
0.95000000000000062 39.42121120733963835 11.22419981558324587
0.96000000000000063 39.53419055639993474 11.37083875473311778
0.97000000000000064 39.64861112501661466 11.51242028370005954
0.98000000000000065 39.76442162842425887 11.64880152953653791
0.99000000000000066 39.88156933078897737 11.77983513825942552
1.00000000000000067 39.99999999999997868 11.90536919513908920
