0.000000000000000 40.000000000000000 -16.979537537663596
0.100000000000000 38.501556825902263 -13.042664289722453
0.200000000000000 37.381438426897745 -9.407016026685382
0.300000000000000 36.611217750207572 -6.039878097247300
0.400000000000000 36.165341250542880 -2.916900307749199
0.500000000000000 36.020168391306854 -0.024611637668959
0.600000000000000 36.152745877453192 2.636753312590412
0.700000000000000 36.539275211838032 5.049916524583471
0.800000000000000 37.153213786127424 7.176540373212562
0.900000000000000 37.962935019953960 8.952408627379365
1.000000000000000 38.928863560254030 10.281743570819451
1.100000000000000 40.000000000000000 11.030696537439168
