0.000000000000000 40.000000000000000 -16.182273357442519
0.001000000000000 39.983838221250174 -16.141289532883892
0.002000000000000 39.967717410159707 -16.100338031890931
0.003000000000000 39.951637534425515 -16.059418813512522
0.004000000000000 39.935598561785447 -16.018531836830469
0.005000000000000 39.919600460018252 -15.977677060959765
0.006000000000000 39.903643196943541 -15.936854445048862
0.007000000000000 39.887726740421769 -15.896063948279945
0.008000000000000 39.871851058354196 -15.855305529869208
0.009000000000000 39.856016118682831 -15.814579149067120
0.010000000000000 39.840221889390428 -15.773884765158702
0.011000000000000 39.824468338500438 -15.733222337463799
0.012000000000000 39.808755434076978 -15.692591825337344
0.013000000000000 39.793083144224781 -15.651993188169635
0.014000000000000 39.777451437089177 -15.611426385386606
0.015000000000000 39.761860280856055 -15.570891376450087
0.016000000000000 39.746309643751829 -15.530388120858083
0.017000000000000 39.730799494043382 -15.489916578145040
0.018000000000000 39.715329800038056 -15.449476707882111
0.019000000000000 39.699900530083596 -15.409068469677427
0.020000000000000 39.684511652568133 -15.368691823176363
0.021000000000000 39.669163135920115 -15.328346728061803
0.022000000000000 39.653854948608306 -15.288033144054411
0.023000000000000 39.638587059141720 -15.247751030912900
0.024000000000000 39.623359436069592 -15.207500348434285
0.025000000000000 39.608172047981348 -15.167281056454165
0.026000000000000 39.593024863506557 -15.127093114846975
0.027000000000000 39.577917851314893 -15.086936483526259
0.028000000000000 39.562850980116096 -15.046811122444931
0.029000000000000 39.547824218659926 -15.006716991595541
0.030000000000000 39.532837535736149 -14.966654051010536
0.031000000000000 39.517890900174464 -14.926622260762526
0.032000000000000 39.502984280844480 -14.886621580964547
0.033000000000000 39.488117646655674 -14.846651971770322
0.034000000000000 39.473290966557343 -14.806713393374526
0.035000000000000 39.458504209538582 -14.766805806013041
0.036000000000000 39.443757344628217 -14.726929169963228
0.037000000000000 39.429050340894783 -14.687083445544181
0.038000000000000 39.414383167446466 -14.647268593116991
0.039000000000000 39.399755793431083 -14.607484573085005
0.040000000000000 39.385168188036019 -14.567731345894085
0.041000000000000 39.370620320488186 -14.528008872032872
0.042000000000000 39.356112160053996 -14.488317112033045
0.043000000000000 39.341643676039304 -14.448656026469575
0.044000000000000 39.327214837789370 -14.409025575960989
0.045000000000000 39.312825614688812 -14.369425721169629
0.046000000000000 39.298475976161562 -14.329856422801907
0.047000000000000 39.284165891670824 -14.290317641608564
0.048000000000000 39.269895330719024 -14.250809338384929
0.049000000000000 39.255664262847780 -14.211331473971178
0.050000000000000 39.241472657637850 -14.171884009252585
0.051000000000000 39.227320484709068 -14.132466905159784
0.052000000000000 39.213207713720330 -14.093080122669026
0.053000000000000 39.199134314369523 -14.053723622802432
0.054000000000000 39.185100256393497 -14.014397366628248
0.055000000000000 39.171105509568001 -13.975101315261107
0.056000000000000 39.157150043707652 -13.935835429862275
0.057000000000000 39.143233828665885 -13.896599671639915
0.058000000000000 39.129356834334899 -13.857394001849338
0.059000000000000 39.115519030645615 -13.818218381793255
0.060000000000000 39.101720387567624 -13.779072772822035
0.061000000000000 39.087960875109147 -13.739957136333958
0.062000000000000 39.074240463316983 -13.700871433775466
0.063000000000000 39.060559122276459 -13.661815626641422
0.064000000000000 39.046916822111378 -13.622789676475357
0.065000000000000 39.033313532983989 -13.583793544869726
0.066000000000000 39.019749225094905 -13.544827193466162
0.067000000000000 39.006223868683094 -13.505890583955726
0.068000000000000 38.992737434025784 -13.466983678079156
0.069000000000000 38.979289891438462 -13.428106437627129
0.070000000000000 38.965881211274777 -13.389258824440502
0.071000000000000 38.952511363926526 -13.350440800410569
0.072000000000000 38.939180319823585 -13.311652327479310
0.073000000000000 38.925888049433865 -13.272893367639645
0.074000000000000 38.912634523263257 -13.234163882935679
0.075000000000000 38.899419711855586 -13.195463835462958
0.076000000000000 38.886243585792542 -13.156793187368715
0.077000000000000 38.873106115693659 -13.118151900852126
0.078000000000000 38.860007272216230 -13.079539938164553
0.079000000000000 38.846947026055282 -13.040957261609798
0.080000000000000 38.833925347943513 -13.002403833544347
0.081000000000000 38.820942208651232 -12.963879616377630
0.082000000000000 38.807997578986310 -12.925384572572256
0.083000000000000 38.795091429794134 -12.886918664644270
0.084000000000000 38.782223731957544 -12.848481855163405
0.085000000000000 38.769394456396789 -12.810074106753319
0.086000000000000 38.756603574069459 -12.771695382091854
0.087000000000000 38.743851055970445 -12.733345643911278
0.088000000000000 38.731136873131881 -12.695024854998533
0.089000000000000 38.718460996623079 -12.656732978195485
0.090000000000000 38.705823397550489 -12.618469976399171
0.091000000000000 38.693224047057633 -12.580235812562044
0.092000000000000 38.680662916325048 -12.542030449692222
0.093000000000000 38.668139976570238 -12.503853850853734
0.094000000000000 38.655655199047622 -12.465705979166765
0.095000000000000 38.643208555048460 -12.427586797807908
0.096000000000000 38.630800015900817 -12.389496270010405
0.097000000000000 38.618429552969488 -12.351434359064392
0.098000000000000 38.606097137655958 -12.313401028317152
0.099000000000000 38.593802741398321 -12.275396241173354
0.100000000000000 38.581546335671256 -12.237419961095302
0.101000000000000 38.569327891985935 -12.199472151603178
0.102000000000000 38.557147381889997 -12.161552776275293
0.103000000000000 38.545004776967453 -12.123661798748325
0.104000000000000 38.532900048838670 -12.085799182717567
0.105000000000000 38.520833169160269 -12.047964891937175
0.106000000000000 38.508804109625103 -12.010158890220408
0.107000000000000 38.496812841962182 -11.972381141439875
0.108000000000000 38.484859337936605 -11.934631609527779
0.109000000000000 38.472943569349511 -11.896910258476163
0.110000000000000 38.461065508038018 -11.859217052337153
0.111000000000000 38.449225125875166 -11.821551955223198
0.112000000000000 38.437422394769847 -11.783914931307322
0.113000000000000 38.425657286666748 -11.746305944823364
0.114000000000000 38.413929773546293 -11.708724960066219
0.115000000000000 38.402239827424587 -11.671171941392085
0.116000000000000 38.390587420353341 -11.633646853218709
0.117000000000000 38.378972524419822 -11.596149660025620
0.118000000000000 38.367395111746781 -11.558680326354388
0.119000000000000 38.355855154492403 -11.521238816808854
0.120000000000000 38.344352624850231 -11.483825096055378
0.121000000000000 38.332887495049114 -11.446439128823084
0.122000000000000 38.321459737353145 -11.409080879904097
0.123000000000000 38.310069324061587 -11.371750314153795
0.124000000000000 38.298716227508812 -11.334447396491040
0.125000000000000 38.287400420064252 -11.297172091898434
0.126000000000000 38.276121874132315 -11.259924365422547
0.127000000000000 38.264880562152335 -11.222704182174175
0.128000000000000 38.253676456598498 -11.185511507328568
0.129000000000000 38.242509529979792 -11.148346306125685
0.130000000000000 38.231379754839928 -11.111208543870424
0.131000000000000 38.220287103757279 -11.074098185932872
0.132000000000000 38.209231549344814 -11.037015197748548
0.133000000000000 38.198213064250034 -10.999959544818640
0.134000000000000 38.187231621154908 -10.962931192710251
0.135000000000000 38.176287192775796 -10.925930107056637
0.136000000000000 38.165379751863405 -10.888956253557453
0.137000000000000 38.154509271202706 -10.852009597978993
0.138000000000000 38.143675723612866 -10.815090106154432
0.139000000000000 38.132879081947181 -10.778197743984069
0.140000000000000 38.122119319093024 -10.741332477435563
0.141000000000000 38.111396407971760 -10.704494272544183
0.142000000000000 38.100710321538685 -10.667683095413043
0.143000000000000 38.090061032782955 -10.630898912213347
0.144000000000000 38.079448514727531 -10.594141689184628
0.145000000000000 38.068872740429093 -10.557411392634995
0.146000000000000 38.058333682977974 -10.520707988941366
0.147000000000000 38.047831315498108 -10.484031444549716
0.148000000000000 38.037365611146939 -10.447381725975317
0.149000000000000 38.026936543115362 -10.410758799802977
0.150000000000000 38.016544084627654 -10.374162632687284
0.151000000000000 38.006188208941396 -10.337593191352846
0.152000000000000 37.995868889347420 -10.301050442594534
0.153000000000000 37.985586099169723 -10.264534353277719
0.154000000000000 37.975339811765402 -10.228044890338520
0.155000000000000 37.965130000524582 -10.191582020784038
0.156000000000000 37.954956638870343 -10.155145711692604
0.157000000000000 37.944819700258655 -10.118735930214017
0.158000000000000 37.934719158178304 -10.082352643569783
0.159000000000000 37.924654986150806 -10.045995819053360
0.160000000000000 37.914627157730365 -10.009665424030400
0.161000000000000 37.904635646503770 -9.973361425938986
0.162000000000000 37.894680426090339 -9.937083792289878
0.163000000000000 37.884761470141846 -9.900832490666749
0.164000000000000 37.874878752342447 -9.864607488726435
0.165000000000000 37.865032246408596 -9.828408754199165
0.166000000000000 37.855221926088980 -9.792236254888811
0.167000000000000 37.845447765164451 -9.756089958673130
0.168000000000000 37.835709737447949 -9.719969833503994
0.169000000000000 37.826007816784418 -9.683875847407647
0.170000000000000 37.816341977050740 -9.647807968484937
0.171000000000000 37.806712192155665 -9.611766164911559
0.172000000000000 37.797118436039717 -9.575750404938301
0.173000000000000 37.787560682675142 -9.539760656891275
0.174000000000000 37.778038906065824 -9.503796889172172
0.175000000000000 37.768553080247194 -9.467859070258495
0.176000000000000 37.759103179286186 -9.431947168703804
0.177000000000000 37.749689177281127 -9.396061153137957
0.178000000000000 37.740311048361683 -9.360200992267352
0.179000000000000 37.730968766688768 -9.324366654875169
0.180000000000000 37.721662306454483 -9.288558109821610
0.181000000000000 37.712391641882029 -9.252775326044146
0.182000000000000 37.703156747225627 -9.217018272557754
0.183000000000000 37.693957596770453 -9.181286918455163
0.184000000000000 37.684794164832539 -9.145581232907093
0.185000000000000 37.675666425758706 -9.109901185162499
0.186000000000000 37.666574353926499 -9.074246744548816
0.187000000000000 37.657517923744095 -9.038617880472195
0.188000000000000 37.648497109650215 -9.003014562417752
0.189000000000000 37.639511886114065 -8.967436759949807
0.190000000000000 37.630562227635238 -8.931884442712128
0.191000000000000 37.621648108743656 -8.896357580428175
0.192000000000000 37.612769503999466 -8.860856142901337
0.193000000000000 37.603926387992978 -8.825380100015185
0.194000000000000 37.595118735344570 -8.789929421733707
0.195000000000000 37.586346520704630 -8.754504078101553
0.196000000000000 37.577609718753443 -8.719104039244280
0.197000000000000 37.568908304201145 -8.683729275368597
0.198000000000000 37.560242251787614 -8.648379756762601
0.199000000000000 37.551611536282408 -8.613055453796029
0.200000000000000 37.543016132484659 -8.577756336920498
0.201000000000000 37.534456015223022 -8.542482376669748
0.202000000000000 37.525931159355572 -8.507233543659888
0.203000000000000 37.517441539769727 -8.472009808589640
0.204000000000000 37.508987131382156 -8.436811142240579
0.205000000000000 37.500567909138717 -8.401637515477384
0.206000000000000 37.492183848014356 -8.366488899248079
0.207000000000000 37.483834923013035 -8.331365264584274
0.208000000000000 37.475521109167630 -8.296266582601419
0.209000000000000 37.467242381539876 -8.261192824499037
0.210000000000000 37.458998715220247 -8.226143961560982
0.211000000000000 37.450790085327910 -8.191119965155671
0.212000000000000 37.442616467010609 -8.156120806736338
0.213000000000000 37.434477835444596 -8.121146457841276
0.214000000000000 37.426374165834545 -8.086196890094085
0.215000000000000 37.418305433413458 -8.051272075203913
0.216000000000000 37.410271613442589 -8.016371984965710
0.217000000000000 37.402272681211350 -7.981496591260463
0.218000000000000 37.394308612037236 -7.946645866055450
0.219000000000000 37.386379381265726 -7.911819781404485
0.220000000000000 37.378484964270200 -7.877018309448163
0.221000000000000 37.370625336451859 -7.842241422414107
0.222000000000000 37.362800473239631 -7.807489092617215
0.223000000000000 37.355010350090083 -7.772761292459907
0.224000000000000 37.347254942487339 -7.738057994432372
0.225000000000000 37.339534225942984 -7.703379171112815
0.226000000000000 37.331848175995987 -7.668724795167704
0.227000000000000 37.324196768212602 -7.634094839352021
0.228000000000000 37.316579978186290 -7.599489276509503
0.229000000000000 37.308997781537613 -7.564908079572898
0.230000000000000 37.301450153914168 -7.530351221564206
0.231000000000000 37.293937070990474 -7.495818675594932
0.232000000000000 37.286458508467902 -7.461310414866334
0.233000000000000 37.279014442074569 -7.426826412669670
0.234000000000000 37.271604847565264 -7.392366642386447
0.235000000000000 37.264229700721337 -7.357931077488672
0.236000000000000 37.256888977350634 -7.323519691539101
0.237000000000000 37.249582653287391 -7.289132458191484
0.238000000000000 37.242310704392139 -7.254769351190823
0.239000000000000 37.235073106551617 -7.220430344373614
0.240000000000000 37.227869835678689 -7.186115411668102
0.241000000000000 37.220700867712239 -7.151824527094530
0.242000000000000 37.213566178617086 -7.117557664765389
0.243000000000000 37.206465744383891 -7.083314798885668
0.244000000000000 37.199399541029067 -7.049095903753109
0.245000000000000 37.192367544594674 -7.014900953758452
0.246000000000000 37.185369731148342 -6.980729923385692
0.247000000000000 37.178406076783169 -6.946582787212327
0.248000000000000 37.171476557617630 -6.912459519909611
0.249000000000000 37.164581149795474 -6.878360096242810
0.250000000000000 37.157719829485650 -6.844284491071446
0.251000000000000 37.150892572882185 -6.810232679349556
0.252000000000000 37.144099356204116 -6.776204636125945
0.253000000000000 37.137340155695384 -6.742200336544434
0.254000000000000 37.130614947624736 -6.708219755844119
0.255000000000000 37.123923708285623 -6.674262869359620
0.256000000000000 37.117266413996134 -6.640329652521338
0.257000000000000 37.110643041098861 -6.606420080855708
0.258000000000000 37.104053565960825 -6.572534129985451
0.259000000000000 37.097497964973385 -6.538671775629833
0.260000000000000 37.090976214552121 -6.504832993604916
0.261000000000000 37.084488291136758 -6.471017759823815
0.262000000000000 37.078034171191057 -6.437226050296951
0.263000000000000 37.071613831202711 -6.403457841132311
0.264000000000000 37.065227247683268 -6.369713108535699
0.265000000000000 37.058874397168019 -6.335991828810994
0.266000000000000 37.052555256215889 -6.302293978360408
0.267000000000000 37.046269801409373 -6.268619533684739
0.268000000000000 37.040018009354398 -6.234968471383633
0.269000000000000 37.033799856680247 -6.201340768155835
0.270000000000000 37.027615320039459 -6.167736400799451
0.271000000000000 37.021464376107723 -6.134155346212205
0.272000000000000 37.015347001583777 -6.100597581391696
0.273000000000000 37.009263173189318 -6.067063083435656
0.274000000000000 37.003212867668886 -6.033551829542210
0.275000000000000 36.997196061789779 -6.000063797010134
0.276000000000000 36.991212732341943 -5.966598963239115
0.277000000000000 36.985262856137879 -5.933157305730007
0.278000000000000 36.979346410012532 -5.899738802085098
0.279000000000000 36.973463370823190 -5.866343430008363
0.280000000000000 36.967613715449389 -5.832971167305726
0.281000000000000 36.961797420792813 -5.799621991885324
0.282000000000000 36.956014463777187 -5.766295881757764
0.283000000000000 36.950264821348163 -5.732992815036387
0.284000000000000 36.944548470473244 -5.699712769937528
0.285000000000000 36.938865388141643 -5.666455724780777
0.286000000000000 36.933215551364228 -5.633221657989245
0.287000000000000 36.927598937173371 -5.600010548089823
0.288000000000000 36.922015522622878 -5.566822373713446
0.289000000000000 36.916465284787861 -5.533657113595356
0.290000000000000 36.910948200764658 -5.500514746575366
0.291000000000000 36.905464247670700 -5.467395251598123
0.292000000000000 36.900013402644433 -5.434298607713374
0.293000000000000 36.894595642845196 -5.401224794076227
0.294000000000000 36.889210945453115 -5.368173789947419
0.295000000000000 36.883859287669011 -5.335145574693581
0.296000000000000 36.878540646714278 -5.302140127787500
0.297000000000000 36.873254999830792 -5.269157428808390
0.298000000000000 36.868002324280788 -5.236197457442155
0.299000000000000 36.862782597346772 -5.203260193481654
0.300000000000000 36.857595796331395 -5.170345616826972
0.301000000000000 36.852441898557352 -5.137453707485685
0.302000000000000 36.847320881367281 -5.104584445573126
0.303000000000000 36.842232722123654 -5.071737811312657
0.304000000000000 36.837177398208659 -5.038913785035932
0.305000000000000 36.832154887024110 -5.006112347183172
0.306000000000000 36.827165165991310 -4.973333478303426
0.307000000000000 36.822208212550962 -4.940577159054849
0.308000000000000 36.817284004163064 -4.907843370204964
0.309000000000000 36.812392518306794 -4.875132092630938
0.310000000000000 36.807533732480387 -4.842443307319849
0.311000000000000 36.802707624201041 -4.809776995368957
0.312000000000000 36.797914171004798 -4.777133137985978
0.313000000000000 36.793153350446445 -4.744511716489352
0.314000000000000 36.788425140099385 -4.711912712308515
0.315000000000000 36.783729517555543 -4.679336106984176
0.316000000000000 36.779066460425248 -4.646781882168585
0.317000000000000 36.774435946337114 -4.614250019625807
0.318000000000000 36.769837952937948 -4.581740501231996
0.319000000000000 36.765272457892607 -4.549253308975669
0.320000000000000 36.760739438883917 -4.516788424957981
0.321000000000000 36.756238873612538 -4.484345831392997
0.322000000000000 36.751770739796868 -4.451925510607970
0.323000000000000 36.747335015172915 -4.419527445043615
0.324000000000000 36.742931677494191 -4.387151617254384
0.325000000000000 36.738560704531594 -4.354798009908745
0.326000000000000 36.734222074073301 -4.322466605789454
0.327000000000000 36.729915763924645 -4.290157387793837
0.328000000000000 36.725641751908007 -4.257870338934065
0.329000000000000 36.721400015862692 -4.225605442337433
0.330000000000000 36.717190533644832 -4.193362681246635
0.331000000000000 36.713013283127246 -4.161142039020046
0.332000000000000 36.708868242199344 -4.128943499132001
0.333000000000000 36.704755388767005 -4.096767045173073
0.334000000000000 36.700674700752451 -4.064612660850353
0.335000000000000 36.696626156094148 -4.032480329987733
0.336000000000000 36.692609732746675 -4.000370036526181
0.337000000000000 36.688625408680608 -3.968281764524030
0.338000000000000 36.684673161882415 -3.936215498157253
0.339000000000000 36.680752970354320 -3.904171221719747
0.340000000000000 36.676864812114196 -3.872148919623619
0.341000000000000 36.673008665195447 -3.840148576399463
0.342000000000000 36.669184507646889 -3.808170176696649
0.343000000000000 36.665392317532628 -3.776213705283601
0.344000000000000 36.661632072931937 -3.744279147048087
0.345000000000000 36.657903751939145 -3.712366486997501
0.346000000000000 36.654207332663510 -3.680475710259146
0.347000000000000 36.650542793229107 -3.648606802080525
0.348000000000000 36.646910111774709 -3.616759747829621
0.349000000000000 36.643309266453649 -3.584934532995187
0.350000000000000 36.639740235433713 -3.553131143187034
0.351000000000000 36.636202996897026 -3.521349564136315
0.352000000000000 36.632697529039909 -3.489589781695815
0.353000000000000 36.629223810072773 -3.457851781840239
0.354000000000000 36.625781818219998 -3.426135550666501
0.355000000000000 36.622371531719807 -3.394441074394011
0.356000000000000 36.618992928824134 -3.362768339364969
0.357000000000000 36.615645987798509 -3.331117332044650
0.358000000000000 36.612330686921943 -3.299488039021701
0.359000000000000 36.609047004486797 -3.267880447008426
0.360000000000000 36.605794918798651 -3.236294542841081
0.361000000000000 36.602574408176181 -3.204730313480163
0.362000000000000 36.599385450951061 -3.173187746010709
0.363000000000000 36.596228025467795 -3.141666827642581
0.364000000000000 36.593102110083628 -3.110167545710764
0.365000000000000 36.590007683168409 -3.078689887675662
0.366000000000000 36.586944723104452 -3.047233841123386
0.367000000000000 36.583913208286432 -3.015799393766056
0.368000000000000 36.580913117121241 -2.984386533442091
0.369000000000000 36.577944428027884 -2.952995248116507
0.370000000000000 36.575007119437316 -2.921625525881216
0.371000000000000 36.572101169792354 -2.890277354955319
0.372000000000000 36.569226557547523 -2.858950723685405
0.373000000000000 36.566383261168944 -2.827645620545849
0.374000000000000 36.563571259134193 -2.796362034139111
0.375000000000000 36.560790529932184 -2.765099953196036
0.376000000000000 36.558041052063032 -2.733859366576147
0.377000000000000 36.555322804037928 -2.702640263267956
0.378000000000000 36.552635764379019 -2.671442632389256
0.379000000000000 36.549979911619261 -2.640266463187421
0.380000000000000 36.547355224302294 -2.609111745039717
0.381000000000000 36.544761680982326 -2.577978467453593
0.382000000000000 36.542199260223988 -2.546866620066993
0.383000000000000 36.539667940602207 -2.515776192648651
0.384000000000000 36.537167700702071 -2.484707175098399
0.385000000000000 36.534698519118713 -2.453659557447472
0.386000000000000 36.532260374457159 -2.422633329858811
0.387000000000000 36.529853245332212 -2.391628482627366
0.388000000000000 36.527477110368309 -2.360645006180406
0.389000000000000 36.525131948199402 -2.329682891077824
0.390000000000000 36.522817737468806 -2.298742128012440
0.391000000000000 36.520534456829090 -2.267822707810315
0.392000000000000 36.518282084941916 -2.236924621431053
0.393000000000000 36.516060600477928 -2.206047859968112
0.394000000000000 36.513869982116603 -2.175192414649114
0.395000000000000 36.511710208546127 -2.144358276836152
0.396000000000000 36.509581258463264 -2.113545438026101
0.397000000000000 36.507483110573197 -2.082753889850931
0.398000000000000 36.505415743589424 -2.051983624078014
0.399000000000000 36.503379136233605 -2.021234632610437
0.400000000000000 36.501373267235422 -1.990506907487318
0.401000000000000 36.499398115332461 -1.959800440884113
0.402000000000000 36.497453659270050 -1.929115225112933
0.403000000000000 36.495539877801143 -1.898451252622859
0.404000000000000 36.493656749686181 -1.867808516000253
0.405000000000000 36.491804253692948 -1.837187007969075
0.406000000000000 36.489982368596429 -1.806586721391198
0.407000000000000 36.488191073178683 -1.776007649266726
0.408000000000000 36.486430346228701 -1.745449784734307
0.409000000000000 36.484700166542261 -1.714913121071456
0.410000000000000 36.483000512921798 -1.684397651694868
0.411000000000000 36.481331364176256 -1.653903370160738
0.412000000000000 36.479692699120960 -1.623430270165081
0.413000000000000 36.478084496577466 -1.592978345544050
0.414000000000000 36.476506735373420 -1.562547590274259
0.415000000000000 36.474959394342427 -1.532137998473101
0.416000000000000 36.473442452323901 -1.501749564399071
0.417000000000000 36.471955888162924 -1.471382282452087
0.418000000000000 36.470499680710113 -1.441036147173813
0.419000000000000 36.469073808821463 -1.410711153247984
0.420000000000000 36.467678251358222 -1.380407295500726
0.421000000000000 36.466312987186747 -1.350124568900885
0.422000000000000 36.464977995178337 -1.319862968560348
0.423000000000000 36.463673254209120 -1.289622489734370
0.424000000000000 36.462398743159895 -1.259403127821901
0.425000000000000 36.461154440915990 -1.229204878365913
0.426000000000000 36.459940326367118 -1.199027737053724
0.427000000000000 36.458756378407230 -1.168871699717331
0.428000000000000 36.457602575934374 -1.138736762333737
0.429000000000000 36.456478897850545 -1.108622921025275
0.430000000000000 36.455385323061549 -1.078530172059948
0.431000000000000 36.454321830476843 -1.048458511851750
0.432000000000000 36.453288399009409 -1.018407936961002
0.433000000000000 36.452285007575583 -0.988378444094682
0.434000000000000 36.451311635094925 -0.958370030106759
0.435000000000000 36.450368260490073 -0.928382691998525
0.436000000000000 36.449454862686586 -0.898416426918927
0.437000000000000 36.448571420612794 -0.868471232164904
0.438000000000000 36.447717913199668 -0.838547105181718
0.439000000000000 36.446894319380647 -0.808644043563296
0.440000000000000 36.446100618091506 -0.778762045052559
0.441000000000000 36.445336788270211 -0.748901107541762
0.442000000000000 36.444602808856743 -0.719061229072832
0.443000000000000 36.443898658792989 -0.689242407837705
0.444000000000000 36.443224317022548 -0.659444642178663
0.445000000000000 36.442579762490610 -0.629667930588679
0.446000000000000 36.441964974143801 -0.599912271711749
0.447000000000000 36.441379930930019 -0.570177664343238
0.448000000000000 36.440824611798298 -0.540464107430220
0.449000000000000 36.440298995698640 -0.510771600071819
0.450000000000000 36.439803061581884 -0.481100141519553
0.451000000000000 36.439336788399530 -0.451449731177675
0.452000000000000 36.438900155103603 -0.421820368603520
0.453000000000000 36.438493140646493 -0.392212053507846
0.454000000000000 36.438115723980808 -0.362624785755181
0.455000000000000 36.437767884059198 -0.333058565364170
0.456000000000000 36.437449599834238 -0.303513392507918
0.457000000000000 36.437160850258230 -0.273989267514341
0.458000000000000 36.436901614283094 -0.244486190866510
0.459000000000000 36.436671870860174 -0.215004163203002
0.460000000000000 36.436471598940102 -0.185543185318251
0.461000000000000 36.436300777472631 -0.156103258162891
0.462000000000000 36.436159385406498 -0.126684382844115
0.463000000000000 36.436047401689244 -0.097286560626019
0.464000000000000 36.435964805267076 -0.067909792929958
0.465000000000000 36.435911575084688 -0.038554081334897
0.466000000000000 36.435887690085131 -0.009219427577765
0.467000000000000 36.435893129209624 0.020094166446192
0.468000000000000 36.435927871397425 0.049386698683056
0.469000000000000 36.435991895585659 0.078658166919884
0.470000000000000 36.436085180709142 0.107908568784346
0.471000000000000 36.436207705700255 0.137137901744375
0.472000000000000 36.436359449488762 0.166346163107807
0.473000000000000 36.436540391001657 0.195533350022022
0.474000000000000 36.436750509162991 0.224699459473588
0.475000000000000 36.436989782893725 0.253844488287898
0.476000000000000 36.437258191111574 0.282968433128815
0.477000000000000 36.437555712730827 0.312071290498304
0.478000000000000 36.437882326662198 0.341153056736078
0.479000000000000 36.438238011812651 0.370213728019231
0.480000000000000 36.438622747085255 0.399253300361878
0.481000000000000 36.439036511379008 0.428271769614789
0.482000000000000 36.439479283588682 0.457269131465025
0.483000000000000 36.439951042604648 0.486245381435575
0.484000000000000 36.440451767312716 0.515200514884990
0.485000000000000 36.440981436593979 0.544134527007013
0.486000000000000 36.441540029324635 0.573047412830216
0.487000000000000 36.442127524375827 0.601939167217631
0.488000000000000 36.442743900613493 0.630809784866379
0.489000000000000 36.443389136898162 0.659659260307306
0.490000000000000 36.444063212084828 0.688487587904607
0.491000000000000 36.444766105022758 0.717294761855459
0.492000000000000 36.445497794555337 0.746080776189647
0.493000000000000 36.446258259519887 0.774845624769196
0.494000000000000 36.447047478747521 0.803589301287994
0.495000000000000 36.447865431062951 0.832311799271419
0.496000000000000 36.448712095284336 0.861013112075966
0.497000000000000 36.449587450223106 0.889693232888872
0.498000000000000 36.450491474683794 0.918352154727737
0.499000000000000 36.451424147463861 0.946989870440153
0.500000000000000 36.452385447353528 0.975606372703321
0.501000000000000 36.453375353135620 1.004201654023676
0.502000000000000 36.454393843585372 1.032775706736508
0.503000000000000 36.455440897470275 1.061328523005582
0.504000000000000 36.456516493549898 1.089860094822756
0.505000000000000 36.457620610575709 1.118370414007604
0.506000000000000 36.458753227290920 1.146859472207032
0.507000000000000 36.459914322430294 1.175327260894892
0.508000000000000 36.461103874719981 1.203773771371606
0.509000000000000 36.462321862877346 1.232198994763776
0.510000000000000 36.463568265610796 1.260602922023801
0.511000000000000 36.464843061619611 1.288985543929492
0.512000000000000 36.466146229593740 1.317346851083686
0.513000000000000 36.467477748213668 1.345686833913857
0.514000000000000 36.468837596150209 1.374005482671731
0.515000000000000 36.470225752064344 1.402302787432893
0.516000000000000 36.471642194607043 1.430578738096404
0.517000000000000 36.473086902419084 1.458833324384404
0.518000000000000 36.474559854130874 1.487066535841727
0.519000000000000 36.476061028362281 1.515278361835505
0.520000000000000 36.477590403722452 1.543468791554779
0.521000000000000 36.479147958809634 1.571637814010101
0.522000000000000 36.480733672210995 1.599785418033147
0.523000000000000 36.482347522502444 1.627911592276316
0.524000000000000 36.483989488248447 1.656016325212337
0.525000000000000 36.485659548001863 1.684099605133871
0.526000000000000 36.487357680303745 1.712161420153120
0.527000000000000 36.489083863683177 1.740201758201419
0.528000000000000 36.490838076657077 1.768220607028847
0.529000000000000 36.492620297730021 1.796217954203821
0.530000000000000 36.494430505394064 1.824193787112700
0.531000000000000 36.496268678128558 1.852148092959379
0.532000000000000 36.498134794399967 1.880080858764895
0.533000000000000 36.500028832661684 1.907992071367014
0.534000000000000 36.501950771353854 1.935881717419839
0.535000000000000 36.503900588903171 1.963749783393396
0.536000000000000 36.505878263722714 1.991596255573235
0.537000000000000 36.507883774211756 2.019421120060022
0.538000000000000 36.509917098755579 2.047224362769134
0.539000000000000 36.511978215725286 2.075005969430247
0.540000000000000 36.514067103477608 2.102765925586935
0.541000000000000 36.516183740354741 2.130504216596256
0.542000000000000 36.518328104684144 2.158220827628341
0.543000000000000 36.520500174778341 2.185915743665990
0.544000000000000 36.522699928934749 2.213588949504253
0.545000000000000 36.524927345435486 2.241240429750023
0.546000000000000 36.527182402547190 2.268870168821621
0.547000000000000 36.529465078520815 2.296478150948381
0.548000000000000 36.531775351591456 2.324064360170239
0.549000000000000 36.534113199978144 2.351628780337313
0.550000000000000 36.536478601883672 2.379171395109491
0.551000000000000 36.538871535494394 2.406692187956009
0.552000000000000 36.541291978980041 2.434191142155040
0.553000000000000 36.543739910493521 2.461668240793266
0.554000000000000 36.546215308170744 2.489123466765469
0.555000000000000 36.548718150130405 2.516556802774101
0.556000000000000 36.551248414473811 2.543968231328869
0.557000000000000 36.553806079284684 2.571357734746310
0.558000000000000 36.556391122628966 2.598725295149371
0.559000000000000 36.559003522554626 2.626070894466981
0.560000000000000 36.561643257091454 2.653394514433631
0.561000000000000 36.564310304250888 2.680696136588944
0.562000000000000 36.567004642025807 2.707975742277253
0.563000000000000 36.569726248390339 2.735233312647173
0.564000000000000 36.572475101299652 2.762468828651170
0.565000000000000 36.575251178689776 2.789682271045136
0.566000000000000 36.578054458477396 2.816873620387959
0.567000000000000 36.580884918559661 2.844042857041090
0.568000000000000 36.583742536813972 2.871189961168115
0.569000000000000 36.586627291097813 2.898314912734321
0.570000000000000 36.589539159248517 2.925417691506262
0.571000000000000 36.592478119083090 2.952498277051328
0.572000000000000 36.595444148398002 2.979556648737311
0.573000000000000 36.598437224969004 3.006592785731964
0.574000000000000 36.601457326550900 3.033606667002571
0.575000000000000 36.604504430877363 3.060598271315507
0.576000000000000 36.607578515660734 3.087567577235798
0.577000000000000 36.610679558591826 3.114514563126686
0.578000000000000 36.613807537339703 3.141439207149188
0.579000000000000 36.616962429551492 3.168341487261654
0.580000000000000 36.620144212852175 3.195221381219327
0.581000000000000 36.623352864844399 3.222078866573900
0.582000000000000 36.626588363108240 3.248913920673074
0.583000000000000 36.629850685201042 3.275726520660110
0.584000000000000 36.633139808657170 3.302516643473390
0.585000000000000 36.636455710987839 3.329284265845969
0.586000000000000 36.639798369680889 3.356029364305125
0.587000000000000 36.643167762200584 3.382751915171916
0.588000000000000 36.646563865987410 3.409451894560730
0.589000000000000 36.649986658457856 3.436129278378834
0.590000000000000 36.653436117004219 3.462784042325927
0.591000000000000 36.656912218994385 3.489416161893688
0.592000000000000 36.660414941771641 3.516025612365322
0.593000000000000 36.663944262654447 3.542612368815110
0.594000000000000 36.667500158936221 3.569176406107955
0.595000000000000 36.671082607885161 3.595717698898926
0.596000000000000 36.674691586744004 3.622236221632804
0.597000000000000 36.678327072729822 3.648731948543624
0.598000000000000 36.681989043033823 3.675204853654222
0.599000000000000 36.685677474821134 3.701654910775771
0.600000000000000 36.689392345230580 3.728082093507327
0.601000000000000 36.693133631374486 3.754486375235367
0.602000000000000 36.696901310338447 3.780867729133330
0.603000000000000 36.700695359181132 3.807226128161153
0.604000000000000 36.704515754934064 3.833561545064810
0.605000000000000 36.708362474601401 3.859873952375849
0.606000000000000 36.712235495159725 3.886163322410927
0.607000000000000 36.716134793557835 3.912429627271345
0.608000000000000 36.720060346716508 3.938672838842583
0.609000000000000 36.724012131528312 3.964892928793831
0.610000000000000 36.727990124857371 3.991089868577524
0.611000000000000 36.731994303539153 4.017263629428871
0.612000000000000 36.736024644380258 4.043414182365385
0.613000000000000 36.740081124158181 4.069541498186418
0.614000000000000 36.744163719621120 4.095645547472679
0.615000000000000 36.748272407487740 4.121726300585773
0.616000000000000 36.752407164446950 4.147783727667721
0.617000000000000 36.756567967157707 4.173817798640489
0.618000000000000 36.760754792248768 4.199828483205508
0.619000000000000 36.764967616318479 4.225815750843206
0.620000000000000 36.769206415934569 4.251779570812526
0.621000000000000 36.773471167633900 4.277719912150449
0.622000000000000 36.777761847922271 4.303636743671514
0.623000000000000 36.782078433274172 4.329530033967342
0.624000000000000 36.786420900132590 4.355399751406154
0.625000000000000 36.790789224908750 4.381245864132287
0.626000000000000 36.795183383981922 4.407068340065717
0.627000000000000 36.799603353699183 4.432867146901569
0.628000000000000 36.804049110375189 4.458642252109640
0.629000000000000 36.808520630291945 4.484393622933910
0.630000000000000 36.813017889698600 4.510121226392054
0.631000000000000 36.817540864811207 4.535825029274962
0.632000000000000 36.822089531812487 4.561504998146243
0.633000000000000 36.826663866851611 4.587161099341744
0.634000000000000 36.831263846043981 4.612793298969052
0.635000000000000 36.835889445470990 4.638401562907013
0.636000000000000 36.840540641179786 4.663985856805233
0.637000000000000 36.845217409183064 4.689546146083589
0.638000000000000 36.849919725458811 4.715082395931733
0.639000000000000 36.854647565950103 4.740594571308603
0.640000000000000 36.859400906564851 4.766082636941921
0.641000000000000 36.864179723175575 4.791546557327703
0.642000000000000 36.868983991619181 4.816986296729756
0.643000000000000 36.873813687696718 4.842401819179188
0.644000000000000 36.878668787173154 4.867793088473901
0.645000000000000 36.883549265777141 4.893160068178094
0.646000000000000 36.888455099200762 4.918502721621765
0.647000000000000 36.893386263099330 4.943821011900206
0.648000000000000 36.898342733091127 4.969114901873501
0.649000000000000 36.903324484757185 4.994384354166022
0.650000000000000 36.908331493641036 5.019629331165929
0.651000000000000 36.913363735248474 5.044849795024656
0.652000000000000 36.918421185047343 5.070045707656413
0.653000000000000 36.923503818467275 5.095217030737673
0.654000000000000 36.928611610899452 5.120363725706666
0.655000000000000 36.933744537696384 5.145485753762870
0.656000000000000 36.938902574171664 5.170583075866501
0.657000000000000 36.944085695599711 5.195655652738001
0.658000000000000 36.949293877215560 5.220703444857524
0.659000000000000 36.954527094214590 5.245726412464429
0.660000000000000 36.959785321752321 5.270724515556759
0.661000000000000 36.965068534944123 5.295697713890732
0.662000000000000 36.970376708865025 5.320645966980220
0.663000000000000 36.975709818549433 5.345569234096237
0.664000000000000 36.981067838990910 5.370467474266417
0.665000000000000 36.986450745141916 5.395340646274499
0.666000000000000 36.991858511913584 5.420188708659804
0.667000000000000 36.997291114175461 5.445011619716718
0.668000000000000 37.002748526755262 5.469809337494167
0.669000000000000 37.008230724438626 5.494581819795095
0.670000000000000 37.013737681968877 5.519329024175945
0.671000000000000 37.019269374046772 5.544050907946128
0.672000000000000 37.024825775330257 5.568747428167502
0.673000000000000 37.030406860434205 5.593418541653845
0.674000000000000 37.036012603930182 5.618064204970326
0.675000000000000 37.041642980346197 5.642684374432980
0.676000000000000 37.047297964166454 5.667279006108172
0.677000000000000 37.052977529831089 5.691848055812078
0.678000000000000 37.058681651735945 5.716391479110142
0.679000000000000 37.064410304232283 5.740909231316552
0.680000000000000 37.070163461626571 5.765401267493704
0.681000000000000 37.075941098180202 5.789867542451669
0.682000000000000 37.081743188109257 5.814308010747657
0.683000000000000 37.087569705584251 5.838722626685478
0.684000000000000 37.093420624729866 5.863111344315016
0.685000000000000 37.099295919624716 5.887474117431675
0.686000000000000 37.105195564301077 5.911810899575856
0.687000000000000 37.111119532744645 5.936121644032406
0.688000000000001 37.117067798894261 5.960406303830083
0.689000000000001 37.123040336641679 5.984664831741012
0.690000000000001 37.129037119831288 6.008897180280142
0.691000000000001 37.135058122259871 6.033103301704705
0.692000000000001 37.141103317676333 6.057283148013670
0.693000000000001 37.147172679781448 6.081436670947194
0.694000000000001 37.153266182227604 6.105563821986081
0.695000000000001 37.159383798618535 6.129664552351231
0.696000000000001 37.165525502509070 6.153738813003093
0.697000000000001 37.171691267404874 6.177786554641114
0.698000000000001 37.177881066762168 6.201807727703189
0.699000000000001 37.184094873987483 6.225802282365112
0.700000000000001 37.190332662437406 6.249770168540021
0.701000000000001 37.196594405418288 6.273711335877843
0.702000000000001 37.202880076186013 6.297625733764746
0.703000000000001 37.209189647945713 6.321513311322575
0.704000000000001 37.215523093851509 6.345374017408303
0.705000000000001 37.221880387006244 6.369207800613470
0.706000000000001 37.228261500461223 6.393014609263627
0.707000000000001 37.234666407215940 6.416794391417774
0.708000000000001 37.241095080217825 6.440547094867801
0.709000000000001 37.247547492361953 6.464272667137929
0.710000000000001 37.254023616490798 6.487971055484144
0.711000000000001 37.260523425393949 6.511642206893637
0.712000000000001 37.267046891807851 6.535286068084238
0.713000000000001 37.273593988415534 6.558902585503851
0.714000000000001 37.280164687846337 6.582491705329891
0.715000000000001 37.286758962675641 6.606053373468709
0.716000000000001 37.293376785424599 6.629587535555037
0.717000000000001 37.300018128559863 6.653094136951404
0.718000000000001 37.306682964493305 6.676573122747579
0.719000000000001 37.313371265581765 6.700024437759990
0.720000000000001 37.320083004126751 6.723448026531159
0.721000000000001 37.326818152374173 6.746843833329125
0.722000000000001 37.333576682514085 6.770211802146872
0.723000000000001 37.340358566680386 6.793551876701755
0.724000000000001 37.347163776950552 6.816864000434919
0.725000000000001 37.353992285345370 6.840148116510728
0.726000000000001 37.360844063828651 6.863404167816187
0.727000000000001 37.367719084306948 6.886632096960358
0.728000000000001 37.374617318629298 6.909831846273782
0.729000000000001 37.381538738586912 6.933003357807904
0.730000000000001 37.388483315912914 6.956146573334483
0.731000000000001 37.395451022282074 6.979261434345014
0.732000000000001 37.402441829310504 7.002347882050143
0.733000000000001 37.409455708555384 7.025405857379080
0.734000000000001 37.416492631514686 7.048435300979019
0.735000000000001 37.423552569626892 7.071436153214546
0.736000000000001 37.430635494270696 7.094408354167053
0.737000000000001 37.437741376764734 7.117351843634149
0.738000000000001 37.444870188367311 7.140266561129072
0.739000000000001 37.452021900276087 7.163152445880095
0.740000000000001 37.459196483627814 7.186009436829938
0.741000000000001 37.466393909498038 7.208837472635173
0.742000000000001 37.473614148900829 7.231636491665630
0.743000000000001 37.480857172788475 7.254406432003805
0.744000000000001 37.488122952051206 7.277147231444261
0.745000000000001 37.495411457516902 7.299858827493036
0.746000000000001 37.502722659950805 7.322541157367040
0.747000000000001 37.510056530055223 7.345194157993458
0.748000000000001 37.517413038469257 7.367817766009154
0.749000000000001 37.524792155768495 7.390411917760066
0.750000000000001 37.532193852464715 7.412976549300609
0.751000000000001 37.539618099005615 7.435511596393066
0.752000000000001 37.547064865774509 7.458016994506992
0.753000000000001 37.554534123090029 7.480492678818603
0.754000000000001 37.562025841205845 7.502938584210174
0.755000000000001 37.569539990310346 7.525354645269433
0.756000000000001 37.577076540526377 7.547740796288950
0.757000000000001 37.584635461910914 7.570096971265534
0.758000000000001 37.592216724454794 7.592423103899618
0.759000000000001 37.599820298082399 7.614719127594652
0.760000000000001 37.607446152651370 7.636984975456491
0.761000000000001 37.615094257952308 7.659220580292780
0.762000000000001 37.622764583708459 7.681425874612347
0.763000000000001 37.630457099575437 7.703600790624580
0.764000000000001 37.638171775140911 7.725745260238819
0.765000000000001 37.645908579924317 7.747859215063736
0.766000000000001 37.653667483376545 7.769942586406718
0.767000000000001 37.661448454879640 7.791995305273251
0.768000000000001 37.669251463746505 7.814017302366296
0.769000000000001 37.677076479220588 7.836008508085674
0.770000000000001 37.684923470475589 7.857968852527440
0.771000000000001 37.692792406615155 7.879898265483265
0.772000000000001 37.700683256672562 7.901796676439811
0.773000000000001 37.708595989610430 7.923664014578105
0.774000000000001 37.716530574320409 7.945500208772915
0.775000000000001 37.724486979622860 7.967305187592127
0.776000000000001 37.732465174266558 7.989078879296112
0.777000000000001 37.740465126928399 8.010821211837102
0.778000000000001 37.748486806213066 8.032532112858561
0.779000000000001 37.756530180652724 8.054211509694552
0.780000000000001 37.764595218706738 8.075859329369106
0.781000000000001 37.772681888761319 8.097475498595594
0.782000000000001 37.780790159129253 8.119059943776090
0.783000000000001 37.788919998049558 8.140612591000739
0.784000000000001 37.797071373687196 8.162133366047120
0.785000000000001 37.805244254132752 8.183622194379614
0.786000000000001 37.813438607402105 8.205079001148761
0.787000000000001 37.821654401436142 8.226503711190626
0.788000000000001 37.829891604100418 8.247896249026159
0.789000000000001 37.838150183184858 8.269256538860557
0.790000000000001 37.846430106403439 8.290584504582620
0.791000000000001 37.854731341393851 8.311880069764111
0.792000000000001 37.863053855717212 8.333143157659112
0.793000000000001 37.871397616857728 8.354373691203381
0.794000000000001 37.879762592222377 8.375571593013710
0.795000000000001 37.888148749140612 8.396736785387271
0.796000000000001 37.896556054864007 8.417869190300976
0.797000000000001 37.904984476565950 8.438968729410830
0.798000000000001 37.913433981341342 8.460035324051278
0.799000000000001 37.921904536206242 8.481068895234557
0.800000000000001 37.930396108097561 8.502069363650049
0.801000000000001 37.938908663872745 8.523036649663622
0.802000000000001 37.947442170309436 8.543970673316981
0.803000000000001 37.955996594105166 8.564871354327018
0.804000000000001 37.964571901877008 8.585738612085153
0.805000000000001 37.973168060161278 8.606572365656678
0.806000000000001 37.981785035413182 8.627372533780106
0.807000000000001 37.990422794006498 8.648139034866505
0.808000000000001 37.999081302233265 8.668871786998846
0.809000000000001 38.007760526303436 8.689570707931345
0.810000000000001 38.016460432344545 8.710235715088796
0.811000000000001 38.025180986401395 8.730866725565914
0.812000000000001 38.033922154435714 8.751463656126672
0.813000000000001 38.042683902325827 8.772026423203640
0.814000000000001 38.051466195866332 8.792554942897313
0.815000000000001 38.060269000767754 8.813049130975458
0.816000000000001 38.069092282656229 8.833508902872437
0.817000000000001 38.077936007073149 8.853934173688545
0.818000000000001 38.086800139474839 8.874324858189341
0.819000000000001 38.095684645232232 8.894680870804981
0.820000000000001 38.104589489630520 8.915002125629542
0.821000000000001 38.113514637868818 8.935288536420359
0.822000000000001 38.122460055059825 8.955540016597345
0.823000000000001 38.131425706229507 8.975756479242328
0.824000000000001 38.140411556316721 8.995937837098367
0.825000000000001 38.149417570172915 9.016084002569084
0.826000000000001 38.158443712561755 9.036194887717985
0.827000000000001 38.167489948158817 9.056270404267785
0.828000000000001 38.176556241551218 9.076310463599730
0.829000000000001 38.185642557237294 9.096314976752920
0.830000000000001 38.194748859626237 9.116283854423624
0.831000000000001 38.203875113037768 9.136217006964607
0.832000000000001 38.213021281701792 9.156114344384443
0.833000000000001 38.222187329758050 9.175975776346835
0.834000000000001 38.231373221255772 9.195801212169933
0.835000000000001 38.240578920153339 9.215590560825646
0.836000000000001 38.249804390317919 9.235343730938961
0.837000000000001 38.259049595525134 9.255060630787254
0.838000000000001 38.268314499458718 9.274741168299602
0.839000000000001 38.277599065710156 9.294385251056102
0.840000000000001 38.286903257778327 9.313992786287171
0.841000000000001 38.296227039069187 9.333563680872867
0.842000000000001 38.305570372895374 9.353097841342192
0.843000000000001 38.314933222475894 9.372595173872401
0.844000000000001 38.324315550935751 9.392055584288309
0.845000000000001 38.333717321305592 9.411478978061602
0.846000000000001 38.343138496521370 9.430865260310135
0.847000000000001 38.352579039423965 9.450214335797243
0.848000000000001 38.362038912758848 9.469526108931042
0.849000000000001 38.371518079175729 9.488800483763731
0.850000000000001 38.381016501228181 9.508037363990896
0.851000000000001 38.390534141373294 9.527236652950808
0.852000000000001 38.400070961971323 9.546398253623728
0.853000000000001 38.409626925285323 9.565522068631198
0.854000000000001 38.419201993480790 9.584608000235347
0.855000000000001 38.428796128625301 9.603655950338183
0.856000000000001 38.438409292688149 9.622665820480892
0.857000000000001 38.448041447540007 9.641637511843134
0.858000000000001 38.457692554952523 9.660570925242334
0.859000000000001 38.467362576597992 9.679465961132980
0.860000000000001 38.477051474048984 9.698322519605910
0.861000000000001 38.486759208777976 9.717140500387609
0.862000000000001 38.496485742156985 9.735919802839499
0.863000000000001 38.506231035457212 9.754660325957227
0.864000000000001 38.515995049848669 9.773361968369954
0.865000000000001 38.525777746399811 9.792024628339645
0.866000000000001 38.535579086077171 9.810648203760353
0.867000000000001 38.545399029744992 9.829232592157512
0.868000000000001 38.555237538164867 9.847777690687215
0.869000000000001 38.565094571995346 9.866283396135501
0.870000000000001 38.574970091791585 9.884749604917641
0.871000000000001 38.584864058004975 9.903176213077419
0.872000000000001 38.594776430982762 9.921563116286412
0.873000000000001 38.604707170967671 9.939910209843276
0.874000000000001 38.614656238097545 9.958217388673022
0.875000000000001 38.624623592404966 9.976484547326294
0.876000000000001 38.634609193816871 9.994711579978652
0.877000000000001 38.644613002154195 10.012898380429847
0.878000000000001 38.654634977131479 10.031044842103098
0.879000000000001 38.664675078356495 10.049150858044365
0.880000000000001 38.674733265329884 10.067216320921629
0.881000000000001 38.684809497444753 10.085241123024161
0.882000000000001 38.694903733986315 10.103225156261800
0.883000000000001 38.705015934131502 10.121168312164222
0.884000000000001 38.715146056948583 10.139070481880211
0.885000000000001 38.725294061396795 10.156931556176930
0.886000000000001 38.735459906325936 10.174751425439196
0.887000000000001 38.745643550476004 10.192529979668736
0.888000000000001 38.755844952476806 10.210267108483471
0.889000000000001 38.766064070847584 10.227962701116770
0.890000000000001 38.776300863996603 10.245616646416723
0.891000000000001 38.786555290220797 10.263228832845405
0.892000000000001 38.796827307705364 10.280799148478140
0.893000000000001 38.807116874523388 10.298327481002765
0.894000000000001 38.817423948635437 10.315813717718893
0.895000000000001 38.827748487889195 10.333257745537175
0.896000000000001 38.838090450019060 10.350659450978560
0.897000000000001 38.848449792645745 10.368018720173559
0.898000000000001 38.858826473275911 10.385335438861500
0.899000000000001 38.869220449301757 10.402609492389788
0.900000000000001 38.879631678000628 10.419840765713163
0.901000000000001 38.890060116534642 10.437029143392961
0.902000000000001 38.900505721950260 10.454174509596363
0.903000000000001 38.910968451177936 10.471276748095658
0.904000000000001 38.921448261031685 10.488335742267489
0.905000000000001 38.931945108208694 10.505351375092117
0.906000000000001 38.942458949288948 10.522323529152661
0.907000000000001 38.952989740734807 10.539252086634365
0.908000000000001 38.963537438890626 10.556136929323836
0.909000000000001 38.974101999982331 10.572977938608304
0.910000000000001 38.984683380117040 10.589774995474865
0.911000000000001 38.995281535282672 10.606527980509737
0.912000000000001 39.005896421347515 10.623236773897499
0.913000000000001 39.016527994059850 10.639901255420348
0.914000000000001 39.027176209047532 10.656521304457337
0.915000000000001 39.037841021817599 10.673096799983627
0.916000000000001 39.048522387755860 10.689627620569729
0.917000000000001 39.059220262126487 10.706113644380748
0.918000000000001 39.069934600071619 10.722554749175627
0.919000000000001 39.080665356610950 10.738950812306392
0.920000000000001 39.091412486641325 10.755301710717386
0.921000000000001 39.102175944936327 10.771607320944522
0.922000000000001 39.112955686145867 10.787867519114512
0.923000000000001 39.123751664795783 10.804082180944114
0.924000000000001 39.134563835287416 10.820251181739366
0.925000000000001 39.145392151897219 10.836374396394827
0.926000000000001 39.156236568776329 10.852451699392814
0.927000000000001 39.167097039950150 10.868482964802636
0.928000000000001 39.177973519317959 10.884468066279833
0.929000000000001 39.188865960652485 10.900406877065407
0.930000000000001 39.199774317599477 10.916299269985061
0.931000000000001 39.210698543677310 10.932145117448428
0.932000000000001 39.221638592276562 10.947944291448309
0.933000000000001 39.232594416659587 10.963696663559897
0.934000000000001 39.243565969960109 10.979402104940018
0.935000000000001 39.254553205182809 10.995060486326352
0.936000000000001 39.265556075202880 11.010671678036671
0.937000000000001 39.276574532765629 11.026235549968062
0.938000000000001 39.287608530486054 11.041751971596160
0.939000000000001 39.298658020848414 11.057220811974370
0.940000000000001 39.309722956205803 11.072641939733101
0.941000000000001 39.320803288779750 11.088015223078987
0.942000000000001 39.331898970659758 11.103340529794114
0.943000000000001 39.343009953802920 11.118617727235245
0.944000000000001 39.354136190033458 11.133846682333044
0.945000000000001 39.365277631042311 11.149027261591298
0.946000000000001 39.376434228386721 11.164159331086145
0.947000000000001 39.387605933489780 11.179242756465287
0.948000000000001 39.398792697640026 11.194277402947220
0.949000000000001 39.409994471990984 11.209263135320452
0.950000000000001 39.421211207560759 11.224199817942717
0.951000000000001 39.432442855231599 11.239087314740205
0.952000000000001 39.443689365749464 11.253925489206772
0.953000000000001 39.454950689723596 11.268714204403160
0.954000000000001 39.466226777626062 11.283453322956220
0.955000000000001 39.477517579791360 11.298142707058117
0.956000000000001 39.488823046415952 11.312782218465561
0.957000000000001 39.500143127557841 11.327371718499005
0.958000000000001 39.511477773136129 11.341911068041878
0.959000000000001 39.522826932930585 11.356400127539780
0.960000000000001 39.534190556581201 11.370838756999715
0.961000000000001 39.545568593587767 11.385226815989288
0.962000000000001 39.556960993309410 11.399564163635924
0.963000000000001 39.568367704964160 11.413850658626080
0.964000000000001 39.579788677628528 11.428086159204454
0.965000000000001 39.591223860237037 11.442270523173194
0.966000000000001 39.602673201581794 11.456403607891112
0.967000000000001 39.614136650312048 11.470485270272887
0.968000000000001 39.625614154933729 11.484515366788280
0.969000000000001 39.637105663809017 11.498493753461336
0.970000000000001 39.648611125155902 11.512420285869595
0.971000000000001 39.660130487047716 11.526294819143297
0.972000000000001 39.671663697412711 11.540117207964586
0.973000000000001 39.683210704033584 11.553887306566720
0.974000000000001 39.694771454547045 11.567604968733272
0.975000000000001 39.706345896443359 11.581270047797339
0.976000000000001 39.717933977065904 11.594882396640736
0.977000000000001 39.729535643610717 11.608441867693211
0.978000000000001 39.741150843126029 11.621948312931639
0.979000000000001 39.752779522511823 11.635401583879228
0.980000000000001 39.764421628519386 11.648801531604718
0.981000000000001 39.776077107750837 11.662148006721585
0.982000000000001 39.787745906658685 11.675440859387237
0.983000000000001 39.799427971545370 11.688679939302217
0.984000000000001 39.811123248562794 11.701865095709403
0.985000000000001 39.822831683711883 11.714996177393202
0.986000000000001 39.834553222842118 11.728073032678752
0.987000000000001 39.846287811651067 11.741095509431121
0.988000000000001 39.858035395683942 11.754063455054499
0.989000000000001 39.869795920333118 11.766976716491399
0.990000000000001 39.881569330837692 11.779835140221850
0.991000000000001 39.893355572283006 11.792638572262597
0.992000000000001 39.905154589600180 11.805386858166289
0.993000000000001 39.916966327565660 11.818079843020680
0.994000000000001 39.928790730800749 11.830717371447820
0.995000000000001 39.940627743771138 11.843299287603250
0.996000000000001 39.952477310786435 11.855825435175191
0.997000000000001 39.964339375999707 11.868295657383745
0.998000000000001 39.976213883407006 11.880709796980080
0.999000000000001 39.988100776846899 11.893067696245621
1.000000000000001 40.000000000000000 11.905369196991249
