0.001000000000000 -4.672844132743545
0.002000000000000 -4.372155533514603
0.003000000000000 -4.196403734776740
0.004000000000000 -4.071802524162562
0.005000000000000 -3.975228104667731
0.006000000000000 -3.896380521548100
0.007000000000000 -3.829765466208218
0.008000000000000 -3.772103326882260
0.009000000000000 -3.721278687493399
0.010000000000000 -3.675847157494979
0.011000000000000 -3.634778512551445
0.012000000000000 -3.597312073726849
0.013000000000000 -3.562870173630766
0.014000000000000 -3.531003782819121
0.015000000000000 -3.501356940747128
0.016000000000000 -3.473642689596639
0.017000000000000 -3.447626316916769
0.018000000000000 -3.423113395325304
0.019000000000000 -3.399941060248626
0.020000000000000 -3.377971527548040
0.021000000000000 -3.357087194373964
0.022000000000000 -3.337186880764203
0.023000000000000 -3.318182907376664
0.024000000000000 -3.299998795615975
0.025000000000000 -3.282567437560138
0.026000000000000 -3.265829625032151
0.027000000000000 -3.249732856425178
0.028000000000000 -3.234230360626305
0.029000000000000 -3.219280292299092
0.030000000000000 -3.204845063644479
0.031000000000000 -3.190890785771985
0.032000000000000 -3.177386798792854
0.033000000000000 -3.164305274242813
0.034000000000000 -3.151620876872907
0.035000000000000 -3.139310475479922
0.036000000000000 -3.127352894480416
0.037000000000000 -3.115728699530780
0.038000000000000 -3.104420011741375
0.039000000000000 -3.093410346028488
0.040000000000000 -3.082684469933714
0.041000000000000 -3.072228279879733
0.042000000000000 -3.062028692338979
0.043000000000000 -3.052073547810375
0.044000000000000 -3.042351525835691
0.045000000000000 -3.032852069567503
0.046000000000000 -3.023565318628411
0.047000000000000 -3.014482049191523
0.048000000000000 -3.005593620369469
0.049000000000000 -2.996891926131939
0.050000000000000 -2.988369352080903
0.051000000000000 -2.980018736505924
0.052000000000000 -2.971833335222059
0.053000000000000 -2.963806789756414
0.054000000000000 -2.955933098509025
0.055000000000000 -2.948206590559693
0.056000000000000 -2.940621901834801
0.057000000000000 -2.933173953384079
0.058000000000000 -2.925857931545813
0.059000000000000 -2.918669269808565
0.060000000000000 -2.911603632196615
0.061000000000000 -2.904656898029063
0.062000000000000 -2.897825147917807
0.063000000000000 -2.891104650886304
0.064000000000000 -2.884491852502237
0.065000000000000 -2.877983363930694
0.066000000000000 -2.871575951822546
0.067000000000000 -2.865266528963627
0.068000000000000 -2.859052145616404
0.069000000000000 -2.852929981493858
0.070000000000000 -2.846897338310277
0.071000000000000 -2.840951632861498
0.072000000000000 -2.835090390588098
0.073000000000000 -2.829311239582853
0.074000000000000 -2.823611905005777
0.075000000000000 -2.817990203874258
0.076000000000000 -2.812444040197881
0.077000000000000 -2.806971400432005
0.078000000000000 -2.801570349223463
0.079000000000000 -2.796239025428385
0.080000000000000 -2.790975638379835
0.081000000000000 -2.785778464387232
0.082000000000000 -2.780645843451004
0.083000000000000 -2.775576176176167
0.084000000000000 -2.770567920870155
0.085000000000000 -2.765619590813528
0.086000000000000 -2.760729751689096
0.087000000000000 -2.755897019160412
0.088000000000000 -2.751120056588312
0.089000000000000 -2.746397572876512
0.090000000000000 -2.741728320437719
0.091000000000000 -2.737111093271724
0.092000000000000 -2.732544725148926
0.093000000000000 -2.728028087891750
0.094000000000000 -2.723560089748244
0.095000000000000 -2.719139673851303
0.096000000000000 -2.714765816759094
0.097000000000000 -2.710437527070479
0.098000000000000 -2.706153844112075
0.099000000000000 -2.701913836691322
0.100000000000000 -2.697716601912659
0.101000000000000 -2.693561264052402
0.102000000000000 -2.689446973489187
0.103000000000000 -2.685372905686379
0.104000000000000 -2.681338260223749
0.105000000000000 -2.677342259875124
0.106000000000000 -2.673384149730534
0.107000000000000 -2.669463196358773
0.108000000000000 -2.665578687009308
0.109000000000000 -2.661729928850881
0.110000000000000 -2.657916248244760
0.111000000000000 -2.654136990051071
0.112000000000000 -2.650391516965913
0.113000000000000 -2.646679208888200
0.114000000000000 -2.642999462314318
0.115000000000000 -2.639351689759266
0.116000000000000 -2.635735319202507
0.117000000000000 -2.632149793558073
0.118000000000000 -2.628594570166884
0.119000000000000 -2.625069120310671
0.120000000000000 -2.621572928745930
0.121000000000000 -2.618105493257696
0.122000000000000 -2.614666324231082
0.123000000000000 -2.611254944240901
0.124000000000000 -2.607870887657240
0.125000000000000 -2.604513700267467
0.126000000000000 -2.601182938912911
0.127000000000000 -2.597878171140077
0.128000000000000 -2.594598974865440
0.129000000000000 -2.591344938053231
0.130000000000000 -2.588115658405877
0.131000000000000 -2.584910743065948
0.132000000000000 -2.581729808329703
0.133000000000000 -2.578572479371286
0.134000000000000 -2.575438389977449
0.135000000000000 -2.572327182291795
0.136000000000000 -2.569238506568781
0.137000000000000 -2.566172020936510
0.138000000000000 -2.563127391168172
0.139000000000000 -2.560104290461809
0.140000000000000 -2.557102399227882
0.141000000000000 -2.554121404884471
0.142000000000000 -2.551161001659531
0.143000000000000 -2.548220890400361
0.144000000000000 -2.545300778389536
0.145000000000000 -2.542400379167022
0.146000000000000 -2.539519412358770
0.147000000000000 -2.536657603510883
0.148000000000000 -2.533814683929472
0.149000000000000 -2.530990390525959
0.150000000000000 -2.528184465667363
0.151000000000000 -2.525396657031821
0.152000000000000 -2.522626717468623
0.153000000000000 -2.519874404862940
0.154000000000000 -2.517139482004914
0.155000000000000 -2.514421716463120
0.156000000000000 -2.511720880461812
0.157000000000000 -2.509036750762357
0.158000000000000 -2.506369108548208
0.159000000000000 -2.503717739313680
0.160000000000000 -2.501082432756101
0.161000000000000 -2.498462982671350
0.162000000000000 -2.495859186852524
0.163000000000000 -2.493270846991994
0.164000000000000 -2.490697768586047
0.165000000000000 -2.488139760842686
0.166000000000000 -2.485596636592275
0.167000000000000 -2.483068212200612
0.168000000000000 -2.480554307484767
0.169000000000000 -2.478054745631303
0.170000000000000 -2.475569353117060
0.171000000000000 -2.473097959632122
0.172000000000000 -2.470640398004936
0.173000000000000 -2.468196504129851
0.174000000000000 -2.465766116896600
0.175000000000000 -2.463349078121678
0.176000000000000 -2.460945232482012
0.177000000000000 -2.458554427450052
0.178000000000000 -2.456176513231083
0.179000000000000 -2.453811342701981
0.180000000000000 -2.451458771351911
0.181000000000000 -2.449118657224478
0.182000000000000 -2.446790860861678
0.183000000000000 -2.444475245249119
0.184000000000000 -2.442171675762940
0.185000000000000 -2.439880020118004
0.186000000000000 -2.437600148317655
0.187000000000000 -2.435331932604687
0.188000000000000 -2.433075247413572
0.189000000000000 -2.430829969324121
0.190000000000000 -2.428595977016171
0.191000000000000 -2.426373151225795
0.192000000000000 -2.424161374702035
0.193000000000000 -2.421960532165472
0.194000000000000 -2.419770510267360
0.195000000000000 -2.417591197549984
0.196000000000000 -2.415422484407954
0.197000000000000 -2.413264263050683
0.198000000000000 -2.411116427465538
0.199000000000000 -2.408978873382086
0.200000000000000 -2.406851498237180
0.201000000000000 -2.404734201140881
0.202000000000000 -2.402626882843336
0.203000000000000 -2.400529445702311
0.204000000000000 -2.398441793651634
0.205000000000000 -2.396363832170352
0.206000000000000 -2.394295468252645
0.207000000000000 -2.392236610378572
0.208000000000000 -2.390187168485277
0.209000000000000 -2.388147053939075
0.210000000000000 -2.386116179508186
0.211000000000000 -2.384094459336092
0.212000000000000 -2.382081808915398
0.213000000000000 -2.380078145062489
0.214000000000000 -2.378083385892667
0.215000000000000 -2.376097450795996
0.216000000000000 -2.374120260413432
0.217000000000000 -2.372151736613755
0.218000000000000 -2.370191802471031
0.219000000000000 -2.368240382242415
0.220000000000000 -2.366297401346486
0.221000000000000 -2.364362786342289
0.222000000000000 -2.362436464908620
0.223000000000000 -2.360518365823738
0.224000000000000 -2.358608418945757
0.225000000000000 -2.356706555193348
0.226000000000000 -2.354812706526788
0.227000000000000 -2.352926805929579
0.228000000000000 -2.351048787390326
0.229000000000000 -2.349178585885082
0.230000000000000 -2.347316137360166
0.231000000000000 -2.345461378715112
0.232000000000000 -2.343614247786243
0.233000000000000 -2.341774683330374
0.234000000000000 -2.339942625009099
0.235000000000000 -2.338118013373192
0.236000000000000 -2.336300789847409
0.237000000000000 -2.334490896715722
0.238000000000000 -2.332688277106640
0.239000000000000 -2.330892874979018
0.240000000000000 -2.329104635108155
0.241000000000000 -2.327323503072085
0.242000000000000 -2.325549425238135
0.243000000000000 -2.323782348749957
0.244000000000000 -2.322022221514571
0.245000000000000 -2.320268992189761
0.246000000000000 -2.318522610171911
0.247000000000000 -2.316783025583764
0.248000000000000 -2.315050189262716
0.249000000000000 -2.313324052749061
0.250000000000000 -2.311604568274824
0.251000000000000 -2.309891688752436
0.252000000000000 -2.308185367763897
0.253000000000000 -2.306485559550171
0.254000000000000 -2.304792219000514
0.255000000000000 -2.303105301642272
0.256000000000000 -2.301424763630804
0.257000000000000 -2.299750561739586
0.258000000000000 -2.298082653350454
0.259000000000000 -2.296420996444231
0.260000000000000 -2.294765549591218
0.261000000000000 -2.293116271942173
0.262000000000000 -2.291473123219252
0.263000000000000 -2.289836063707241
0.264000000000000 -2.288205054244942
0.265000000000000 -2.286580056216621
0.266000000000000 -2.284961031543717
0.267000000000000 -2.283347942676766
0.268000000000000 -2.281740752587285
0.269000000000000 -2.280139424759876
0.270000000000000 -2.278543923184699
0.271000000000000 -2.276954212349707
0.272000000000000 -2.275370257233280
0.273000000000000 -2.273792023296961
0.274000000000000 -2.272219476478272
0.275000000000000 -2.270652583183620
0.276000000000000 -2.269091310281413
0.277000000000000 -2.267535625095390
0.278000000000000 -2.265985495397850
0.279000000000000 -2.264440889403123
0.280000000000000 -2.262901775761191
0.281000000000000 -2.261368123551335
0.282000000000000 -2.259839902275962
0.283000000000000 -2.258317081854549
0.284000000000000 -2.256799632617628
0.285000000000000 -2.255287525300884
0.286000000000000 -2.253780731039483
0.287000000000000 -2.252279221362296
0.288000000000000 -2.250782968186416
0.289000000000000 -2.249291943811621
0.290000000000000 -2.247806120915108
0.291000000000000 -2.246325472546030
0.292000000000000 -2.244849972120460
0.293000000000000 -2.243379593416267
0.294000000000000 -2.241914310568032
0.295000000000000 -2.240454098062137
0.296000000000000 -2.238998930731973
0.297000000000000 -2.237548783753170
0.298000000000000 -2.236103632638839
0.299000000000000 -2.234663453235057
0.300000000000000 -2.233228221716316
0.301000000000000 -2.231797914581084
0.302000000000000 -2.230372508647365
0.303000000000000 -2.228951981048521
0.304000000000000 -2.227536309228920
0.305000000000000 -2.226125470939899
0.306000000000000 -2.224719444235552
0.307000000000000 -2.223318207468789
0.308000000000000 -2.221921739287380
0.309000000000000 -2.220530018630066
0.310000000000000 -2.219143024722678
0.311000000000000 -2.217760737074407
0.312000000000000 -2.216383135474178
0.313000000000000 -2.215010199986908
0.314000000000000 -2.213641910949993
0.315000000000000 -2.212278248969751
0.316000000000000 -2.210919194917975
0.317000000000000 -2.209564729928501
0.318000000000000 -2.208214835393894
0.319000000000000 -2.206869492962107
0.320000000000000 -2.205528684533242
0.321000000000000 -2.204192392256406
0.322000000000000 -2.202860598526538
0.323000000000000 -2.201533285981299
0.324000000000000 -2.200210437498052
0.325000000000000 -2.198892036190874
0.326000000000000 -2.197578065407595
0.327000000000000 -2.196268508726852
0.328000000000000 -2.194963349955348
0.329000000000000 -2.193662573124936
0.330000000000000 -2.192366162489964
0.331000000000000 -2.191074102524424
0.332000000000000 -2.189786377919404
0.333000000000000 -2.188502973580366
0.334000000000000 -2.187223874624590
0.335000000000000 -2.185949066378580
0.336000000000000 -2.184678534375635
0.337000000000000 -2.183412264353290
0.338000000000000 -2.182150242250943
0.339000000000000 -2.180892454207407
0.340000000000000 -2.179638886558598
0.341000000000000 -2.178389525835181
0.342000000000000 -2.177144358760276
0.343000000000000 -2.175903372247261
0.344000000000000 -2.174666553397512
0.345000000000000 -2.173433889498213
0.346000000000000 -2.172205368020217
0.347000000000000 -2.170980976615945
0.348000000000000 -2.169760703117321
0.349000000000000 -2.168544535533668
0.350000000000000 -2.167332462049728
0.351000000000000 -2.166124471023682
0.352000000000000 -2.164920550985196
0.353000000000000 -2.163720690633427
0.354000000000000 -2.162524878835253
0.355000000000000 -2.161333104623295
0.356000000000000 -2.160145357194101
0.357000000000000 -2.158961625906370
0.358000000000000 -2.157781900279156
0.359000000000000 -2.156606169990081
0.360000000000000 -2.155434424873634
0.361000000000000 -2.154266654919453
0.362000000000000 -2.153102850270717
0.363000000000000 -2.151943001222385
0.364000000000000 -2.150787098219679
0.365000000000000 -2.149635131856398
0.366000000000000 -2.148487092873370
0.367000000000000 -2.147342972156941
0.368000000000000 -2.146202760737391
0.369000000000000 -2.145066449787515
0.370000000000000 -2.143934030621018
0.371000000000000 -2.142805494691148
0.372000000000000 -2.141680833589225
0.373000000000000 -2.140560039043268
0.374000000000000 -2.139443102916542
0.375000000000000 -2.138330017206223
0.376000000000000 -2.137220774042039
0.377000000000000 -2.136115365684967
0.378000000000000 -2.135013784525910
0.379000000000000 -2.133916023084390
0.380000000000000 -2.132822074007269
0.381000000000000 -2.131731930067579
0.382000000000000 -2.130645584163227
0.383000000000000 -2.129563029315801
0.384000000000000 -2.128484258669378
0.385000000000000 -2.127409265489369
0.386000000000000 -2.126338043161321
0.387000000000000 -2.125270585189826
0.388000000000000 -2.124206885197386
0.389000000000000 -2.123146936923288
0.390000000000000 -2.122090734222594
0.391000000000000 -2.121038271065008
0.392000000000000 -2.119989541533828
0.393000000000000 -2.118944539824962
0.394000000000000 -2.117903260245865
0.395000000000000 -2.116865697214547
0.396000000000000 -2.115831845258629
0.397000000000000 -2.114801699014293
0.398000000000000 -2.113775253225449
0.399000000000000 -2.112752502742679
0.400000000000000 -2.111733442522373
0.401000000000000 -2.110718067625833
0.402000000000000 -2.109706373218318
0.403000000000000 -2.108698354568242
0.404000000000000 -2.107694007046282
0.405000000000000 -2.106693326124507
0.406000000000000 -2.105696307375588
0.407000000000000 -2.104702946471903
0.408000000000000 -2.103713239184807
0.409000000000000 -2.102727181383795
0.410000000000000 -2.101744769035714
0.411000000000000 -2.100765998204018
0.412000000000000 -2.099790865048035
0.413000000000000 -2.098819365822173
0.414000000000000 -2.097851496875209
0.415000000000000 -2.096887254649578
0.416000000000000 -2.095926635680676
0.417000000000000 -2.094969636596176
0.418000000000000 -2.094016254115311
0.419000000000000 -2.093066485048231
0.420000000000000 -2.092120326295344
0.421000000000000 -2.091177774846678
0.422000000000000 -2.090238827781238
0.423000000000000 -2.089303482266379
0.424000000000000 -2.088371735557226
0.425000000000000 -2.087443584996058
0.426000000000000 -2.086519028011694
0.427000000000000 -2.085598062118918
0.428000000000000 -2.084680684917985
0.429000000000000 -2.083766894093978
0.430000000000000 -2.082856687416308
0.431000000000000 -2.081950062738151
0.432000000000000 -2.081047017996018
0.433000000000000 -2.080147551209092
0.434000000000000 -2.079251660478821
0.435000000000000 -2.078359343988417
0.436000000000000 -2.077470600002364
0.437000000000000 -2.076585426865938
0.438000000000000 -2.075703823004750
0.439000000000000 -2.074825786924283
0.440000000000000 -2.073951317209429
0.441000000000000 -2.073080412524122
0.442000000000000 -2.072213071610855
0.443000000000000 -2.071349293290304
0.444000000000000 -2.070489076460841
0.445000000000000 -2.069632420098228
0.446000000000000 -2.068779323255187
0.447000000000000 -2.067929785061033
0.448000000000000 -2.067083804721305
0.449000000000000 -2.066241381517375
0.450000000000000 -2.065402514806151
0.451000000000000 -2.064567204019660
0.452000000000000 -2.063735448664756
0.453000000000000 -2.062907248322796
0.454000000000000 -2.062082602649325
0.455000000000000 -2.061261511373764
0.456000000000000 -2.060443974299063
0.457000000000000 -2.059629991301453
0.458000000000000 -2.058819562330199
0.459000000000000 -2.058012687407202
0.460000000000000 -2.057209366626862
0.461000000000000 -2.056409600155731
0.462000000000000 -2.055613388232313
0.463000000000000 -2.054820731166775
0.464000000000000 -2.054031629340739
0.465000000000000 -2.053246083207007
0.466000000000000 -2.052464093289441
0.467000000000000 -2.051685660182636
0.468000000000000 -2.050910784551802
0.469000000000000 -2.050139467132507
0.470000000000000 -2.049371708730494
0.471000000000000 -2.048607510221530
0.472000000000000 -2.047846872551231
0.473000000000000 -2.047089796734834
0.474000000000000 -2.046336283857110
0.475000000000000 -2.045586335072151
0.476000000000000 -2.044839951603286
0.477000000000000 -2.044097134742908
0.478000000000000 -2.043357885852320
0.479000000000000 -2.042622206361655
0.480000000000000 -2.041890097769722
0.481000000000000 -2.041161561643943
0.482000000000000 -2.040436599620210
0.483000000000000 -2.039715213402790
0.484000000000000 -2.038997404764276
0.485000000000000 -2.038283175545464
0.486000000000000 -2.037572527655282
0.487000000000000 -2.036865463070777
0.488000000000000 -2.036161983837009
0.489000000000000 -2.035462092066972
0.490000000000000 -2.034765789941640
0.491000000000000 -2.034073079709819
0.492000000000000 -2.033383963688197
0.493000000000000 -2.032698444261266
0.494000000000000 -2.032016523881359
0.495000000000000 -2.031338205068589
0.496000000000000 -2.030663490410887
0.497000000000000 -2.029992382563953
0.498000000000000 -2.029324884251308
0.499000000000000 -2.028660998264314
0.500000000000000 -2.028000727462172
0.501000000000000 -2.027344074771964
0.502000000000000 -2.026691043188674
0.503000000000000 -2.026041635775280
0.504000000000000 -2.025395855662762
0.505000000000000 -2.024753706050165
0.506000000000000 -2.024115190204662
0.507000000000000 -2.023480311461647
0.508000000000000 -2.022849073224803
0.509000000000000 -2.022221478966171
0.510000000000000 -2.021597532226266
0.511000000000000 -2.020977236614185
0.512000000000000 -2.020360595807635
0.513000000000000 -2.019747613553176
0.514000000000000 -2.019138293666208
0.515000000000000 -2.018532640031205
0.516000000000000 -2.017930656601780
0.517000000000000 -2.017332347400857
0.518000000000000 -2.016737716520791
0.519000000000000 -2.016146768123566
0.520000000000000 -2.015559506440899
0.521000000000000 -2.014975935774445
0.522000000000000 -2.014396060496005
0.523000000000000 -2.013819885047620
0.524000000000000 -2.013247413941826
0.525000000000000 -2.012678651761842
0.526000000000000 -2.012113603161761
0.527000000000000 -2.011552272866761
0.528000000000000 -2.010994665673329
0.529000000000000 -2.010440786449474
0.530000000000000 -2.009890640134982
0.531000000000000 -2.009344231741613
0.532000000000000 -2.008801566353394
0.533000000000000 -2.008262649126858
0.534000000000000 -2.007727485291297
0.535000000000000 -2.007196080149005
0.536000000000000 -2.006668439075611
0.537000000000000 -2.006144567520329
0.538000000000000 -2.005624471006250
0.539000000000000 -2.005108155130622
0.540000000000000 -2.004595625565181
0.541000000000000 -2.004086888056460
0.542000000000000 -2.003581948426139
0.543000000000000 -2.003080812571301
0.544000000000000 -2.002583486464811
0.545000000000000 -2.002089976155659
0.546000000000000 -2.001600287769327
0.547000000000000 -2.001114427508111
0.548000000000000 -2.000632401651511
0.549000000000000 -2.000154216556601
0.550000000000000 -1.999679878658411
0.551000000000000 -1.999209394470332
0.552000000000000 -1.998742770584490
0.553000000000000 -1.998280013672165
0.554000000000000 -1.997821130484231
0.555000000000000 -1.997366127851526
0.556000000000000 -1.996915012685333
0.557000000000000 -1.996467791977812
0.558000000000000 -1.996024472802438
0.559000000000000 -1.995585062314470
0.560000000000000 -1.995149567751382
0.561000000000000 -1.994717996433372
0.562000000000000 -1.994290355763858
0.563000000000000 -1.993866653229958
0.564000000000000 -1.993446896402950
0.565000000000000 -1.993031092938866
0.566000000000000 -1.992619250578957
0.567000000000000 -1.992211377150205
0.568000000000000 -1.991807480565916
0.569000000000000 -1.991407568826222
0.570000000000000 -1.991011650018701
0.571000000000000 -1.990619732318846
0.572000000000000 -1.990231823990709
0.573000000000000 -1.989847933387493
0.574000000000000 -1.989468068952111
0.575000000000000 -1.989092239217826
0.576000000000000 -1.988720452808850
0.577000000000000 -1.988352718440959
0.578000000000000 -1.987989044922148
0.579000000000000 -1.987629441153287
0.580000000000000 -1.987273916128755
0.581000000000000 -1.986922478937136
0.582000000000000 -1.986575138761833
0.583000000000000 -1.986231904881853
0.584000000000000 -1.985892786672426
0.585000000000000 -1.985557793605793
0.586000000000000 -1.985226935251862
0.587000000000000 -1.984900221278953
0.588000000000000 -1.984577661454572
0.589000000000000 -1.984259265646157
0.590000000000000 -1.983945043821813
0.591000000000000 -1.983635006051160
0.592000000000000 -1.983329162506094
0.593000000000000 -1.983027523461565
0.594000000000000 -1.982730099296424
0.595000000000000 -1.982436900494253
0.596000000000000 -1.982147937644191
0.597000000000000 -1.981863221441819
0.598000000000000 -1.981582762689989
0.599000000000000 -1.981306572299746
0.600000000000000 -1.981034661291176
0.601000000000000 -1.980767040794350
0.602000000000000 -1.980503722050246
0.603000000000000 -1.980244716411651
0.604000000000000 -1.979990035344159
0.605000000000000 -1.979739690427089
0.606000000000000 -1.979493693354496
0.607000000000000 -1.979252055936148
0.608000000000000 -1.979014790098532
0.609000000000000 -1.978781907885886
0.610000000000000 -1.978553421461210
0.611000000000000 -1.978329343107364
0.612000000000000 -1.978109685228096
0.613000000000000 -1.977894460349140
0.614000000000000 -1.977683681119315
0.615000000000000 -1.977477360311637
0.616000000000000 -1.977275510824468
0.617000000000000 -1.977078145682643
0.618000000000000 -1.976885278038665
0.619000000000000 -1.976696921173831
0.620000000000000 -1.976513088499519
0.621000000000000 -1.976333793558327
0.622000000000000 -1.976159050025349
0.623000000000000 -1.975988871709413
0.624000000000000 -1.975823272554369
0.625000000000000 -1.975662266640371
0.626000000000000 -1.975505868185197
0.627000000000000 -1.975354091545557
0.628000000000000 -1.975206951218447
0.629000000000000 -1.975064461842526
0.630000000000000 -1.974926638199507
0.631000000000000 -1.974793495215585
0.632000000000000 -1.974665047962842
0.633000000000000 -1.974541311660686
0.634000000000000 -1.974422301677351
0.635000000000000 -1.974308033531371
0.636000000000000 -1.974198522893106
0.637000000000000 -1.974093785586294
0.638000000000000 -1.973993837589576
0.639000000000000 -1.973898695038130
0.640000000000000 -1.973808374225222
0.641000000000000 -1.973722891603897
0.642000000000000 -1.973642263788607
0.643000000000000 -1.973566507556861
0.644000000000000 -1.973495639850976
0.645000000000000 -1.973429677779816
0.646000000000000 -1.973368638620489
0.647000000000000 -1.973312539820176
0.648000000000000 -1.973261398997957
0.649000000000000 -1.973215233946606
0.650000000000000 -1.973174062634479
0.651000000000000 -1.973137903207394
0.652000000000000 -1.973106773990549
0.653000000000000 -1.973080693490482
0.654000000000000 -1.973059680397072
0.655000000000000 -1.973043753585512
0.656000000000000 -1.973032932118371
0.657000000000000 -1.973027235247656
0.658000000000000 -1.973026682416901
0.659000000000000 -1.973031293263329
0.660000000000000 -1.973041087620008
0.661000000000000 -1.973056085518025
0.662000000000000 -1.973076307188785
0.663000000000000 -1.973101773066197
0.664000000000000 -1.973132503789034
0.665000000000000 -1.973168520203233
0.666000000000000 -1.973209843364314
0.667000000000000 -1.973256494539734
0.668000000000000 -1.973308495211417
0.669000000000000 -1.973365867078126
0.670000000000000 -1.973428632058121
0.671000000000000 -1.973496812291616
0.672000000000000 -1.973570430143430
0.673000000000000 -1.973649508205624
0.674000000000000 -1.973734069300202
0.675000000000000 -1.973824136481800
0.676000000000000 -1.973919733040515
0.677000000000000 -1.974020882504683
0.678000000000000 -1.974127608643770
0.679000000000000 -1.974239935471222
0.680000000000000 -1.974357887247471
0.681000000000000 -1.974481488482925
0.682000000000000 -1.974610763941004
0.683000000000000 -1.974745738641245
0.684000000000000 -1.974886437862445
0.685000000000000 -1.975032887145835
0.686000000000000 -1.975185112298369
0.687000000000000 -1.975343139396022
0.688000000000000 -1.975506994787135
0.689000000000000 -1.975676705095821
0.690000000000000 -1.975852297225442
0.691000000000000 -1.976033798362122
0.692000000000000 -1.976221235978322
0.693000000000000 -1.976414637836498
0.694000000000000 -1.976614031992809
0.695000000000000 -1.976819446800837
0.696000000000000 -1.977030910915472
0.697000000000000 -1.977248453296758
0.698000000000000 -1.977472103213864
0.699000000000000 -1.977701890249078
0.700000000000000 -1.977937844301950
0.701000000000000 -1.978179995593378
0.702000000000000 -1.978428374669902
0.703000000000000 -1.978683012407963
0.704000000000000 -1.978943940018271
0.705000000000000 -1.979211189050265
0.706000000000000 -1.979484791396660
0.707000000000000 -1.979764779297997
0.708000000000000 -1.980051185347378
0.709000000000000 -1.980344042495202
0.710000000000000 -1.980643384053981
0.711000000000000 -1.980949243703326
0.712000000000000 -1.981261655494929
0.713000000000000 -1.981580653857667
0.714000000000000 -1.981906273602808
0.715000000000000 -1.982238549929258
0.716000000000000 -1.982577518428984
0.717000000000000 -1.982923215092485
0.718000000000000 -1.983275676314301
0.719000000000000 -1.983634938898754
0.720000000000000 -1.984001040065713
0.721000000000000 -1.984374017456433
0.722000000000000 -1.984753909139559
0.723000000000000 -1.985140753617204
0.724000000000000 -1.985534589831168
0.725000000000000 -1.985935457169259
0.726000000000000 -1.986343395471704
0.727000000000000 -1.986758445037690
0.728000000000000 -1.987180646632082
0.729000000000000 -1.987610041492135
0.730000000000000 -1.988046671334476
0.731000000000000 -1.988490578362145
0.732000000000000 -1.988941805271755
0.733000000000000 -1.989400395260811
0.734000000000000 -1.989866392035137
0.735000000000000 -1.990339839816553
0.736000000000000 -1.990820783350529
0.737000000000000 -1.991309267914084
0.738000000000000 -1.991805339323847
0.739000000000000 -1.992309043944235
0.740000000000000 -1.992820428695805
0.741000000000000 -1.993339541063727
0.742000000000000 -1.993866429106537
0.743000000000000 -1.994401141464899
0.744000000000000 -1.994943727370643
0.745000000000000 -1.995494236655981
0.746000000000000 -1.996052719762854
0.747000000000000 -1.996619227752489
0.748000000000000 -1.997193812315206
0.749000000000000 -1.997776525780266
0.750000000000000 -1.998367421126083
0.751000000000000 -1.998966551990561
0.752000000000000 -1.999573972681608
0.753000000000000 -2.000189738187942
0.754000000000000 -2.000813904190090
0.755000000000000 -2.001446527071531
0.756000000000000 -2.002087663930221
0.757000000000000 -2.002737372590227
0.758000000000000 -2.003395711613630
0.759000000000000 -2.004062740312708
0.760000000000000 -2.004738518762375
0.761000000000000 -2.005423107812826
0.762000000000000 -2.006116569102470
0.763000000000000 -2.006818965071183
0.764000000000000 -2.007530358973793
0.765000000000000 -2.008250814893859
0.766000000000000 -2.008980397757743
0.767000000000000 -2.009719173349029
0.768000000000000 -2.010467208323136
0.769000000000000 -2.011224570222394
0.770000000000000 -2.011991327491344
0.771000000000000 -2.012767549492405
0.772000000000000 -2.013553306521880
0.773000000000000 -2.014348669826356
0.774000000000000 -2.015153711619412
0.775000000000000 -2.015968505098675
0.776000000000000 -2.016793124463348
0.777000000000000 -2.017627644932060
0.778000000000000 -2.018472142761125
0.779000000000000 -2.019326695263234
0.780000000000000 -2.020191380826572
0.781000000000000 -2.021066278934325
0.782000000000000 -2.021951470184706
0.783000000000000 -2.022847036311392
0.784000000000000 -2.023753060204464
0.785000000000000 -2.024669625931784
0.786000000000000 -2.025596818760908
0.787000000000000 -2.026534725181536
0.788000000000000 -2.027483432928424
0.789000000000000 -2.028443031004892
0.790000000000000 -2.029413609706906
0.791000000000000 -2.030395260647635
0.792000000000000 -2.031388076782717
0.793000000000000 -2.032392152436071
0.794000000000000 -2.033407583326299
0.795000000000000 -2.034434466593876
0.796000000000000 -2.035472900828834
0.797000000000000 -2.036522986099195
0.798000000000000 -2.037584823980157
0.799000000000000 -2.038658517583913
0.800000000000000 -2.039744171590271
0.801000000000000 -2.040841892278072
0.802000000000000 -2.041951787557290
0.803000000000000 -2.043073967002053
0.804000000000000 -2.044208541884438
0.805000000000000 -2.045355625209200
0.806000000000000 -2.046515331749312
0.807000000000000 -2.047687778082435
0.808000000000000 -2.048873082628428
0.809000000000000 -2.050071365687776
0.810000000000000 -2.051282749480938
0.811000000000000 -2.052507358188909
0.812000000000000 -2.053745317994714
0.813000000000000 -2.054996757126076
0.814000000000000 -2.056261805899198
0.815000000000000 -2.057540596763791
0.816000000000000 -2.058833264349230
0.817000000000000 -2.060139945512021
0.818000000000000 -2.061460779384531
0.819000000000000 -2.062795907425189
0.820000000000000 -2.064145473469864
0.821000000000000 -2.065509623784837
0.822000000000000 -2.066888507121212
0.823000000000000 -2.068282274770852
0.824000000000000 -2.069691080623854
0.825000000000000 -2.071115081227816
0.826000000000000 -2.072554435848615
0.827000000000000 -2.074009306533034
0.828000000000000 -2.075479858173220
0.829000000000000 -2.076966258572944
0.830000000000000 -2.078468678515905
0.831000000000000 -2.079987291835936
0.832000000000000 -2.081522275489422
0.833000000000000 -2.083073809629787
0.834000000000000 -2.084642077684181
0.835000000000000 -2.086227266432669
0.836000000000000 -2.087829566089574
0.837000000000000 -2.089449170387521
0.838000000000000 -2.091086276663968
0.839000000000000 -2.092741085950431
0.840000000000000 -2.094413803064427
0.841000000000000 -2.096104636704489
0.842000000000000 -2.097813799547932
0.843000000000000 -2.099541508351906
0.844000000000000 -2.101287984057625
0.845000000000000 -2.103053451897879
0.846000000000000 -2.104838141508148
0.847000000000000 -2.106642287041234
0.848000000000000 -2.108466127285698
0.849000000000000 -2.110309905788204
0.850000000000000 -2.112173870979889
0.851000000000000 -2.114058276307043
0.852000000000000 -2.115963380366068
0.853000000000000 -2.117889447043156
0.854000000000000 -2.119836745658660
0.855000000000000 -2.121805551116343
0.856000000000000 -2.123796144057959
0.857000000000000 -2.125808811023117
0.858000000000000 -2.127843844614738
0.859000000000000 -2.129901543670410
0.860000000000000 -2.131982213439907
0.861000000000000 -2.134086165768871
0.862000000000000 -2.136213719289301
0.863000000000000 -2.138365199616925
0.864000000000000 -2.140540939555760
0.865000000000000 -2.142741279310274
0.866000000000000 -2.144966566705389
0.867000000000000 -2.147217157414773
0.868000000000000 -2.149493415197717
0.869000000000000 -2.151795712145006
0.870000000000000 -2.154124428934252
0.871000000000000 -2.156479955095063
0.872000000000000 -2.158862689284528
0.873000000000000 -2.161273039573436
0.874000000000000 -2.163711423744021
0.875000000000000 -2.166178269599285
0.876000000000000 -2.168674015284952
0.877000000000000 -2.171199109624427
0.878000000000000 -2.173754012467341
0.879000000000000 -2.176339195052520
0.880000000000000 -2.178955140385966
0.881000000000000 -2.181602343634689
0.882000000000000 -2.184281312537176
0.883000000000000 -2.186992567831253
0.884000000000000 -2.189736643700279
0.885000000000000 -2.192514088238925
0.886000000000000 -2.195325463938902
0.887000000000000 -2.198171348196416
0.888000000000000 -2.201052333842008
0.889000000000000 -2.203969029694167
0.890000000000000 -2.206922061138000
0.891000000000000 -2.209912070730453
0.892000000000000 -2.212939718833196
0.893000000000000 -2.216005684275176
0.894000000000000 -2.219110665046053
0.895000000000000 -2.222255379022722
0.896000000000000 -2.225440564730440
0.897000000000000 -2.228666982140770
0.898000000000000 -2.231935413508492
0.899000000000000 -2.235246664249676
0.900000000000000 -2.238601563863505
0.901000000000000 -2.242000966900388
0.902000000000000 -2.245445753979217
0.903000000000000 -2.248936832856799
0.904000000000000 -2.252475139552734
0.905000000000000 -2.256061639533071
0.906000000000000 -2.259697328956838
0.907000000000000 -2.263383235988924
0.908000000000000 -2.267120422184185
0.909000000000000 -2.270909983947091
0.910000000000000 -2.274753054071932
0.911000000000000 -2.278650803369302
0.912000000000000 -2.282604442384236
0.913000000000000 -2.286615223212733
0.914000000000000 -2.290684441423038
0.915000000000000 -2.294813438089635
0.916000000000000 -2.299003601947294
0.917000000000000 -2.303256371674297
0.918000000000000 -2.307573238313889
0.919000000000000 -2.311955747844495
0.920000000000000 -2.316405503909428
0.921000000000000 -2.320924170718357
0.922000000000000 -2.325513476133534
0.923000000000000 -2.330175214955307
0.924000000000000 -2.334911252422196
0.925000000000000 -2.339723527942935
0.926000000000000 -2.344614059078910
0.927000000000000 -2.349584945797518
0.928000000000000 -2.354638375019039
0.929000000000000 -2.359776625481370
0.930000000000000 -2.365002072949749
0.931000000000000 -2.370317195801566
0.932000000000000 -2.375724581018587
0.933000000000000 -2.381226930623228
0.934000000000000 -2.386827068598799
0.935000000000000 -2.392527948338229
0.936000000000000 -2.398332660669784
0.937000000000000 -2.404244442515456
0.938000000000000 -2.410266686241704
0.939000000000000 -2.416402949770519
0.940000000000000 -2.422656967526351
0.941000000000000 -2.429032662303115
0.942000000000000 -2.435534158145348
0.943000000000000 -2.442165794350053
0.944000000000000 -2.448932140707380
0.945000000000000 -2.455838014114851
0.946000000000000 -2.462888496715981
0.947000000000000 -2.470088955734292
0.948000000000000 -2.477445065196871
0.949000000000000 -2.484962829767037
0.950000000000000 -2.492648610937345
0.951000000000000 -2.500509155868937
0.952000000000000 -2.508551629204401
0.953000000000000 -2.516783648230149
0.954000000000000 -2.525213321820438
0.955000000000000 -2.533849293662350
0.956000000000000 -2.542700790337941
0.957000000000000 -2.551777674935271
0.958000000000000 -2.561090506967581
0.959000000000000 -2.570650609514077
0.960000000000000 -2.580470144651847
0.961000000000000 -2.590562198439074
0.962000000000000 -2.600940876938534
0.963000000000000 -2.611621415048543
0.964000000000000 -2.622620300247506
0.965000000000000 -2.633955413773490
0.966000000000000 -2.645646192273222
0.967000000000000 -2.657713813587065
0.968000000000000 -2.670181411129518
0.969000000000000 -2.683074322314034
0.970000000000000 -2.696420377723562
0.971000000000000 -2.710250239318966
0.972000000000000 -2.724597798016081
0.973000000000000 -2.739500643593421
0.974000000000000 -2.755000623319816
0.975000000000000 -2.771144510193350
0.976000000000000 -2.787984807659736
0.977000000000000 -2.805580725687849
0.978000000000000 -2.823999373944462
0.979000000000000 -2.843317232722209
0.980000000000000 -2.863621983013366
0.981000000000000 -2.885014806382762
0.982000000000000 -2.907613307235561
0.983000000000000 -2.931555271218747
0.984000000000000 -2.957003564366140
0.985000000000000 -2.984152615472969
0.986000000000000 -3.013237138354917
0.987000000000000 -3.044544092147507
0.988000000000000 -3.078429438665546
0.989000000000000 -3.115342208574468
0.990000000000000 -3.155860070438402
0.991000000000000 -3.200743704318477
0.992000000000000 -3.251023335628735
0.993000000000000 -3.308143355944434
0.994000000000000 -3.374219182322747
0.995000000000000 -3.452530427464006
0.996000000000000 -3.548571400850184
0.997000000000000 -3.672642058062027
0.998000000000000 -3.847866196889306
0.999000000000000 -4.148030030438140
1.000000000000000 -inf
