0.010000000000000 -3.675941384284334
0.020000000000000 -3.378065954602788
0.030000000000000 -3.204939648432354
0.040000000000000 -3.082779169872141
0.050000000000000 -2.988464124693042
0.060000000000000 -2.911698435266183
0.070000000000000 -2.846992130031171
0.080000000000000 -2.791070377497534
0.090000000000000 -2.741822966383657
0.100000000000000 -2.697811114930718
0.110000000000000 -2.658010589514766
0.120000000000000 -2.621667060493328
0.130000000000000 -2.588209544001996
0.140000000000000 -2.557196003281935
0.150000000000000 -2.528277754105135
0.160000000000000 -2.501175372891499
0.170000000000000 -2.475661913709751
0.180000000000000 -2.451550922656632
0.190000000000000 -2.428687690820737
0.200000000000000 -2.406942747889375
0.210000000000000 -2.386206939934464
0.220000000000000 -2.366387649061416
0.230000000000000 -2.347405850466094
0.240000000000000 -2.329193793287574
0.250000000000000 -2.311693152774102
0.260000000000000 -2.294853543198196
0.270000000000000 -2.278631310200969
0.280000000000000 -2.262988541967781
0.290000000000000 -2.247892253533381
0.300000000000000 -2.233313709365058
0.310000000000000 -2.219227857372169
0.320000000000000 -2.205612853455796
0.330000000000000 -2.192449660207991
0.340000000000000 -2.179721706791268
0.350000000000000 -2.167414599657960
0.360000000000000 -2.155515875805172
0.370000000000000 -2.144014791853803
0.380000000000000 -2.132902143493872
0.390000000000000 -2.122170110834690
0.400000000000000 -2.111812125995644
0.410000000000000 -2.101822759916104
0.420000000000000 -2.092197625886011
0.430000000000000 -2.082933297726315
0.440000000000000 -2.074027240903487
0.450000000000000 -2.065477755156975
0.460000000000000 -2.057283927468188
0.470000000000000 -2.049445594411745
0.480000000000000 -2.041963313113984
0.490000000000000 -2.034838340204737
0.500000000000000 -2.028072618293265
0.510000000000000 -2.021668769630740
0.520000000000000 -2.015630096745213
0.530000000000000 -2.009960589953145
0.540000000000000 -2.004664941767803
0.550000000000000 -1.999748568343354
0.560000000000000 -1.995217638215795
0.570000000000000 -1.991079108733622
0.580000000000000 -1.987340770714530
0.590000000000000 -1.984011302025297
0.600000000000000 -1.981100330965020
0.610000000000000 -1.978618510543533
0.620000000000000 -1.976577604995426
0.630000000000000 -1.974990590164993
0.640000000000000 -1.973871769751564
0.650000000000000 -1.973236909833158
0.660000000000000 -1.973103394609938
0.670000000000000 -1.973490406953396
0.680000000000000 -1.974419138146633
0.690000000000000 -1.975913032200626
0.700000000000000 -1.977998071389678
0.710000000000000 -1.980703111247121
0.720000000000000 -1.984060275305771
0.730000000000000 -1.988105422504649
0.740000000000000 -1.992878703614404
0.750000000000000 -1.998425227541170
0.760000000000000 -2.004795864346830
0.770000000000000 -2.012048219838560
0.780000000000000 -2.020247827446456
0.790000000000000 -2.029469618022310
0.800000000000000 -2.039799748933922
0.810000000000000 -2.051337903093025
0.820000000000001 -2.064200210495584
0.830000000000001 -2.078523006003790
0.840000000000001 -2.094467727964880
0.850000000000001 -2.112227400143949
0.860000000000001 -2.132035353617857
0.870000000000001 -2.154177186775105
0.880000000000001 -2.179007522436859
0.890000000000001 -2.206974073843600
0.900000000000001 -2.238653213566202
0.910000000000001 -2.274804347011565
0.920000000000001 -2.316456446224067
0.930000000000001 -2.365052670675485
0.940000000000001 -2.422707226597813
0.950000000000001 -2.492698537188217
0.960000000000001 -2.580519743816144
0.970000000000001 -2.696469655434035
0.980000000000001 -2.863670944805413
0.990000000000001 -3.155908721749548
1.000000000000001 -inf
