0.000000000000000 40.000000000000000
0.001000000000000 39.984687498662090
0.002000000000000 39.969413981972693
0.003000000000000 39.954179434541388
0.004000000000000 39.938983840938917
0.005000000000000 39.923827185697270
0.006000000000000 39.908709453309726
0.007000000000000 39.893630628230923
0.008000000000000 39.878590694876948
0.009000000000000 39.863589637625431
0.010000000000000 39.848627440815605
0.011000000000000 39.833704088748348
0.012000000000000 39.818819565686304
0.013000000000000 39.803973855853911
0.014000000000000 39.789166943437500
0.015000000000000 39.774398812585339
0.016000000000000 39.759669447407731
0.017000000000000 39.744978831977065
0.018000000000000 39.730326950327900
0.019000000000000 39.715713786457016
0.020000000000000 39.701139324323485
0.021000000000000 39.686603547848740
0.022000000000000 39.672106440916657
0.023000000000000 39.657647987373608
0.024000000000000 39.643228171028518
0.025000000000000 39.628846975652941
0.026000000000000 39.614504384981117
0.027000000000000 39.600200382710042
0.028000000000000 39.585934952499549
0.029000000000000 39.571708077972339
0.030000000000000 39.557519742714042
0.031000000000000 39.543369930273322
0.032000000000000 39.529258624161898
0.033000000000000 39.515185807854614
0.034000000000000 39.501151464789523
0.035000000000000 39.487155578367897
0.036000000000000 39.473198131954334
0.037000000000000 39.459279108876792
0.038000000000000 39.445398492426676
0.039000000000000 39.431556265858852
0.040000000000000 39.417752412391742
0.041000000000000 39.403986915207355
0.042000000000000 39.390259757451375
0.043000000000000 39.376570922233178
0.044000000000000 39.362920392625917
0.045000000000000 39.349308151666563
0.046000000000000 39.335734182355964
0.047000000000000 39.322198467658893
0.048000000000000 39.308700990504114
0.049000000000000 39.295241733784430
0.050000000000000 39.281820680356716
0.051000000000000 39.268437813042006
0.052000000000000 39.255093114625517
0.053000000000000 39.241786567856721
0.054000000000000 39.228518155449379
0.055000000000000 39.215287860081581
0.056000000000000 39.202095664395827
0.057000000000000 39.188941550999040
0.058000000000000 39.175825502462665
0.059000000000000 39.162747501322663
0.060000000000000 39.149707530079588
0.061000000000000 39.136705571198618
0.062000000000000 39.123741607109629
0.063000000000000 39.110815620207205
0.064000000000000 39.097927592850709
0.065000000000000 39.085077507364318
0.066000000000000 39.072265346037064
0.067000000000000 39.059491091122901
0.068000000000000 39.046754724840710
0.069000000000000 39.034056229374372
0.070000000000000 39.021395586872821
0.071000000000000 39.008772779450041
0.072000000000000 38.996187789185129
0.073000000000000 38.983640598122342
0.074000000000000 38.971131188271151
0.075000000000000 38.958659541606266
0.076000000000000 38.946225640067688
0.077000000000000 38.933829465560699
0.078000000000000 38.921470999955964
0.079000000000000 38.909150225089533
0.080000000000000 38.896867122762878
0.081000000000000 38.884621674742966
0.082000000000000 38.872413862762258
0.083000000000000 38.860243668518734
0.084000000000000 38.848111073676002
0.085000000000000 38.836016059863233
0.086000000000000 38.823958608675269
0.087000000000000 38.811938701672631
0.088000000000000 38.799956320381554
0.089000000000000 38.788011446294028
0.090000000000000 38.776104060867809
0.091000000000000 38.764234145526487
0.092000000000000 38.752401681659485
0.093000000000000 38.740606650622119
0.094000000000000 38.728849033735600
0.095000000000000 38.717128812287086
0.096000000000000 38.705445967529691
0.097000000000000 38.693800480682540
0.098000000000000 38.682192332930768
0.099000000000000 38.670621505425572
0.100000000000000 38.659087979284251
0.101000000000000 38.647591735590204
0.102000000000000 38.636132755392964
0.103000000000000 38.624711019708208
0.104000000000000 38.613326509517819
0.105000000000000 38.601979205769922
0.106000000000000 38.590669089378856
0.107000000000000 38.579396141225246
0.108000000000000 38.568160342155991
0.109000000000000 38.556961672984301
0.110000000000000 38.545800114489730
0.111000000000000 38.534675647418176
0.112000000000000 38.523588252481936
0.113000000000000 38.512537910359711
0.114000000000000 38.501524601696623
0.115000000000000 38.490548307104227
0.116000000000000 38.479609007160569
0.117000000000000 38.468706682410172
0.118000000000000 38.457841313364064
0.119000000000000 38.447012880499791
0.120000000000000 38.436221364261463
0.121000000000000 38.425466745059722
0.122000000000000 38.414749003271822
0.123000000000000 38.404068119241572
0.124000000000000 38.393424073279427
0.125000000000000 38.382816845662461
0.126000000000000 38.372246416634397
0.127000000000000 38.361712766405610
0.128000000000000 38.351215875153144
0.129000000000000 38.340755723020756
0.130000000000000 38.330332290118875
0.131000000000000 38.319945556524665
0.132000000000000 38.309595502282015
0.133000000000000 38.299282107401567
0.134000000000000 38.289005351860695
0.135000000000000 38.278765215603549
0.136000000000000 38.268561678541055
0.137000000000000 38.258394720550918
0.138000000000000 38.248264321477649
0.139000000000000 38.238170461132555
0.140000000000000 38.228113119293774
0.141000000000000 38.218092275706255
0.142000000000000 38.208107910081800
0.143000000000000 38.198160002099037
0.144000000000000 38.188248531403431
0.145000000000000 38.178373477607330
0.146000000000000 38.168534820289921
0.147000000000000 38.158732538997270
0.148000000000000 38.148966613242315
0.149000000000000 38.139237022504858
0.150000000000000 38.129543746231604
0.151000000000000 38.119886763836121
0.152000000000000 38.110266054698883
0.153000000000000 38.100681598167256
0.154000000000000 38.091133373555515
0.155000000000000 38.081621360144808
0.156000000000000 38.072145537183204
0.157000000000000 38.062705883885663
0.158000000000000 38.053302379434065
0.159000000000000 38.043935002977179
0.160000000000000 38.034603733630689
0.161000000000000 38.025308550477170
0.162000000000000 38.016049432566120
0.163000000000000 38.006826358913912
0.164000000000000 37.997639308503842
0.165000000000000 37.988488260286111
0.166000000000000 37.979373193177786
0.167000000000000 37.970294086062843
0.168000000000000 37.961250917792150
0.169000000000000 37.952243667183460
0.170000000000000 37.943272313021396
0.171000000000000 37.934336834057454
0.172000000000000 37.925437209010020
0.173000000000000 37.916573416564340
0.174000000000000 37.907745435372512
0.175000000000000 37.898953244053502
0.176000000000000 37.890196821193094
0.177000000000000 37.881476145343932
0.178000000000000 37.872791195025471
0.179000000000000 37.864141948724004
0.180000000000000 37.855528384892636
0.181000000000000 37.846950481951289
0.182000000000000 37.838408218286652
0.183000000000000 37.829901572252219
0.184000000000000 37.821430522168235
0.185000000000000 37.812995046321724
0.186000000000000 37.804595122966454
0.187000000000000 37.796230730322925
0.188000000000000 37.787901846578379
0.189000000000000 37.779608449886766
0.190000000000000 37.771350518368756
0.191000000000000 37.763128030111659
0.192000000000000 37.754940963169517
0.193000000000000 37.746789295562991
0.194000000000000 37.738673005279388
0.195000000000000 37.730592070272657
0.196000000000000 37.722546468463364
0.197000000000000 37.714536177738658
0.198000000000000 37.706561175952274
0.199000000000000 37.698621440924512
0.200000000000000 37.690716950442201
0.201000000000000 37.682847682258725
0.202000000000000 37.675013614093956
0.203000000000000 37.667214723634267
0.204000000000000 37.659450988532491
0.205000000000000 37.651722386407933
0.206000000000000 37.644028894846329
0.207000000000000 37.636370491399802
0.208000000000000 37.628747153586879
0.209000000000000 37.621158858892471
0.210000000000000 37.613605584767811
0.211000000000000 37.606087308630457
0.212000000000000 37.598604007864282
0.213000000000000 37.591155659819435
0.214000000000000 37.583742241812331
0.215000000000000 37.576363731125582
0.216000000000000 37.569020105008043
0.217000000000000 37.561711340674755
0.218000000000000 37.554437415306893
0.219000000000000 37.547198306051769
0.220000000000000 37.539993990022822
0.221000000000000 37.532824444299550
0.222000000000000 37.525689645927493
0.223000000000000 37.518589571918248
0.224000000000000 37.511524199249401
0.225000000000000 37.504493504864485
0.226000000000000 37.497497465673000
0.227000000000000 37.490536058550340
0.228000000000000 37.483609260337801
0.229000000000000 37.476717047842527
0.230000000000000 37.469859397837475
0.231000000000000 37.463036287061406
0.232000000000000 37.456247692218838
0.233000000000000 37.449493589980030
0.234000000000000 37.442773956980922
0.235000000000000 37.436088769823115
0.236000000000000 37.429438005073870
0.237000000000000 37.422821639266019
0.238000000000000 37.416239648897985
0.239000000000000 37.409692010433723
0.240000000000000 37.403178700302675
0.241000000000000 37.396699694899745
0.242000000000000 37.390254970585289
0.243000000000000 37.383844503685026
0.244000000000000 37.377468270490048
0.245000000000000 37.371126247256790
0.246000000000000 37.364818410206929
0.247000000000000 37.358544735527424
0.248000000000000 37.352305199370413
0.249000000000000 37.346099777853240
0.250000000000000 37.339928447058355
0.251000000000000 37.333791183033320
0.252000000000000 37.327687961790765
0.253000000000000 37.321618759308301
0.254000000000000 37.315583551528540
0.255000000000000 37.309582314359027
0.256000000000000 37.303615023672208
0.257000000000000 37.297681655305368
0.258000000000000 37.291782185060626
0.259000000000000 37.285916588704836
0.260000000000000 37.280084841969611
0.261000000000000 37.274286920551233
0.262000000000000 37.268522800110645
0.263000000000000 37.262792456273374
0.264000000000000 37.257095864629498
0.265000000000000 37.251433000733627
0.266000000000000 37.245803840104827
0.267000000000000 37.240208358226575
0.268000000000000 37.234646530546719
0.269000000000000 37.229118332477476
0.270000000000000 37.223623739395293
0.271000000000000 37.218162726640884
0.272000000000000 37.212735269519150
0.273000000000000 37.207341343299127
0.274000000000000 37.201980923213931
0.275000000000000 37.196653984460752
0.276000000000000 37.191360502200787
0.277000000000000 37.186100451559149
0.278000000000000 37.180873807624856
0.279000000000000 37.175680545450781
0.280000000000000 37.170520640053589
0.281000000000000 37.165394066413704
0.282000000000000 37.160300799475252
0.283000000000000 37.155240814145976
0.284000000000000 37.150214085297236
0.285000000000000 37.145220587763930
0.286000000000000 37.140260296344444
0.287000000000000 37.135333185800604
0.288000000000000 37.130439230857618
0.289000000000000 37.125578406204028
0.290000000000000 37.120750686491625
0.291000000000000 37.115956046335462
0.292000000000000 37.111194460313740
0.293000000000000 37.106465902967756
0.294000000000000 37.101770348801871
0.295000000000000 37.097107772283472
0.296000000000000 37.092478147842861
0.297000000000000 37.087881449873230
0.298000000000000 37.083317652730614
0.299000000000000 37.078786730733817
0.300000000000000 37.074288658164349
0.301000000000000 37.069823409266363
0.302000000000000 37.065390958246645
0.303000000000000 37.060991279274489
0.304000000000000 37.056624346481691
0.305000000000000 37.052290133962444
0.306000000000000 37.047988615773320
0.307000000000000 37.043719765933183
0.308000000000000 37.039483558423136
0.309000000000000 37.035279967186455
0.310000000000000 37.031108966128542
0.311000000000000 37.026970529116866
0.312000000000000 37.022864629980852
0.313000000000000 37.018791242511881
0.314000000000000 37.014750340463181
0.315000000000000 37.010741897549792
0.316000000000000 37.006765887448495
0.317000000000000 37.002822283797741
0.318000000000000 36.998911060197599
0.319000000000000 36.995032190209677
0.320000000000000 36.991185647357085
0.321000000000000 36.987371405124321
0.322000000000000 36.983589436957239
0.323000000000000 36.979839716262980
0.324000000000000 36.976122216409898
0.325000000000000 36.972436910727488
0.326000000000000 36.968783772506335
0.327000000000000 36.965162774998056
0.328000000000000 36.961573891415192
0.329000000000000 36.958017094931172
0.330000000000000 36.954492358680220
0.331000000000000 36.950999655757322
0.332000000000000 36.947538959218107
0.333000000000000 36.944110242078828
0.334000000000000 36.940713477316251
0.335000000000000 36.937348637867629
0.336000000000000 36.934015696630574
0.337000000000000 36.930714626463029
0.338000000000000 36.927445400183181
0.339000000000000 36.924207990569393
0.340000000000000 36.921002370360121
0.341000000000000 36.917828512253855
0.342000000000000 36.914686388909061
0.343000000000000 36.911575972944057
0.344000000000000 36.908497236936974
0.345000000000000 36.905450153425690
0.346000000000000 36.902434694907747
0.347000000000000 36.899450833840270
0.348000000000000 36.896498542639890
0.349000000000000 36.893577793682681
0.350000000000000 36.890688559304074
0.351000000000000 36.887830811798786
0.352000000000000 36.885004523420719
0.353000000000000 36.882209666382941
0.354000000000000 36.879446212857538
0.355000000000000 36.876714134975586
0.356000000000000 36.874013404827068
0.357000000000000 36.871343994460766
0.358000000000000 36.868705875884217
0.359000000000000 36.866099021063626
0.360000000000000 36.863523401923779
0.361000000000000 36.860978990347967
0.362000000000000 36.858465758177893
0.363000000000000 36.855983677213615
0.364000000000000 36.853532719213440
0.365000000000000 36.851112855893881
0.366000000000000 36.848724058929541
0.367000000000000 36.846366299953040
0.368000000000000 36.844039550554939
0.369000000000000 36.841743782283636
0.370000000000000 36.839478966645324
0.371000000000000 36.837245075103880
0.372000000000000 36.835042079080793
0.373000000000000 36.832869949955061
0.374000000000000 36.830728659063134
0.375000000000000 36.828618177698822
0.376000000000000 36.826538477113203
0.377000000000000 36.824489528514533
0.378000000000000 36.822471303068177
0.379000000000000 36.820483771896512
0.380000000000000 36.818526906078866
0.381000000000000 36.816600676651383
0.382000000000000 36.814705054606975
0.383000000000000 36.812840010895222
0.384000000000000 36.811005516422284
0.385000000000000 36.809201542050822
0.386000000000000 36.807428058599911
0.387000000000000 36.805685036844942
0.388000000000000 36.803972447517538
0.389000000000000 36.802290261305487
0.390000000000000 36.800638448852595
0.391000000000000 36.799016980758658
0.392000000000000 36.797425827579346
0.393000000000000 36.795864959826105
0.394000000000000 36.794334347966078
0.395000000000000 36.792833962422030
0.396000000000000 36.791363773572222
0.397000000000000 36.789923751750358
0.398000000000000 36.788513867245442
0.399000000000000 36.787134090301748
0.400000000000000 36.785784391118689
0.401000000000000 36.784464739850726
0.402000000000000 36.783175106607302
0.403000000000000 36.781915461452712
0.404000000000000 36.780685774406031
0.405000000000000 36.779486015441023
0.406000000000000 36.778316154486021
0.407000000000000 36.777176161423881
0.408000000000000 36.776066006091845
0.409000000000000 36.774985658281459
0.410000000000000 36.773935087738494
0.411000000000000 36.772914264162829
0.412000000000000 36.771923157208349
0.413000000000000 36.770961736482874
0.414000000000000 36.770029971548055
0.415000000000000 36.769127831919278
0.416000000000000 36.768255287065550
0.417000000000000 36.767412306409405
0.418000000000000 36.766598859326834
0.419000000000000 36.765814915147160
0.420000000000000 36.765060443152954
0.421000000000000 36.764335412579932
0.422000000000000 36.763639792616843
0.423000000000000 36.762973552405398
0.424000000000000 36.762336661040145
0.425000000000000 36.761729087568369
0.426000000000000 36.761150800990023
0.427000000000000 36.760601770257622
0.428000000000000 36.760081964276090
0.429000000000000 36.759591351902721
0.430000000000000 36.759129901947055
0.431000000000000 36.758697583170786
0.432000000000000 36.758294364287607
0.433000000000000 36.757920213963196
0.434000000000000 36.757575100815060
0.435000000000000 36.757258993412442
0.436000000000000 36.756971860276209
0.437000000000000 36.756713669878756
0.438000000000000 36.756484390643919
0.439000000000000 36.756283990946848
0.440000000000000 36.756112439113934
0.441000000000000 36.755969703422664
0.442000000000000 36.755855752101532
0.443000000000000 36.755770553329938
0.444000000000000 36.755714075238110
0.445000000000000 36.755686285906954
0.446000000000000 36.755687153367973
0.447000000000000 36.755716645603144
0.448000000000000 36.755774730544829
0.449000000000000 36.755861376075664
0.450000000000000 36.755976550028443
0.451000000000000 36.756120220186034
0.452000000000000 36.756292354281264
0.453000000000000 36.756492919996795
0.454000000000000 36.756721884965025
0.455000000000000 36.756979216767959
0.456000000000000 36.757264882937172
0.457000000000000 36.757578850953621
0.458000000000000 36.757921088247556
0.459000000000000 36.758291562198465
0.460000000000000 36.758690240134882
0.461000000000000 36.759117089334332
0.462000000000000 36.759572077023201
0.463000000000000 36.760055170376639
0.464000000000000 36.760566336518444
0.465000000000000 36.761105542520966
0.466000000000000 36.761672755404945
0.467000000000000 36.762267942139459
0.468000000000000 36.762891069641775
0.469000000000000 36.763542104777265
0.470000000000000 36.764221014359279
0.471000000000000 36.764927765149032
0.472000000000000 36.765662323855480
0.473000000000000 36.766424657135254
0.474000000000000 36.767214731592482
0.475000000000000 36.768032513778735
0.476000000000000 36.768877970192868
0.477000000000000 36.769751067280922
0.478000000000000 36.770651771436036
0.479000000000000 36.771580048998288
0.480000000000000 36.772535866254628
0.481000000000000 36.773519189438716
0.482000000000000 36.774529984730840
0.483000000000000 36.775568218257803
0.484000000000000 36.776633856092772
0.485000000000000 36.777726864255207
0.486000000000000 36.778847208710729
0.487000000000000 36.779994855370973
0.488000000000000 36.781169770093513
0.489000000000000 36.782371918681740
0.490000000000000 36.783601266884709
0.491000000000000 36.784857780397083
0.492000000000000 36.786141424858961
0.493000000000000 36.787452165855797
0.494000000000000 36.788789968918252
0.495000000000000 36.790154799522099
0.496000000000000 36.791546623088088
0.497000000000000 36.792965404981857
0.498000000000000 36.794411110513785
0.499000000000000 36.795883704938866
0.500000000000000 36.797383153456614
0.501000000000000 36.798909421210944
0.502000000000000 36.800462473290047
0.503000000000000 36.802042274726247
0.504000000000000 36.803648790495913
0.505000000000000 36.805281985519322
0.506000000000000 36.806941824660562
0.507000000000000 36.808628272727375
0.508000000000000 36.810341294471051
0.509000000000000 36.812080854586320
0.510000000000000 36.813846917711217
0.511000000000000 36.815639448426957
0.512000000000000 36.817458411257846
0.513000000000000 36.819303770671098
0.514000000000000 36.821175491076787
0.515000000000000 36.823073536827650
0.516000000000000 36.824997872219022
0.517000000000000 36.826948461488684
0.518000000000000 36.828925268816754
0.519000000000000 36.830928258325542
0.520000000000000 36.832957394079472
0.521000000000000 36.835012640084919
0.522000000000000 36.837093960290069
0.523000000000000 36.839201318584855
0.524000000000000 36.841334678800784
0.525000000000000 36.843494004710827
0.526000000000000 36.845679260029293
0.527000000000000 36.847890408411715
0.528000000000000 36.850127413454707
0.529000000000000 36.852390238695854
0.530000000000000 36.854678847613570
0.531000000000000 36.856993203627006
0.532000000000000 36.859333270095881
0.533000000000000 36.861699010320379
0.534000000000000 36.864090387541019
0.535000000000000 36.866507364938542
0.536000000000000 36.868949905633755
0.537000000000000 36.871417972687425
0.538000000000000 36.873911529100148
0.539000000000000 36.876430537812233
0.540000000000000 36.878974961703555
0.541000000000000 36.881544763593446
0.542000000000000 36.884139906240527
0.543000000000000 36.886760352342634
0.544000000000000 36.889406064536665
0.545000000000000 36.892077005398455
0.546000000000000 36.894773137442634
0.547000000000000 36.897494423122517
0.548000000000000 36.900240824829972
0.549000000000000 36.903012304895277
0.550000000000000 36.905808825587016
0.551000000000000 36.908630349111910
0.552000000000000 36.911476837614735
0.553000000000000 36.914348253178161
0.554000000000000 36.917244557822627
0.555000000000000 36.920165713506222
0.556000000000000 36.923111682124542
0.557000000000000 36.926082425510558
0.558000000000000 36.929077905434497
0.559000000000000 36.932098083603698
0.560000000000000 36.935142921662504
0.561000000000000 36.938212381192123
0.562000000000000 36.941306423710472
0.563000000000000 36.944425010672063
0.564000000000000 36.947568103467894
0.565000000000000 36.950735663425263
0.566000000000000 36.953927651807675
0.567000000000000 36.957144029814728
0.568000000000000 36.960384758581924
0.569000000000000 36.963649799180601
0.570000000000000 36.966939112617716
0.571000000000000 36.970252659835815
0.572000000000000 36.973590401712833
0.573000000000000 36.976952299061978
0.574000000000000 36.980338312631595
0.575000000000000 36.983748403105025
0.576000000000000 36.987182531100487
0.577000000000000 36.990640657170957
0.578000000000000 36.994122741803999
0.579000000000000 36.997628745421643
0.580000000000000 37.001158628380260
0.581000000000000 37.004712350970422
0.582000000000000 37.008289873416786
0.583000000000000 37.011891155877926
0.584000000000000 37.015516158446225
0.585000000000000 37.019164841147706
0.586000000000000 37.022837163941936
0.587000000000000 37.026533086721891
0.588000000000000 37.030252569313795
0.589000000000000 37.033995571476986
0.590000000000000 37.037762052903823
0.591000000000000 37.041551973219477
0.592000000000000 37.045365291981845
0.593000000000000 37.049201968681423
0.594000000000000 37.053061962741133
0.595000000000000 37.056945233516217
0.596000000000000 37.060851740294090
0.597000000000000 37.064781442294183
0.598000000000000 37.068734298667849
0.599000000000000 37.072710268498184
0.600000000000000 37.076709310799934
0.601000000000000 37.080731384519325
0.602000000000000 37.084776448533916
0.603000000000000 37.088844461652513
0.604000000000000 37.092935382614975
0.605000000000000 37.097049170092113
0.606000000000000 37.101185782685533
0.607000000000000 37.105345178927514
0.608000000000000 37.109527317280850
0.609000000000000 37.113732156138731
0.610000000000000 37.117959653824613
0.611000000000000 37.122209768592043
0.612000000000000 37.126482458624558
0.613000000000000 37.130777682035522
0.614000000000000 37.135095396868010
0.615000000000000 37.139435561094658
0.616000000000000 37.143798132617505
0.617000000000000 37.148183069267894
0.618000000000000 37.152590328806291
0.619000000000000 37.157019868922191
0.620000000000000 37.161471647233931
0.621000000000000 37.165945621288586
0.622000000000000 37.170441748561821
0.623000000000000 37.174959986457743
0.624000000000000 37.179500292308781
0.625000000000000 37.184062623375510
0.626000000000000 37.188646936846546
0.627000000000000 37.193253189838401
0.628000000000000 37.197881339395344
0.629000000000000 37.202531342489245
0.630000000000000 37.207203156019453
0.631000000000000 37.211896736812633
0.632000000000000 37.216612041622632
0.633000000000000 37.221349027130358
0.634000000000000 37.226107649943636
0.635000000000000 37.230887866597058
0.636000000000000 37.235689633551843
0.637000000000000 37.240512907195694
0.638000000000000 37.245357643842667
0.639000000000000 37.250223799733021
0.640000000000000 37.255111331033099
0.641000000000000 37.260020193835139
0.642000000000000 37.264950344157171
0.643000000000000 37.269901737942888
0.644000000000000 37.274874331061483
0.645000000000000 37.279868079307484
0.646000000000000 37.284882938400663
0.647000000000000 37.289918863985882
0.648000000000000 37.294975811632902
0.649000000000000 37.300053736836311
0.650000000000000 37.305152595015336
0.651000000000000 37.310272341513716
0.652000000000000 37.315412931599589
0.653000000000000 37.320574320465312
0.654000000000000 37.325756463227307
0.655000000000000 37.330959314925963
0.656000000000000 37.336182830525466
0.657000000000000 37.341426964913659
0.658000000000000 37.346691672901926
0.659000000000000 37.351976909225009
0.660000000000000 37.357282628540901
0.661000000000000 37.362608785430687
0.662000000000000 37.367955334398388
0.663000000000000 37.373322229870858
0.664000000000000 37.378709426197609
0.665000000000000 37.384116877650690
0.666000000000000 37.389544538424524
0.667000000000000 37.394992362635797
0.668000000000000 37.400460304323254
0.669000000000000 37.405948317447645
0.670000000000000 37.411456355891488
0.671000000000000 37.416984373459002
0.672000000000000 37.422532323875934
0.673000000000000 37.428100160789413
0.674000000000000 37.433687837767799
0.675000000000000 37.439295308300586
0.676000000000000 37.444922525798205
0.677000000000000 37.450569443591903
0.678000000000000 37.456236014933594
0.679000000000000 37.461922192995743
0.680000000000000 37.467627930871203
0.681000000000000 37.473353181573053
0.682000000000000 37.479097898034489
0.683000000000000 37.484862033108662
0.684000000000000 37.490645539568540
0.685000000000000 37.496448370106791
0.686000000000000 37.502270477335600
0.687000000000000 37.508111813786535
0.688000000000000 37.513972331910402
0.689000000000000 37.519851984077128
0.690000000000000 37.525750722575587
0.691000000000000 37.531668499613481
0.692000000000000 37.537605267317197
0.693000000000000 37.543560977731644
0.694000000000000 37.549535582820113
0.695000000000000 37.555529034464165
0.696000000000000 37.561541284463438
0.697000000000000 37.567572284535551
0.698000000000000 37.573621986315921
0.699000000000000 37.579690341357662
0.700000000000000 37.585777301131401
0.701000000000000 37.591882817025173
0.702000000000000 37.598006840344240
0.703000000000000 37.604149322310981
0.704000000000000 37.610310214064739
0.705000000000000 37.616489466661683
0.706000000000000 37.622687031074634
0.707000000000000 37.628902858192973
0.708000000000000 37.635136898822459
0.709000000000000 37.641389103685086
0.710000000000000 37.647659423418986
0.711000000000000 37.653947808578224
0.712000000000000 37.660254209632690
0.713000000000000 37.666578576967957
0.714000000000000 37.672920860885121
0.715000000000000 37.679281011600693
0.716000000000000 37.685658979246419
0.717000000000000 37.692054713869140
0.718000000000000 37.698468165430697
0.719000000000000 37.704899283807741
0.720000000000000 37.711348018791583
0.721000000000000 37.717814320088081
0.722000000000000 37.724298137317504
0.723000000000000 37.730799420014371
0.724000000000000 37.737318117627304
0.725000000000000 37.743854179518891
0.726000000000000 37.750407554965548
0.727000000000000 37.756978193157387
0.728000000000000 37.763566043198040
0.729000000000000 37.770171054104566
0.730000000000000 37.776793174807267
0.731000000000000 37.783432354149568
0.732000000000000 37.790088540887865
0.733000000000000 37.796761683691393
0.734000000000000 37.803451731142104
0.735000000000000 37.810158631734460
0.736000000000000 37.816882333875341
0.737000000000000 37.823622785883913
0.738000000000000 37.830379935991466
0.739000000000000 37.837153732341264
0.740000000000000 37.843944122988411
0.741000000000000 37.850751055899735
0.742000000000000 37.857574478953595
0.743000000000000 37.864414339939785
0.744000000000000 37.871270586559390
0.745000000000000 37.878143166424621
0.746000000000000 37.885032027058699
0.747000000000000 37.891937115895701
0.748000000000000 37.898858380280394
0.749000000000000 37.905795767468163
0.750000000000000 37.912749224624797
0.751000000000000 37.919718698826379
0.752000000000000 37.926704137059176
0.753000000000000 37.933705486219452
0.754000000000000 37.940722693113337
0.755000000000000 37.947755704456718
0.756000000000000 37.954804466875061
0.757000000000000 37.961868926903271
0.758000000000000 37.968949030985605
0.759000000000000 37.976044725475482
0.760000000000000 37.983155956635343
0.761000000000000 37.990282670636539
0.762000000000000 37.997424813559185
0.763000000000000 38.004582331392008
0.764000000000000 38.011755170032210
0.765000000000000 38.018943275285338
0.766000000000000 38.026146592865146
0.767000000000000 38.033365068393422
0.768000000000000 38.040598647399918
0.769000000000000 38.047847275322141
0.770000000000000 38.055110897505259
0.771000000000000 38.062389459201960
0.772000000000000 38.069682905572300
0.773000000000000 38.076991181683560
0.774000000000000 38.084314232510110
0.775000000000000 38.091652002933294
0.776000000000000 38.099004437741257
0.777000000000000 38.106371481628841
0.778000000000000 38.113753079197430
0.779000000000000 38.121149174954809
0.780000000000000 38.128559713315042
0.781000000000000 38.135984638598330
0.782000000000000 38.143423895030878
0.783000000000000 38.150877426744735
0.784000000000000 38.158345177777676
0.785000000000000 38.165827092073073
0.786000000000000 38.173323113479746
0.787000000000000 38.180833185751830
0.788000000000000 38.188357252548641
0.789000000000000 38.195895257434550
0.790000000000000 38.203447143878812
0.791000000000000 38.211012855255468
0.792000000000000 38.218592334843201
0.793000000000000 38.226185525825187
0.794000000000000 38.233792371288999
0.795000000000000 38.241412814226415
0.796000000000000 38.249046797533310
0.797000000000000 38.256694264009539
0.798000000000000 38.264355156358782
0.799000000000000 38.272029417188413
0.800000000000000 38.279716989009380
0.801000000000000 38.287417814236029
0.802000000000000 38.295131835186027
0.803000000000000 38.302858994080196
0.804000000000000 38.310599233042396
0.805000000000000 38.318352494099365
0.806000000000000 38.326118719180606
0.807000000000000 38.333897850118277
0.808000000000000 38.341689828647020
0.809000000000000 38.349494596403822
0.810000000000000 38.357312094927927
0.811000000000000 38.365142265660666
0.812000000000000 38.372985049945342
0.813000000000000 38.380840389027099
0.814000000000000 38.388708224052813
0.815000000000000 38.396588496070898
0.816000000000000 38.404481146031237
0.817000000000000 38.412386114785022
0.818000000000000 38.420303343084647
0.819000000000000 38.428232771583524
0.820000000000000 38.436174340836011
0.821000000000000 38.444127991297265
0.822000000000000 38.452093663323090
0.823000000000000 38.460071297169840
0.824000000000000 38.468060832994290
0.825000000000000 38.476062210853463
0.826000000000000 38.484075370704538
0.827000000000000 38.492100252404732
0.828000000000000 38.500136795711136
0.829000000000000 38.508184940280628
0.830000000000000 38.516244625669700
0.831000000000000 38.524315791334374
0.832000000000000 38.532398376630042
0.833000000000000 38.540492320811339
0.834000000000000 38.548597563032068
0.835000000000000 38.556714042344986
0.836000000000000 38.564841697701759
0.837000000000000 38.572980467952789
0.838000000000000 38.581130291847103
0.839000000000000 38.589291108032221
0.840000000000000 38.597462855054061
0.841000000000000 38.605645471356766
0.842000000000000 38.613838895282612
0.843000000000000 38.622043065071878
0.844000000000000 38.630257918862704
0.845000000000000 38.638483394690994
0.846000000000000 38.646719430490272
0.847000000000000 38.654965964091559
0.848000000000000 38.663222933223260
0.849000000000000 38.671490275511040
0.850000000000000 38.679767928477709
0.851000000000000 38.688055829543067
0.852000000000000 38.696353916023845
0.853000000000000 38.704662125133517
0.854000000000000 38.712980393982185
0.855000000000000 38.721308659576515
0.856000000000000 38.729646858819549
0.857000000000000 38.737994928510631
0.858000000000000 38.746352805345261
0.859000000000000 38.754720425915004
0.860000000000000 38.763097726707308
0.861000000000000 38.771484644105456
0.862000000000000 38.779881114388417
0.863000000000000 38.788287073730714
0.864000000000000 38.796702458202333
0.865000000000000 38.805127203768578
0.866000000000000 38.813561246289979
0.867000000000000 38.822004521522153
0.868000000000000 38.830456965115701
0.869000000000000 38.838918512616075
0.870000000000000 38.847389099463477
0.871000000000000 38.855868660992726
0.872000000000000 38.864357132433149
0.873000000000000 38.872854448908498
0.874000000000000 38.881360545436763
0.875000000000000 38.889875356930141
0.876000000000000 38.898398818194870
0.877000000000000 38.906930863931116
0.878000000000000 38.915471428732872
0.879000000000000 38.924020447087827
0.880000000000000 38.932577853377289
0.881000000000000 38.941143581876034
0.882000000000000 38.949717566752192
0.883000000000000 38.958299742067155
0.884000000000000 38.966890041775507
0.885000000000000 38.975488399724810
0.886000000000000 38.984094749655583
0.887000000000000 38.992709025201137
0.888000000000000 39.001331159887478
0.889000000000000 39.009961087133220
0.890000000000000 39.018598740249466
0.891000000000000 39.027244052439663
0.892000000000000 39.035896956799547
0.893000000000000 39.044557386316981
0.894000000000000 39.053225273871895
0.895000000000000 39.061900552236146
0.896000000000000 39.070583154073418
0.897000000000000 39.079273011939122
0.898000000000000 39.087970058280284
0.899000000000000 39.096674225435443
0.900000000000000 39.105385445634532
0.901000000000000 39.114103650998793
0.902000000000000 39.122828773540640
0.903000000000000 39.131560745163597
0.904000000000000 39.140299497662149
0.905000000000000 39.149044962721682
0.906000000000000 39.157797071918331
0.907000000000000 39.166555756718928
0.908000000000000 39.175320948480866
0.909000000000000 39.184092578451981
0.910000000000000 39.192870577770506
0.911000000000000 39.201654877464918
0.912000000000000 39.210445408453857
0.913000000000000 39.219242101546008
0.914000000000000 39.228044887440056
0.915000000000000 39.236853696724509
0.916000000000000 39.245668459877649
0.917000000000000 39.254489107267396
0.918000000000000 39.263315569151260
0.919000000000000 39.272147775676196
0.920000000000000 39.280985656878528
0.921000000000000 39.289829142683850
0.922000000000000 39.298678162906938
0.923000000000000 39.307532647251634
0.924000000000000 39.316392525310754
0.925000000000000 39.325257726566001
0.926000000000000 39.334128180387857
0.927000000000000 39.343003816035512
0.928000000000000 39.351884562656743
0.929000000000000 39.360770349287826
0.930000000000000 39.369661104853463
0.931000000000000 39.378556758166653
0.932000000000000 39.387457237928629
0.933000000000000 39.396362472728761
0.934000000000000 39.405272391044470
0.935000000000000 39.414186921241090
0.936000000000000 39.423105991571866
0.937000000000000 39.432029530177779
0.938000000000000 39.440957465087486
0.939000000000000 39.449889724217250
0.940000000000000 39.458826235370836
0.941000000000000 39.467766926239413
0.942000000000000 39.476711724401497
0.943000000000000 39.485660557322817
0.944000000000000 39.494613352356261
0.945000000000000 39.503570036741777
0.946000000000000 39.512530537606303
0.947000000000000 39.521494781963675
0.948000000000000 39.530462696714523
0.949000000000000 39.539434208646206
0.950000000000000 39.548409244432740
0.951000000000000 39.557387730634673
0.952000000000000 39.566369593699029
0.953000000000000 39.575354759959239
0.954000000000000 39.584343155635054
0.955000000000000 39.593334706832422
0.956000000000000 39.602329339543488
0.957000000000000 39.611326979646421
0.958000000000000 39.620327552905401
0.959000000000000 39.629330984970508
0.960000000000000 39.638337201377652
0.961000000000000 39.647346127548509
0.962000000000000 39.656357688790429
0.963000000000000 39.665371810296350
0.964000000000000 39.674388417144733
0.965000000000000 39.683407434299511
0.966000000000000 39.692428786609945
0.967000000000000 39.701452398810630
0.968000000000000 39.710478195521368
0.969000000000000 39.719506101247106
0.970000000000000 39.728536040377868
0.971000000000000 39.737567937188679
0.972000000000000 39.746601715839510
0.973000000000000 39.755637300375184
0.974000000000000 39.764674614725287
0.975000000000000 39.773713582704147
0.976000000000000 39.782754128010730
0.977000000000000 39.791796174228573
0.978000000000000 39.800839644825736
0.979000000000000 39.809884463154731
0.980000000000000 39.818930552452422
0.981000000000000 39.827977835840024
0.982000000000000 39.837026236322934
0.983000000000000 39.846075676790768
0.984000000000000 39.855126080017243
0.985000000000000 39.864177368660087
0.986000000000000 39.873229465261062
0.987000000000000 39.882282292245819
0.988000000000000 39.891335771923877
0.989000000000000 39.900389826488549
0.990000000000000 39.909444378016872
0.991000000000000 39.918499348469567
0.992000000000000 39.927554659690955
0.993000000000000 39.936610233408935
0.994000000000000 39.945665991234861
0.995000000000000 39.954721854663553
0.996000000000000 39.963777745073195
0.997000000000000 39.972833583725290
0.998000000000000 39.981889291764617
0.999000000000000 39.990944790219146
1.000000000000000 40.000000000000000
