0.000000000000000 40.000000000000000
0.010000000000000 39.848625616909715
0.020000000000000 39.701135707894359
0.030000000000000 39.557514364396368
0.040000000000000 39.417745302118036
0.050000000000000 39.281811867402730
0.060000000000000 39.149697043108951
0.070000000000000 39.021383453981336
0.080000000000000 38.896853371522688
0.090000000000000 38.776088718371405
0.100000000000000 38.659071072188432
0.110000000000000 38.545781669058236
0.120000000000000 38.436201406408060
0.130000000000000 38.330310845450093
0.140000000000000 38.228090213150935
0.150000000000000 38.129519403733156
0.160000000000000 38.034577979713369
0.170000000000000 37.943245172481760
0.180000000000000 37.855499882427750
0.190000000000000 37.771320678616668
0.200000000000000 37.690685798022379
0.210000000000000 37.613573144320789
0.220000000000000 37.539960286249368
0.230000000000000 37.469824455537797
0.240000000000000 37.403142544414891
0.250000000000000 37.339891102697074
0.260000000000000 37.280046334463854
0.270000000000000 37.223584094325616
0.280000000000000 37.170479883289289
0.290000000000000 37.120708844227522
0.300000000000000 37.074245756957033
0.310000000000000 37.031065032931899
0.320000000000000 36.991140709557669
0.330000000000000 36.954446444132309
0.340000000000000 36.920955507420075
0.350000000000000 36.890640776864444
0.360000000000000 36.863474729446487
0.370000000000000 36.839429434195054
0.380000000000000 36.818476544355327
0.390000000000000 36.800587289222513
0.400000000000000 36.785732465647321
0.410000000000000 36.773882429220357
0.420000000000000 36.765007085142315
0.430000000000000 36.759075878787478
0.440000000000000 36.756057785967670
0.450000000000000 36.755921302904397
0.460000000000000 36.758634435916761
0.470000000000000 36.764164690833240
0.480000000000000 36.772479062135176
0.490000000000000 36.783544021840470
0.500000000000000 36.797325508135756
0.510000000000000 36.813788913765848
0.520000000000000 36.832899074189228
0.530000000000000 36.854620255508692
0.540000000000000 36.878916142186519
0.550000000000000 36.905749824553538
0.560000000000000 36.935083786122000
0.570000000000000 36.966879890712121
0.580000000000000 37.001099369402660
0.590000000000000 37.037702807315981
0.600000000000000 37.076650130248325
0.610000000000000 37.117900591156399
0.620000000000000 37.161412756511531
0.630000000000000 37.207144492533040
0.640000000000000 37.255052951312649
0.650000000000000 37.305094556842171
0.660000000000000 37.357224990956915
0.670000000000000 37.411399179207656
0.680000000000000 37.467571276674320
0.690000000000000 37.525694653734675
0.700000000000000 37.585721881802044
0.710000000000000 37.647604719045965
0.720000000000000 37.711294096110421
0.730000000000000 37.776740101844318
0.740000000000000 37.843891969059577
0.750000000000000 37.912698060332218
0.760000000000000 37.983105853862533
0.770000000000000 38.055061929410478
0.780000000000000 38.128511954323137
0.790000000000000 38.203400669671296
0.800000000000000 38.279671876512552
0.810000000000000 38.357268422298965
0.820000000000000 38.436132187447384
0.830000000000000 38.516204072091277
0.840000000000000 38.597423983033238
0.850000000000000 38.679730820917463
0.860000000000000 38.763062467642449
0.870000000000000 38.847355774034163
0.880000000000000 38.932546547800513
0.890000000000000 39.018569541788359
0.900000000000000 39.105358442564864
0.910000000000000 39.192845859345155
0.920000000000000 39.280963313289014
0.930000000000000 39.369641227189490
0.940000000000000 39.458808915576959
0.950000000000000 39.548394575262428
0.960000000000000 39.638325276344482
0.970000000000000 39.728526953704659
0.980000000000000 39.818924399016282
0.990000000000000 39.909441253292577
1.000000000000000 40.000000000000000
