0 -0.532083 -1.37937 -1.90269
-0.105361 -0.752291 -2.79542 -2.86472
-0.210721 -0.993744 -4.88632 -2.16111
-0.316082 -1.25742 -3.91455 -2.2954
-0.421442 -1.54285 -3.24691 -2.25076
-0.526803 -1.84836 -2.85144 -2.23494
-0.632163 -2.17143 -2.68128 -2.29377
-0.737524 -2.50907 -2.65313 -2.45968
-0.842884 -2.85813 -2.72137 -2.63917
-0.948245 -3.21562 -2.86088 -2.8113
-1.05361 -3.57874 -3.05632 -3.02829
-1.15897 -3.94497 -3.29693 -3.31615
-1.26433 -4.31205 -3.5743 -3.66216
-1.36969 -4.67793 -3.88141 -4.05636
-1.47505 -5.04078 -4.21239 -4.49271
-1.58041 -5.39893 -4.56235 -4.96669
-1.68577 -5.75087 -4.92732 -5.47405
-1.79113 -6.09532 -5.3041 -6.01027
-1.89649 -6.43119 -5.69015 -6.57059
-2.00185 -6.75764 -6.08349 -7.15032
-2.10721 -7.07409 -6.48257 -7.74512
-2.21257 -7.38024 -6.88617 -8.35123
-2.31793 -7.6761 -7.29335 -8.96561
-2.42329 -7.96191 -7.70337 -9.58588
-2.52865 -8.23815 -8.11564 -10.2103
-2.63401 -8.50547 -8.52971 -10.8375
-2.73937 -8.76463 -8.94522 -11.4665
-2.84473 -9.01648 -9.36189 -12.0968
-2.95009 -9.26186 -9.77948 -12.7279
-3.05545 -9.5016 -10.1978 -13.3596
-3.16082 -9.73649 -10.6167 -13.9915
-3.26618 -9.96724 -11.0362 -14.6236
-3.37154 -10.1945 -11.456 -15.2558
-3.4769 -10.4188 -11.8761 -15.8881
-3.58226 -10.6407 -12.2964 -16.5204
-3.68762 -10.8606 -12.717 -17.1526
-3.79298 -11.0788 -13.1377 -17.7849
-3.89834 -11.2956 -13.5586 -18.4172
-4.0037 -11.5112 -13.9796 -19.0495
-4.10906 -11.726 -14.4007 -19.6817
-4.21442 -11.94 -14.8218 -20.3139
-4.31978 -12.1534 -15.243 -20.9462
-4.42514 -12.3663 -15.6643 -21.5784
-4.5305 -12.5788 -16.0855 -22.2105
-4.63586 -12.7909 -16.5068 -22.8428
-4.74122 -13.0028 -16.9282 -23.4753
-4.84658 -13.2144 -17.3495 -24.1075
-4.95194 -13.4259 -17.7709 -24.7402
-5.0573 -13.6373 -18.1923 -25.3723
-5.16267 -13.8485 -18.6137 -26.0044
-5.26803 -14.0596 -19.0351 -26.6447
-5.37339 -14.2707 -19.4565 -27.3084
-5.47875 -14.4816 -19.8779 -27.8376
-5.58411 -14.6926 -20.2993 -28.4103
-5.68947 -14.9035 -20.7208 -29.0279
-5.79483 -15.1143 -21.1423 -30.203
-5.90019 -15.3252 -21.5636 -29.9168
-6.00555 -15.536 -21.9848 -29.7765
-6.11091 -15.7468 -22.4067 -31.8095
-6.21627 -15.9576 -22.8272 -29.9016
-6.32163 -16.1683 -23.2497 -31.6492
-6.42699 -16.3791 -23.6722 -30.1744
-6.53235 -16.5899 -24.0972 -29.3466
-6.63771 -16.8006 -24.5189 -29.7229
-6.74307 -17.0113 -24.9466 -29.3271
-6.84843 -17.2221 -25.3564 -35.3505
-6.95379 -17.4328 -25.7585 -29.6517
-7.05915 -17.6435 -26.25 -29.1339
-7.16452 -17.8543 -26.5433 -29.1181
-7.26988 -18.065 -26.9314 -29.0986
-7.37524 -18.2757 -27.5542 -29.7577
-7.4806 -18.4865 -27.9613 -30.5383
-7.58596 -18.6972 -28.4323 -30.3982
-7.69132 -18.9079 -29.6806 -29.2236
-7.79668 -19.1187 -28.5965 -29.4343
-7.90204 -19.3294 -28.1743 -28.3461
-8.0074 -19.54 -29.123 -28.6321
-8.11276 -19.7508 -29.4397 -29.9523
-8.21812 -19.9614 -28.7192 -28.5797
-8.32348 -20.1723 -30.9377 -32.3801
-8.42884 -20.383 -29.7392 -29.7614
-8.5342 -20.594 -28.2559 -28.2045
-8.63956 -20.8037 -27.7514 -27.6719
-8.74492 -21.0155 -28.2646 -28.1218
-8.85028 -21.225 -27.9576 -27.8941
-8.95564 -21.4382 -27.6173 -27.5712
-9.061 -21.6484 -28.3166 -28.2853
-9.16636 -21.8581 -29.9683 -29.8014
-9.27173 -22.0682 -28.9875 -28.8682
-9.37709 -22.2849 -27.1606 -27.0903
-9.48245 -22.4892 -28.9412 -28.8552
-9.58781 -22.7038 -27.6325 -27.4592
-9.69317 -22.9101 -29.827 -30.141
-9.79853 -23.1483 -26.594 -26.5553
-9.90389 -23.3116 -26.8362 -26.7663
-10.0092 -23.5475 -27.9784 -27.7847
-10.1146 -23.6703 -25.9412 -25.8865
-10.22 -23.9421 -27.2901 -27.1982
-10.3253 -24.1275 -26.6156 -26.4878
-10.4307 -24.4602 -26.7122 -26.6245
-10.5361 -24.7656 -26.2351 -26.1846
-10.6414 -24.9074 -27.6114 -27.903
-10.7468 -24.7224 -25.7919 -25.7344
-10.8521 -25.2985 -26.8802 -26.6892
-10.9575 -25.3623 -29.827 -29.622
-11.0629 -25.2916 -26.4381 -26.4623
-11.1682 -25.456 -26.048 -25.9376
-11.2736 -25.5606 -26.3616 -26.3214
-11.3789 -26.3163 -25.4817 -25.463
-11.4843 -26.6195 -27.6808 -27.2727
-11.5897 -25.6102 -25.9178 -25.9178
-11.695 -25.0088 -24.6142 -24.5544
-11.8004 -25.571 -25.571 -25.6817
-11.9057 -24.668 -24.314 -24.2529
-12.0111 -25.0009 -24.495 -24.4024
-12.1165 -24.8231 -24.8231 -24.8299
-12.2218 -24.5823 -24.2774 -24.2015
-12.3272 -24.1934 -23.9556 -23.8973
-12.4325 -25.0325 -25.0325 -25.0676
-12.5379 -27.566 -25.1991 -24.9705
-12.6433 -24.063 -23.9131 -23.8857
-12.7486 -24.4535 -23.8678 -23.7386
-12.854 -26.6141 -26.6141 -26.8011
-12.9593 -23.6452 -23.2819 -23.2007
-13.0647 -24.1385 -23.9029 -23.8484
-13.1701 -23.6334 -23.4695 -23.4299
-13.2754 -23.2447 -22.9064 -22.8326
-13.3808 -24.6209 -24.1569 -24.0625
-13.4861 -24.0582 -24.5261 -24.8253
-13.5915 -22.8819 -22.6538 -22.6041
-13.6969 -23.5999 -23.5999 -23.6295
-13.8022 -23.4692 -23.2189 -23.1685
-13.9076 -23.0188 -22.5461 -22.439
-14.0129 -24.0887 -23.5864 -23.4744
-14.1183 -23.9274 -23.4468 -23.3384
-14.2237 -22.6676 -22.2079 -22.1031
-14.329 -23.5201 -23.5201 -23.5371
-14.4344 -22.6533 -22.4408 -22.3971
-14.5398 -22.825 -22.5532 -22.4992
-14.6451 -22.4769 -22.0781 -21.9891
-14.7505 -23.5362 -23.5362 -23.5362
-14.8558 -22.093 -21.7479 -21.6596
-14.9612 -21.5702 -21.2286 -21.1483
-15.0666 -22.3739 -22.3739 -22.3967
-15.1719 -22.9703 -22.112 -21.9526
-15.2773 -21.6571 -21.4722 -21.439
-15.3826 -22.4369 -22.4369 -22.4534
-15.488 -21.6124 -21.3975 -21.3533
-15.5934 -21.8893 -21.5882 -21.5211
-15.6987 -22.5214 -22.5214 -22.5716
-15.8041 -21.8596 -21.5082 -21.414
-15.9094 -23.9559 -22.3859 -22.1516
-16.0148 -20.5731 -20.3206 -20.2628
-16.1202 -20.4721 -20.2187 -20.1642
-16.2255 -21.858 -21.858 -21.858
-16.3309 -20.4741 -20.1689 -20.1012
-16.4362 -20.6008 -20.2292 -20.1401
-16.5416 -21.1987 -20.8239 -20.7343
-16.647 -21.5598 -21.0146 -20.8836
-16.7523 -19.4579 -19.1992 -19.1426
-16.8577 -19.5598 -19.3429 -19.2984
-16.963 -23.0276 -23.0276 -22.8932
-17.0684 -19.3571 -19.1386 -19.0876
-17.1738 -18.8843 -18.593 -18.5278
-17.2791 -19.852 -19.2971 -19.1811
-17.3845 -18.714 -18.4797 -18.4276
-17.4898 -19.4652 -18.9816 -18.8765
-17.5952 -20.4273 -19.9555 -19.8486
-17.7006 -20.4273 -19.9145 -19.8009
-17.8059 -22.6633 -22.6633 -22.9275
-17.9113 -19.3729 -19.1197 -19.0618
-18.0166 -19.3729 -19.0952 -19.0401
-18.122 -19.3729 -19.0686 -19.0009
-18.2274 -19.2469 -18.7181 -18.6081
-18.3327 -18.967 -18.7103 -18.6517
-18.4381 -17.9713 -17.5789 -17.4909
-18.5435 -18.3574 -18.1781 -18.1405
-18.6488 -19.4205 -19.4205 -19.4418
-18.7542 -21.2678 -21.2678 -21.4285
-18.8595 -18.7127 -18.1425 -18.0136
-18.9649 -19.431 -19.431 -19.4022
-19.0703 -17.6957 -17.6957 -17.7188
-19.1756 -17.5357 -17.2543 -17.1871
-19.281 -20.0231 -19.8646 -19.3836
-19.3863 -19.3836 -19.3836 -19.3836
-19.4917 -18.7691 -18.2009 -18.066
-19.5971 -17.5021 -17.5021 -17.5263
-19.7024 -20.6669 -18.6789 -18.4039
-19.8078 -16.5078 -16.31 -16.2747
-19.9131 -18.1277 -17.649 -17.5524
-20.0185 -17.1579 -16.7409 -16.6539
-20.1239 -17.1579 -16.9053 -16.8545
-20.2292 -16.896 -16.6762 -16.6312
-20.3346 -16.4126 -16.0037 -15.9111
-20.4399 -16.2876 -16.0022 -15.9381
-20.5453 -20.976 -18.0347 -17.7339
-20.6507 -18.3162 -17.3801 -17.1956
-20.756 -21.7162 -17.7533 -17.4704
-20.8614 -16.3911 -15.9475 -15.8454
-20.9667 -16.0747 -15.5571 -15.4386
-21.0721 -16.9978 -16.9978 -17.0409
-21.1775 -17.5451 -17.5451 -17.5864
-21.2828 -15.2522 -14.9096 -14.8321
-21.3882 -15.8574 -15.8574 -15.8761
-21.4935 -15.6604 -15.4349 -15.3953
-21.5989 -16.7828 -16.1604 -16.0302
-21.7043 -16.0168 -15.648 -15.569
-21.8096 -15.7565 -15.7565 -15.7954
-21.915 -15.3206 -15.0781 -15.029
-22.0203 -15.7565 -15.7565 -15.8048
-22.1257 -16.3154 -16.3154 -16.3154
-22.2311 -15.079 -14.8199 -14.7609
-22.3364 -15.5802 -15.1469 -15.0466
-22.4418 -16.8641 -16.8641 -16.9394
-22.5472 -17.6616 -17.6616 -17.6616
-22.6525 -15.5629 -14.6618 -14.4812
-22.7579 -13.8789 -13.6153 -13.559
-22.8632 -14.2226 -13.6868 -13.5695
-22.9686 -17.1257 -17.1257 -17.2995
-23.074 -14.6607 -14.2877 -14.208
-23.1793 -14.0167 -13.7826 -13.7284
-23.2847 -16.9135 -16.9135 -16.9135
-23.39 -14.0981 -14.0981 -14.1099
-23.4954 -13.7121 -13.4756 -13.4209
-23.6008 -13.5484 -13.3238 -13.278
-23.7061 -15.2932 -15.2932 -15.2932
-23.8115 -15.1667 -14.2237 -14.0384
-23.9168 -15.1667 -14.158 -14.0015
-24.0222 -13.4359 -13.1411 -13.0832
-24.1276 -14.4263 -18.0887 -15.3383
-24.2329 -12.6708 -12.3387 -12.2617
-24.3383 -12.2487 -11.8907 -11.8135
-24.4436 -14.1605 -16.7056 -14.8341
-24.549 -13.6187 -13.6187 -13.6422
-24.6544 -13.3383 -13.3383 -13.3383
-24.7597 -14.8534 -14.8534 -14.8534
-24.8651 -11.9238 -11.6228 -11.5558
-24.9704 -11.7134 -11.4387 -11.3766
-25.0758 -11.4387 -11.2021 -11.1508
-25.1812 -12.6825 -12.2676 -12.1705
-25.2865 -13.0187 -13.0187 -13.0458
-25.3919 -12.2929 -11.9351 -11.858
-25.4972 -11.5256 -11.1584 -11.0749
-25.6026 -11.6857 -11.4316 -11.3805
-25.708 -10.9169 -10.656 -10.6002
-25.8133 -12.5002 -11.9088 -11.7963
-25.9187 -10.4033 -10.0385 -9.9554
-26.024 -11.7993 -11.7993 -11.7993
-26.1294 -10.9589 -10.9589 -10.9829
-26.2348 -10.6844 -10.3479 -10.2745
-26.3401 -13.3914 -13.3914 -13.509
-26.4455 -12.222 -12.222 -12.2611
-26.5508 -10.9421 -10.9421 -10.9661
-26.6562 -9.80106 -9.57628 -9.53038
-26.7616 -9.98502 -9.69488 -9.62988
-26.8669 -10.5456 -10.2623 -10.1985
-26.9723 -10.792 -10.4097 -10.3284
-27.0777 -10.1338 -10.1338 -10.1518
-27.183 -12.7699 -11.6209 -11.2569
-27.2884 -9.90083 -9.66812 -9.61423
-27.3937 -11.9674 -11.9674 -12.0471
-27.4991 -10.2449 -10.2449 -10.2602
-27.6045 -9.32022 -9.13697 -9.10403
-27.7098 -10.43 -10.43 -10.4763
-27.8152 -12.7725 -12.7725 -12.7725
-27.9205 -9.95841 -9.95841 -9.97597
-28.0259 -8.9182 -8.43876 -8.32677
-28.1313 -9.00826 -8.78567 -8.73382
-28.2366 -10.8194 -10.8194 -10.8194
-28.342 -8.63242 -8.27984 -8.19446
-28.4473 -8.5006 -8.15581 -8.07641
-28.5527 -9.65945 -9.65945 -9.65945
-28.6581 -9.30233 -8.85345 -8.76138
-28.7634 -8.54474 -8.28615 -8.22716
-28.8688 -7.78026 -7.63819 -7.61635
-28.9741 -7.5659 -7.22182 -7.14106
-29.0795 -13.1079 -13.1079 -14.3326
-29.1849 -8.05634 -7.6168 -7.52079
-29.2902 -8.80712 -8.80712 -8.80712
-29.3956 -9.37477 -10.6711 -9.67521
-29.5009 -7.61826 -7.39969 -7.3549
-29.6063 -7.25153 -6.80407 -6.70493
-29.7117 -7.38553 -7.17124 -7.13338
-29.817 -7.4778 -7.01886 -6.91412
-29.9224 -7.69364 -7.3561 -7.29139
-30.0277 -7.35073 -7.35073 -7.38291
-30.1331 -7.2457 -6.97056 -6.91596
-30.2385 -7.2457 -6.94419 -6.87708
-30.3438 -5.8779 -5.61652 -5.55699
-30.4492 -7.92945 -7.30846 -7.1785
-30.5545 -6.50282 -6.12486 -6.03944
-30.6599 -6.24314 -6.06348 -6.03112
-30.7653 -7.31036 -7.31036 -7.33178
-30.8706 -8.61405 -8.14305 -7.74608
-30.976 -6.83275 -6.4361 -6.33251
-31.0814 -10.4703 -7.3997 -7.09985
-31.1867 -5.1495 -4.94794 -4.90623
-31.2921 -5.01072 -4.7301 -4.66689
-31.3974 -6.01093 -6.01093 -6.04409
-31.5028 -5.68001 -5.26085 -5.16307
-31.6082 -6.41541 -6.41541 -6.43574
-31.7135 -4.7221 -4.50165 -4.45651
-31.8189 -4.90175 -4.61809 -4.5543
-31.9242 -4.41693 -4.12678 -4.06178
-32.0296 -5.11787 -4.89368 -4.83518
-32.135 -4.95408 -4.95408 -4.97807
-32.2403 -4.80737 -4.60244 -4.56011
-32.3457 -4.9718 -4.71107 -4.6589
-32.451 -5.47791 -5.04029 -4.94997
-32.5564 -6.79481 -6.79481 -6.79481
-32.6618 -4.0415 -3.7621 -3.69531
-32.7671 -3.3118 -2.95299 -2.87195
-32.8725 -3.48426 -3.19017 -3.12443
-32.9778 -5.29082 -5.29082 -5.31686
-33.0832 -4.15533 -3.91218 -3.85622
-33.1886 -6.44742 -5.05451 -4.81109
-33.2939 -3.22008 -2.98362 -2.93232
-33.3993 -3.36243 -2.94859 -2.85519
-33.5046 -4.09456 -3.76181 -3.68904
-33.61 -3.86091 -3.56283 -3.48834
-33.7154 -3.28532 -2.78395 -2.67607
-33.8207 -4.14963 -4.14963 -4.18852
-33.9261 -5.58923 -4.28563 -4.06825
-34.0314 -5.58923 -4.2078 -3.98498
-34.1368 -2.88811 -2.52025 -2.43664
-34.2422 -3.47624 -3.47624 -3.49118
-34.3475 -2.23847 -1.88079 -1.79749
-34.4529 -4.15789 -3.42279 -3.26278
-34.5582 -2.59128 -2.18339 -2.09273
-34.6636 -2.97868 -2.97868 -2.99251
-34.769 -2.97868 -2.60162 -2.52118
-34.8743 -3.34299 -3.34299 -3.36771
-34.9797 -1.75235 -1.59888 -1.56622
-35.0851 -2.00231 -1.61482 -1.53262
-35.1904 -2.64342 -2.23848 -2.15341
-35.2958 -3.74838 -3.74838 -3.74838
-35.4011 -2.22622 -2.22622 -2.23985
-35.5065 -3.26581 -3.26581 -3.30927
-35.6119 -2.38921 -2.38921 -2.40908
-35.7172 -0.722599 -0.320226 -0.230513
-35.8226 -0.903069 -0.618165 -0.554148
-35.9279 -1.15122 -0.940383 -0.890935
-36.0333 -1.52656 -1.20479 -1.13398
-36.1387 -2.23199 -1.61468 -1.48525
-36.244 -4.20843 -4.20843 -4.20843
-36.3494 -0.63833 -0.63833 -0.667306
-36.4547 -0.792413 -0.792413 -0.820571
-36.5601 -0.9971 -0.9971 -1.02266
-36.6655 -1.28796 -1.28796 -1.30689
-36.7708 0.188119 0.439445 0.493514
-36.8762 0.188119 0.463838 0.526117
-36.9815 0.188119 0.49026 0.557487
-37.0869 0.188119 0.36708 0.409848
-37.1923 0.188119 0.385123 0.431704
-37.2976 0.188119 0.404796 0.455441
-37.403 0.188119 0.42621 0.48117
-37.5083 0.188119 0.188119 0.168006
-37.6137 0.188119 0.188119 0.165746
-37.7191 0.188119 0.188119 0.175751
-37.8244 0.188119 0.188119 0.174368
-37.9298 0.188119 0.188119 0.172828
-38.0351 0.188119 0.188119 0.171114
-38.1405 0.188119 0.188119 0.188119
-38.2459 0.188119 0.188119 0.188119
-38.3512 0.188119 0.188119 0.188119
-38.4566 0.188119 0.188119 0.188119
-38.5619 0.188119 0.188119 0.188119
-38.6673 0.188119 0.188119 0.188119
-38.7727 0.188119 0.188119 0.188119
-38.878 0.188119 0.188119 0.188119
-38.9834 0.188119 0.188119 0.188119
-39.0888 0.188119 0.188119 0.188119
-39.1941 0.188119 0.188119 0.188119
-39.2995 0.188119 0.188119 0.188119
-39.4048 0.188119 0.188119 0.188119
-39.5102 0.188119 0.188119 0.188119
-39.6156 0.188119 0.188119 0.188119
-39.7209 0.188119 0.188119 0.188119
-39.8263 0.188119 0.188119 0.188119
-39.9316 0.188119 0.188119 0.188119
-40.037 0.188119 0.188119 0.188119
-40.1424 0.188119 0.188119 0.188119
-40.2477 0.188119 0.188119 0.188119
-40.3531 0.188119 0.188119 0.188119
-40.4584 0.188119 0.188119 0.188119
-40.5638 0.188119 0.188119 0.188119
-40.6692 0.188119 0.188119 0.188119
-40.7745 0.188119 0.188119 0.188119
-40.8799 0.188119 0.188119 0.188119
-40.9852 0.188119 0.188119 0.188119
-41.0906 0.188119 0.188119 0.188119
-41.196 0.188119 0.188119 0.188119
-41.3013 0.188119 0.188119 0.188119
-41.4067 0.188119 0.188119 0.188119
-41.512 0.188119 0.188119 0.188119
-41.6174 0.188119 0.188119 0.188119
-41.7228 0.188119 0.188119 0.188119
-41.8281 0.188119 0.188119 0.188119
-41.9335 0.188119 0.188119 0.188119
-42.0388 0.188119 0.188119 0.188119
-42.1442 0.188119 0.188119 0.188119
-42.2496 0.188119 0.188119 0.188119
-42.3549 0.188119 0.188119 0.188119
-42.4603 0.188119 0.188119 0.188119
-42.5656 0.188119 0.188119 0.188119
-42.671 0.188119 0.188119 0.188119
-42.7764 0.188119 0.188119 0.188119
-42.8817 0.188119 0.188119 0.188119
-42.9871 0.188119 0.188119 0.188119
-43.0925 0.188119 0.188119 0.188119
-43.1978 0.188119 0.188119 0.188119
-43.3032 0.188119 0.188119 0.188119
-43.4085 0.188119 0.188119 0.188119
-43.5139 0.188119 0.188119 0.188119
-43.6193 0.188119 0.188119 0.188119
-43.7246 0.188119 0.188119 0.188119
-43.83 0.188119 0.188119 0.188119
-43.9353 0.188119 0.188119 0.188119
-44.0407 0.188119 0.188119 0.188119
-44.1461 0.188119 0.188119 0.188119
-44.2514 0.188119 0.188119 0.188119
-44.3568 0.188119 0.188119 0.188119
-44.4621 0.188119 0.188119 0.188119
-44.5675 0.188119 0.188119 0.188119
-44.6729 0.188119 0.188119 0.188119
-44.7782 0.188119 0.188119 0.188119
-44.8836 0.188119 0.188119 0.188119
-44.9889 0.188119 0.188119 0.188119
-45.0943 0.188119 0.188119 0.188119
-45.1997 0.188119 0.188119 0.188119
-45.305 0.188119 0.188119 0.188119
-45.4104 0.188119 0.188119 0.188119
-45.5157 0.188119 0.188119 0.188119
-45.6211 0.188119 0.188119 0.188119
-45.7265 0.188119 0.188119 0.188119
-45.8318 0.188119 0.188119 0.188119
-45.9372 0.188119 0.188119 0.188119
-46.0425 0.188119 0.188119 0.188119
