0.00100000000000000 39.92867341322254049 -71.19984506809973368
0.00200000000000000 39.85760006109337894 -70.94698332549616282
0.00300000000000000 39.78677919880051661 -70.69486489672881646
0.00400000000000000 39.71621008452457602 -70.44348679473537800
0.00500000000000000 39.64589197942769516 -70.19284604353079260
0.00600000000000000 39.57582414764247858 -69.94293967816504676
0.00700000000000000 39.50600585626098393 -69.69376474468101890
0.00800000000000000 39.43643637532373702 -69.44531830007251472
0.00900000000000000 39.36711497780882496 -69.19759741224240202
0.01000000000000000 39.29804093962098221 -68.95059915996093025
0.01100000000000000 39.22921353958076196 -68.70432063282416379
0.01200000000000000 39.16063205941372871 -68.45875893121255729
0.01300000000000000 39.09229578373969360 -68.21391116624964468
0.01400000000000001 39.02420400006197809 -67.96977445976092724
0.01500000000000001 38.95635599875675581 -67.72634594423286103
0.01600000000000001 38.88875107306239443 -67.48362276277197225
0.01700000000000001 38.82138851906886146 -67.24160206906415738
0.01800000000000001 38.75426763570717270 -67.00028102733406854
0.01900000000000001 38.68738772473886200 -66.75965681230465520
0.02000000000000001 38.62074809074550785 -66.51972660915689062
0.02100000000000001 38.55434804111828839 -66.28048761348952667
0.02200000000000001 38.48818688604760752 -66.04193703127913295
0.02300000000000001 38.42226393851270672 -65.80407207884013587
0.02400000000000001 38.35657851427136222 -65.56688998278508507
0.02500000000000002 38.29112993184961056 -65.33038797998501934
0.02600000000000002 38.22591751253150250 -65.09456331752994629
0.02700000000000002 38.16094058034890679 -64.85941325268953506
0.02800000000000002 38.09619846207134231 -64.62493505287386597
0.02900000000000002 38.03169048719587408 -64.39112599559436489
0.03000000000000002 37.96741598793700945 -64.15798336842485128
0.03100000000000002 37.90337429921667933 -63.92550446896270699
0.03200000000000002 37.83956475865421254 -63.69368660479023703
0.03300000000000002 37.77598670655638102 -63.46252709343609411
0.03400000000000002 37.71263948590747361 -63.23202326233689519
0.03500000000000002 37.64952244235940526 -63.00217244879894452
0.03600000000000003 37.58663492422186181 -62.77297199996009169
0.03700000000000003 37.52397628245249450 -62.54441927275173896
0.03800000000000003 37.46154587064713581 -62.31651163386094794
0.03900000000000003 37.39934304503007922 -62.08924645969273826
0.04000000000000003 37.33736716444435899 -61.86262113633246429
0.04100000000000003 37.27561759034211519 -61.63663305950835536
0.04200000000000003 37.21409368677493745 -61.41127963455416250
0.04300000000000003 37.15279482038430103 -61.18655827637197575
0.04400000000000003 37.09172036039200293 -60.96246640939515515
0.04500000000000003 37.03086967859067613 -60.73900146755136120
0.04600000000000003 36.97024214933427544 -60.51616089422579137
0.04700000000000003 36.90983714952866279 -60.29394214222447346
0.04800000000000004 36.84965405862219967 -60.07234267373772951
0.04900000000000004 36.78969225859637504 -59.85135996030376759
0.05000000000000004 36.72995113395649014 -59.63099148277240147
0.05100000000000004 36.67043007172235747 -59.41123473126889110
0.05200000000000004 36.61112846141902821 -59.19208720515792521
0.05300000000000004 36.55204569506759071 -58.97354641300774603
0.05400000000000004 36.49318116717598315 -58.75560987255435919
0.05500000000000004 36.43453427472982753 -58.53827511066592848
0.05600000000000004 36.37610441718334187 -58.32153966330725581
0.05700000000000004 36.31789099645023100 -58.10540107550441746
0.05800000000000004 36.25989341689466272 -57.88985690130952833
0.05900000000000005 36.20211108532225808 -57.67490470376560552
0.06000000000000005 36.14454341097111012 -57.46054205487160260
0.06100000000000005 36.08718980550285238 -57.24676653554752903
0.06200000000000005 36.03004968299374866 -57.03357573559974014
0.06300000000000004 35.97312245992583257 -56.82096725368631951
0.06400000000000004 35.91640755517806838 -56.60893869728259631
0.06500000000000004 35.85990439001754027 -56.39748768264681900
0.06600000000000004 35.80361238809070556 -56.18661183478590004
0.06700000000000005 35.74753097541465507 -55.97630878742134541
0.06800000000000005 35.69165958036841602 -55.76657618295526930
0.06900000000000005 35.63599763368428341 -55.55741167243655809
0.07000000000000005 35.58054456843919411 -55.34881291552713378
0.07100000000000005 35.52529982004612918 -55.14077758046837374
0.07200000000000005 35.47026282624555904 -54.93330334404764415
0.07300000000000005 35.41543302709690266 -54.72638789156493999
0.07400000000000005 35.36080986497003664 -54.52002891679968144
0.07500000000000005 35.30639278453683971 -54.31422412197759542
0.07600000000000005 35.25218123276273730 -54.10897121773776774
0.07700000000000005 35.19817465889834551 -53.90426792309978055
0.07800000000000006 35.14437251447106547 -53.70011196543097753
0.07900000000000006 35.09077425327677702 -53.49650108041387853
0.08000000000000006 35.03737933137153959 -53.29343301201369343
0.08100000000000006 34.98418720706331442 -53.09090551244595702
0.08200000000000006 34.93119734090373640 -52.88891634214430582
0.08300000000000006 34.87840919567990738 -52.68746326972834737
0.08400000000000006 34.82582223640623198 -52.48654407197169292
0.08500000000000006 34.77343593031628188 -52.28615653377005401
0.08600000000000006 34.72124974685468146 -52.08629844810951681
0.08700000000000006 34.66926315766903599 -51.88696761603490870
0.08800000000000006 34.61747563660189542 -51.68816184661828572
0.08900000000000007 34.56588665968273233 -51.48987895692754080
0.09000000000000007 34.51449570511996257 -51.29211677199514696
0.09100000000000007 34.46330225329300845 -51.09487312478698584
0.09200000000000007 34.41230578674436202 -50.89814585617133957
0.09300000000000007 34.36150579017171935 -50.70193281488797510
0.09400000000000007 34.31090175042011481 -50.50623185751733502
0.09500000000000007 34.26049315647408378 -50.31104084844989188
0.09600000000000007 34.21027949944988933 -50.11635765985557356
0.09700000000000007 34.16026027258774178 -49.92218017165331645
0.09800000000000007 34.11043497124407509 -49.72850627148077507
0.09900000000000007 34.06080309288383035 -49.53533385466409555
0.10000000000000007 34.01136413707279615 -49.34266082418783128
0.10100000000000008 33.96211760546996317 -49.15048509066497928
0.10200000000000008 33.91306300181990707 -48.95880457230713034
0.10300000000000008 33.86419983194520000 -48.76761719489472569
0.10400000000000008 33.81552760373885747 -48.57692089174744154
0.10500000000000008 33.76704582715683500 -48.38671360369467322
0.10600000000000008 33.71875401421049645 -48.19699327904615416
0.10700000000000008 33.67065167895918165 -48.00775787356268154
0.10800000000000008 33.62273833750274576 -47.81900535042694855
0.10900000000000008 33.57501350797417672 -47.63073368021450449
0.11000000000000008 33.52747671053219136 -47.44294084086482144
0.11100000000000008 33.48012746735389555 -47.25562481765248179
0.11200000000000009 33.43296530262747268 -47.06878360315845100
0.11300000000000009 33.38598974254487928 -46.88241519724152084
0.11400000000000009 33.33920031529458328 -46.69651760700980248
0.11500000000000009 33.29259655105433779 -46.51108884679237576
0.11600000000000009 33.24617798198396912 -46.32612693811103100
0.11700000000000009 33.19994414221819312 -46.14162990965212430
0.11800000000000009 33.15389456785946720 -45.95759579723856092
0.11900000000000009 33.10802879697087064 -45.77402264380186381
0.12000000000000009 33.06234636956901340 -45.59090849935437006
0.12100000000000009 33.01684682761695910 -45.40825142096154110
0.12200000000000009 32.97152971501719065 -45.22604947271437936
0.12300000000000010 32.92639457760459720 -45.04430072570194454
0.12400000000000010 32.88144096313949660 -44.86300325798399768
0.12500000000000008 32.83666842130067209 -44.68215515456374476
0.12600000000000008 32.79207650367844451 -44.50175450736067972
0.12700000000000009 32.74766476376775870 -44.32179941518357680
0.12800000000000009 32.70343275696132679 -44.14228798370353246
0.12900000000000009 32.65938004054276433 -43.96321832542717800
0.13000000000000009 32.61550617367977623 -43.78458855966994179
0.13100000000000009 32.57181071741736389 -43.60639681252946787
0.13200000000000009 32.52829323467103961 -43.42864121685911982
0.13300000000000009 32.48495329022010480 -43.25131991224158412
0.13400000000000009 32.44179045070092116 -43.07443104496260133
0.13500000000000009 32.39880428460022443 -42.89797276798479686
0.13600000000000009 32.35599436224845249 -42.72194324092161821
0.13700000000000009 32.31336025581313010 -42.54634063001135758
0.13800000000000009 32.27090153929223248 -42.37116310809132358
0.13900000000000010 32.22861778850761283 -42.19640885457208412
0.14000000000000010 32.18650858109843682 -42.02207605541183000
0.14100000000000010 32.14457349651464568 -41.84816290309083797
0.14200000000000010 32.10281211601045470 -41.67466759658603337
0.14300000000000010 32.06122402263785887 -41.50158834134568764
0.14400000000000010 32.01980880124018114 -41.32892334926417988
0.14500000000000010 31.97856603844564205 -41.15667083865688625
0.14600000000000010 31.93749532266093993 -40.98482903423516177
0.14700000000000010 31.89659624406488092 -40.81339616708144291
0.14800000000000010 31.85586839460200892 -40.64237047462443542
0.14900000000000010 31.81531136797628179 -40.47175020061441586
0.15000000000000011 31.77492475964474750 -40.30153359509863265
0.15100000000000011 31.73470816681127715 -40.13171891439681360
0.15200000000000011 31.69466118842029090 -39.96230442107676595
0.15300000000000011 31.65478342515053001 -39.79328838393008994
0.15400000000000011 31.61507447940883964 -39.62466907794798487
0.15500000000000011 31.57553395532398710 -39.45644478429716884
0.15600000000000011 31.53616145874049081 -39.28861379029588363
0.15700000000000011 31.49695659721249186 -39.12117438939001346
0.15800000000000011 31.45791897999762554 -38.95412488112930305
0.15900000000000011 31.41904821805093562 -38.78746357114366816
0.16000000000000011 31.38034392401880979 -38.62118877111961979
0.16100000000000012 31.34180571223292944 -38.45529879877676649
0.16200000000000012 31.30343319870424423 -38.28979197784445176
0.16300000000000012 31.26522600111698935 -38.12466663803844114
0.16400000000000012 31.22718373882269205 -37.95992111503775845
0.16500000000000012 31.18930603283423153 -37.79555375046160037
0.16600000000000012 31.15159250581990591 -37.63156289184633607
0.16700000000000012 31.11404278209753116 -37.46794689262262068
0.16800000000000012 31.07665648762855071 -37.30470411209260817
0.16900000000000012 31.03943325001218412 -37.14183291540726373
0.17000000000000012 31.00237269847958288 -36.97933167354376138
0.17100000000000012 30.96547446388801461 -36.81719876328298113
0.17200000000000013 30.92873817871507924 -36.65543256718711973
0.17300000000000013 30.89216347705292876 -36.49403147357737964
0.17400000000000013 30.85574999460252599 -36.33299387651175749
0.17500000000000013 30.81949736866791767 -36.17231817576294617
0.17600000000000013 30.78340523815052521 -36.01200277679630801
0.17700000000000013 30.74747324354347100 -35.85204609074796167
0.17800000000000013 30.71170102692591186 -35.69244653440296133
0.17900000000000013 30.67608823195740797 -35.53320253017356833
0.18000000000000013 30.64063450387230247 -35.37431250607761513
0.18100000000000013 30.60533948947412242 -35.21577489571696162
0.18200000000000013 30.57020283713001518 -35.05758813825607234
0.18300000000000013 30.53522419676518851 -34.89975067840064327
0.18400000000000014 30.50040321985738245 -34.74226096637637085
0.18500000000000014 30.46573955943136269 -34.58511745790777780
0.18600000000000014 30.43123287005342803 -34.42831861419714556
0.18700000000000014 30.39688280782594276 -34.27186290190354612
0.18800000000000014 30.36268903038189393 -34.11574879312196629
0.18900000000000014 30.32865119687946631 -33.95997476536250304
0.19000000000000014 30.29476896799663521 -33.80453930152970088
0.19100000000000014 30.26104200592578053 -33.64944088990191773
0.19200000000000014 30.22746997436832572 -33.49467802411082573
0.19300000000000014 30.19405253852939808 -33.34024920312101159
0.19400000000000014 30.16078936511249964 -33.18615293120961951
0.19500000000000015 30.12768012231420300 -33.03238771794615047
0.19600000000000015 30.09472447981888266 -32.87895207817228993
0.19700000000000015 30.06192210879343563 -32.72584453198187759
0.19800000000000015 30.02927268188205190 -32.57306360470092699
0.19900000000000015 29.99677587320098837 -32.42060782686777998
0.20000000000000015 29.96443135833336058 -32.26847573421331106
0.20100000000000015 29.93223881432396993 -32.11666586764123110
0.20200000000000015 29.90019791967413454 -31.96517677320851192
0.20300000000000015 29.86830835433654485 -31.81400700210584631
0.20400000000000015 29.83656979971014778 -31.66315511063825383
0.20500000000000015 29.80498193863502721 -31.51261966020573269
0.20600000000000016 29.77354445538733430 -31.36239921728402535
0.20700000000000016 29.74225703567421419 -31.21249235340546591
0.20800000000000016 29.71111936662875408 -31.06289764513990903
0.20900000000000016 29.68013113680496673 -30.91361367407576566
0.21000000000000016 29.64929203617277409 -30.76463902680109896
0.21100000000000016 29.61860175611301216 -30.61597229488483762
0.21200000000000016 29.58805998941247140 -30.46761207485805656
0.21300000000000016 29.55766643025893714 -30.31955696819535362
0.21400000000000016 29.52742077423625489 -30.17180558129631507
0.21500000000000016 29.49732271831941688 -30.02435652546705924
0.21600000000000016 29.46737196086966293 -29.87720841690187612
0.21700000000000016 29.43756820162960253 -29.73035987666494862
0.21800000000000017 29.40791114171835119 -29.58380953067216979
0.21900000000000017 29.37840048362669165 -29.43755600967303110
0.22000000000000017 29.34903593121224930 -29.29159794923259952
0.22100000000000017 29.31981718969468176 -29.14593398971359406
0.22200000000000017 29.29074396565089700 -29.00056277625854051
0.22300000000000017 29.26181596701027132 -28.85548295877200076
0.22400000000000017 29.23303290304990654 -28.71069319190290514
0.22500000000000017 29.20439448438989416 -28.56619213502695231
0.22600000000000017 29.17590042298858677 -28.42197845222911212
0.22700000000000017 29.14755043213790842 -28.27805081228619954
0.22800000000000017 29.11934422645866860 -28.13440788864953745
0.22900000000000018 29.09128152189589400 -27.99104835942770109
0.23000000000000018 29.06336203571418153 -27.84797090736935132
0.23100000000000018 29.03558548649306559 -27.70517421984615680
0.23200000000000018 29.00795159412240665 -27.56265698883577286
0.23300000000000018 28.98046007979779048 -27.42041791090494485
0.23400000000000018 28.95311066601594874 -27.27845568719265756
0.23500000000000018 28.92590307657019011 -27.13676902339338781
0.23600000000000018 28.89883703654586711 -26.99535662974043859
0.23700000000000018 28.87191227231583213 -26.85421722098934794
0.23800000000000018 28.84512851153592550 -26.71334951640138655
0.23900000000000018 28.81848548314048131 -26.57275223972713718
0.24000000000000019 28.79198291733784743 -26.43242411919014856
0.24100000000000019 28.76562054560591619 -26.29236388747068531
0.24200000000000019 28.73939810068767997 -26.15257028168954889
0.24300000000000019 28.71331531658679737 -26.01304204339198023
0.24400000000000019 28.68737192856317009 -25.87377791853164766
0.24500000000000019 28.66156767312855891 -25.73477665745471299
0.24600000000000019 28.63590228804217830 -25.59603701488398642
0.24700000000000019 28.61037551230634435 -25.45755774990315246
0.24800000000000019 28.58498708616211559 -25.31933762594107407
0.24900000000000019 28.55973675108495513 -25.18137541075618913
0.25000000000000017 28.53462424978040346 -25.04366987642098152
0.25100000000000017 28.50964932617978675 -24.90621979930653396
0.25200000000000017 28.48481172543591455 -24.76902396006714824
0.25300000000000017 28.46011119391880229 -24.63208114362506862
0.25400000000000017 28.43554747921142223 -24.49539013915526553
0.25500000000000017 28.41112033010544735 -24.35894974007030100
0.25600000000000017 28.38682949659702359 -24.22275874400528650
0.25700000000000017 28.36267472988256344 -24.08681595280290111
0.25800000000000017 28.33865578235453242 -23.95112017249850922
0.25900000000000017 28.31477240759727465 -23.81567021330533507
0.26000000000000018 28.29102436038283841 -23.68046488959972962
0.26100000000000018 28.26741139666681590 -23.54550301990651917
0.26200000000000018 28.24393327358421146 -23.41078342688441438
0.26300000000000018 28.22058974944530974 -23.27630493731151873
0.26400000000000018 28.19738058373155809 -23.14206638207090094
0.26500000000000018 28.17430553709147745 -23.00806659613624916
0.26600000000000018 28.15136437133657665 -22.87430441855760677
0.26700000000000018 28.12855684943728107 -22.74077869244716865
0.26800000000000018 28.10588273551888250 -22.60748826496518404
0.26900000000000018 28.08334179485748905 -22.47443198730590908
0.27000000000000018 28.06093379387600351 -22.34160871468365528
0.27100000000000019 28.03865850014011230 -22.20901730631889848
0.27200000000000019 28.01651568235428513 -22.07665662542448004
0.27300000000000019 27.99450511035778533 -21.94452553919187210
0.27400000000000019 27.97262655512070495 -21.81262291877752446
0.27500000000000019 27.95087978873999646 -21.68094763928929325
0.27600000000000019 27.92926458443554338 -21.54949857977293703
0.27700000000000019 27.90778071654621328 -21.41827462319868758
0.27800000000000019 27.88642796052594619 -21.28727465644790939
0.27900000000000019 27.86520609293985729 -21.15649757029981970
0.28000000000000019 27.84411489146033247 -21.02594225941828654
0.28100000000000019 27.82315413486315947 -20.89560762233871927
0.28200000000000019 27.80232360302366246 -20.76549256145500522
0.28300000000000020 27.78162307691284383 -20.63559598300655296
0.28400000000000020 27.76105233859355081 -20.50591679706538528
0.28500000000000020 27.74061117121664921 -20.37645391752331392
0.28600000000000020 27.72029935901720776 -20.24720626207919594
0.28700000000000020 27.70011668731069676 -20.11817275222626833
0.28800000000000020 27.68006294248920440 -19.98935231323952877
0.28900000000000020 27.66013791201765315 -19.86074387416323361
0.29000000000000020 27.64034138443004451 -19.73234636779842788
0.29100000000000020 27.62067314932570739 -19.60415873069058179
0.29200000000000020 27.60113299736555348 -19.47617990311727709
0.29300000000000020 27.58172072026836474 -19.34840882907599280
0.29400000000000021 27.56243611080705946 -19.22084445627193006
0.29500000000000021 27.54327896280500809 -19.09348573610594357
0.29600000000000021 27.52424907113233843 -18.96633162366253345
0.29700000000000021 27.50534623170225501 -18.83938107769790449
0.29800000000000021 27.48657024146737626 -18.71263306062810372
0.29900000000000021 27.46792089841607876 -18.58608653851723247
0.30000000000000021 27.44939800156885568 -18.45974048106572951
0.30100000000000021 27.43100135097468595 -18.33359386159873239
0.30200000000000021 27.41273074770741758 -18.20764565705449911
0.30300000000000021 27.39458599386215454 -18.08189484797291158
0.30400000000000021 27.37656689255167208 -17.95634041848405005
0.30500000000000022 27.35867324790281785 -17.83098135629684222
0.30600000000000022 27.34090486505295203 -17.70581665268777982
0.30700000000000022 27.32326155014637337 -17.58084530248970623
0.30800000000000022 27.30574311033077706 -17.45606630408068227
0.30900000000000022 27.28834935375370918 -17.33147865937291954
0.31000000000000022 27.27108008955904950 -17.20708137380178471
0.31100000000000022 27.25393512788347650 -17.08287345631487852
0.31200000000000022 27.23691427985297153 -16.95885391936118936
0.31300000000000022 27.22001735757932650 -16.83502177888031071
0.31400000000000022 27.20324417415664442 -16.71137605429172623
0.31500000000000022 27.18659454365787909 -16.58791576848418003
0.31600000000000023 27.17006828113136407 -16.46463994780511797
0.31700000000000023 27.15366520259735950 -16.34154762205017875
0.31800000000000023 27.13738512504460942 -16.21863782445277735
0.31900000000000023 27.12122786642690997 -16.09590959167375246
0.32000000000000023 27.10519324565969157 -15.97336196379108664
0.32100000000000023 27.08928108261659773 -15.85099398428968698
0.32200000000000023 27.07349119812608862 -15.72880470005125453
0.32300000000000023 27.05782341396804824 -15.60679316134420525
0.32400000000000023 27.04227755287040225 -15.48495842181367266
0.32500000000000023 27.02685343850574995 -15.36329953847158158
0.32600000000000023 27.01155089548799992 -15.24181557168678403
0.32700000000000023 26.99636974936901268 -15.12050558517527143
0.32800000000000024 26.98130982663526822 -14.99936864599045627
0.32900000000000024 26.96637095470452294 -14.87840382451352106
0.33000000000000024 26.95155296192249850 -14.75761019444383670
0.33100000000000024 26.93685567755955645 -14.63698683278945900
0.33200000000000024 26.92227893180740494 -14.51653281985768018
0.33300000000000024 26.90782255577579463 -14.39624723924566396
0.33400000000000024 26.89348638148923953 -14.27612917783114277
0.33500000000000024 26.87927024188374148 -14.15617772576318423
0.33600000000000024 26.86517397080351799 -14.03639197645303405
0.33700000000000024 26.85119740299775160 -13.91677102656501575
0.33800000000000024 26.83734037411733553 -13.79731397600751208
0.33900000000000025 26.82360272071163720 -13.67801992792401045
0.34000000000000025 26.80998428022526525 -13.55888798868421041
0.34100000000000025 26.79648489099485076 -13.43991726787521657
0.34200000000000025 26.78310439224583206 -13.32110687829278284
0.34300000000000025 26.76984262408925019 -13.20245593593263855
0.34400000000000025 26.75669942751855501 -13.08396355998187666
0.34500000000000025 26.74367464440641839 -12.96562887281041121
0.34600000000000025 26.73076811750155102 -12.84745099996250595
0.34700000000000025 26.71797969042553689 -12.72942907014837033
0.34800000000000025 26.70530920766967498 -12.61156221523582133
0.34900000000000025 26.69275651459181375 -12.49384957024201803
0.35000000000000026 26.68032145741321770 -12.37629027332526377
0.35100000000000026 26.66800388321542670 -12.25888346577687393
0.35200000000000026 26.65580363993712254 -12.14162829201311311
0.35300000000000026 26.64372057637101321 -12.02452389956720324
0.35400000000000026 26.63175454216072069 -11.90756943908139576
0.35500000000000026 26.61990538779766879 -11.79076406429911472
0.35600000000000026 26.60817296461799586 -11.67410693205716754
0.35700000000000026 26.59655712479945322 -11.55759720227802134
0.35800000000000026 26.58505772135833567 -11.44123403796214866
0.35900000000000026 26.57367460814640125 -11.32501660518044595
0.36000000000000026 26.56240763984780529 -11.20894407306671070
0.36100000000000027 26.55125667197603434 -11.09301561381019141
0.36200000000000027 26.54022156087087225 -10.97723040264820860
0.36300000000000027 26.52930216369533412 -10.86158761785883620
0.36400000000000027 26.51849833843264648 -10.74608644075365582
0.36500000000000027 26.50780994388320622 -10.63072605567057671
0.36600000000000027 26.49723683966156429 -10.51550564996672499
0.36700000000000027 26.48677888619340948 -10.40042441401139506
0.36800000000000027 26.47643594471255213 -10.28548154117907565
0.36900000000000027 26.46620787725793633 -10.17067622784253800
0.37000000000000027 26.45609454667063076 -10.05600767336599866
0.37100000000000027 26.44609581659085151 -9.94147508009833736
0.37200000000000027 26.43621155145497426 -9.82707765336639305
0.37300000000000028 26.42644161649256063 -9.71281460146832387
0.37400000000000028 26.41678587772339171 -9.59868513566703108
0.37500000000000028 26.40724420195450506 -9.48468847018365757
0.37600000000000028 26.39781645677724242 -9.37082382219114329
0.37700000000000028 26.38850251056430096 -9.25709041180785697
0.37800000000000028 26.37930223246678807 -9.14348746209129182
0.37900000000000028 26.37021549241128326 -9.03001419903182700
0.38000000000000028 26.36124216109691432 -8.91666985154655833
0.38100000000000028 26.35238210999243336 -8.80345365147319292
0.38200000000000028 26.34363521133329300 -8.69036483356401313
0.38300000000000028 26.33500133811874377 -8.57740263547990978
0.38400000000000029 26.32648036410891734 -8.46456629778447400
0.38500000000000029 26.31807216382193815 -8.35185506393816723
0.38600000000000029 26.30977661253102085 -8.23926818029254981
0.38700000000000029 26.30159358626158905 -8.12680489608458068
0.38800000000000029 26.29352296178838344 -8.01446446343097740
0.38900000000000029 26.28556461663259469 -7.90224613732265713
0.39000000000000029 26.27771842905898581 -7.79014917561922626
0.39100000000000029 26.26998427807302861 -7.67817283904355108
0.39200000000000029 26.26236204341804381 -7.56631639117638777
0.39300000000000029 26.25485160557234110 -7.45457909845108269
0.39400000000000029 26.24745284574638049 -7.34296023014833832
0.39500000000000030 26.24016564587990885 -7.23145905839104408
0.39600000000000030 26.23298988863914261 -7.12007485813917729
0.39700000000000030 26.22592545741391135 -7.00880690718476895
0.39800000000000030 26.21897223631484763 -6.89765448614693533
0.39900000000000030 26.21213011017054484 -6.78661687846697781
0.40000000000000030 26.20539896452475404 -6.67569337040354949
0.40100000000000030 26.19877868563355605 -6.56488325102788917
0.40200000000000030 26.19226916046255482 -6.45418581221911758
0.40300000000000030 26.18587027668407785 -6.34360034865960554
0.40400000000000030 26.17958192267436957 -6.23312615783040780
0.40500000000000030 26.17340398751079178 -6.12276254000676001
0.40600000000000031 26.16733636096904192 -6.01250879825364759
0.40700000000000031 26.16137893352035348 -5.90236423842143587
0.40800000000000031 26.15553159632872493 -5.79232816914157311
0.40900000000000031 26.14979424124812724 -5.68239990182235211
0.41000000000000031 26.14416676081974344 -5.57257875064474728
0.41100000000000031 26.13864904826918689 -5.46286403255831221
0.41200000000000031 26.13324099750373719 -5.35325506727714551
0.41300000000000031 26.12794250310958333 -5.24375117727592599
0.41400000000000031 26.12275346034905965 -5.13435168778600914
0.41500000000000031 26.11767376515788897 -5.02505592679159641
0.41600000000000031 26.11270331414244339 -4.91586322502596662
0.41700000000000031 26.10784200457698034 -4.80677291596777678
0.41800000000000032 26.10308973440091052 -4.69778433583742672
0.41900000000000032 26.09844640221605516 -4.58889682359349393
0.42000000000000032 26.09391190728390697 -4.48010972092923421
0.42100000000000032 26.08948614952290512 -4.37142237226914698
0.42200000000000032 26.08516902950569261 -4.26283412476561008
0.42300000000000032 26.08096044845640549 -4.15434432829557831
0.42400000000000032 26.07686030824793377 -4.04595233545735322
0.42500000000000032 26.07286851139921779 -3.93765750156741490
0.42600000000000032 26.06898496107251617 -3.82945918465732449
0.42700000000000032 26.06520956107070575 -3.72135674547069062
0.42800000000000032 26.06154221583456021 -3.61334954746020509
0.42900000000000033 26.05798283044005004 -3.50543695678474432
0.43000000000000033 26.05453131059563532 -3.39761834230653736
0.43100000000000033 26.05118756263955859 -3.28989307558840194
0.43200000000000033 26.04795149353715900 -3.18226053089104699
0.43300000000000033 26.04482301087815799 -3.07472008517044104
0.43400000000000033 26.04180202287398416 -2.96727111807525024
0.43500000000000033 26.03888843835506250 -2.85991301194434078
0.43600000000000033 26.03608216676813925 -2.75264515180435021
0.43700000000000033 26.03338311817359241 -2.64546692536732575
0.43800000000000033 26.03079120324274598 -2.53837772302842746
0.43900000000000033 26.02830633325518406 -2.43137693786370201
0.44000000000000034 26.02592842009608276 -2.32446396562792179
0.44100000000000034 26.02365737625351727 -2.21763820475249052
0.44200000000000034 26.02149311481579730 -2.11089905634341823
0.44300000000000034 26.01943554946878834 -2.00424592417936198
0.44400000000000034 26.01748459449324713 -1.89767821470973375
0.44500000000000034 26.01564016476213936 -1.79119533705287770
0.44600000000000034 26.01390217573798225 -1.68479670299431228
0.44700000000000034 26.01227054347017287 -1.57848172698504152
0.44800000000000034 26.01074518459233076 -1.47224982613993349
0.44900000000000034 26.00932601631961916 -1.36610042023616551
0.45000000000000034 26.00801295644610533 -1.26003293171173802
0.45100000000000035 26.00680592334207830 -1.15404678566405527
0.45200000000000035 26.00570483595140558 -1.04814140984857418
0.45300000000000035 26.00470961378887225 -0.94231623467752079
0.45400000000000035 26.00382017693751990 -0.83657069321867417
0.45500000000000035 26.00303644604599640 -0.73090422119421805
0.45600000000000035 26.00235834232590193 -0.62531625697966120
0.45700000000000035 26.00178578754913161 -0.51980624160282440
0.45800000000000035 26.00131870404522871 -0.41437361874289641
0.45900000000000035 26.00095701469873433 -0.30901783472955724
0.46000000000000035 26.00070064294653349 -0.20373833854216972
0.46100000000000035 26.00054951277520487 -0.09853458180903925
0.46200000000000035 26.00050354871837754 0.00659398119325864
0.46300000000000036 26.00056267585407710 0.11164789354048220
0.46400000000000036 26.00072681980208600 0.21662769566125945
0.46500000000000036 26.00099590672128969 0.32153392533755576
0.46600000000000036 26.00136986330702982 0.42636711770507302
0.46700000000000036 26.00184861678846460 0.53112780525358039
0.46800000000000036 26.00243209492591845 0.63581651782717707
0.46900000000000036 26.00312022600823170 0.74043378262448567
0.47000000000000036 26.00391293885013155 0.84498012419877799
0.47100000000000036 26.00481016278956403 0.94945606445803166
0.47200000000000036 26.00581182768506849 1.05386212266491786
0.47300000000000036 26.00691786391312021 1.15819881543672132
0.47400000000000037 26.00812820236549072 1.26246665674519010
0.47500000000000037 26.00944277444660102 1.36666615791631774
0.47600000000000037 26.01086151207087482 1.47079782763005573
0.47700000000000037 26.01238434766009178 1.57486217191995759
0.47800000000000037 26.01401121414074069 1.67885969417275338
0.47900000000000037 26.01574204494137632 1.78279089512785549
0.48000000000000037 26.01757677398996549 1.88665627287679505
0.48100000000000037 26.01951533571124742 1.99045632286258911
0.48200000000000037 26.02155766502407275 2.09419153787903856
0.48300000000000037 26.02370369733876743 2.19786240806995714
0.48400000000000037 26.02595336855447172 2.30146942092832996
0.48500000000000038 26.02830661505649701 2.40501306129540282
0.48600000000000038 26.03076337371366478 2.50849381135970395
0.48700000000000038 26.03332358187566342 2.61191215065599280
0.48800000000000038 26.03598717737038371 2.71526855606414097
0.48900000000000038 26.03875409850127198 2.81856350180794424
0.49000000000000038 26.04162428404466922 2.92179745945386271
0.49100000000000038 26.04459767324715358 3.02497089790969165
0.49200000000000038 26.04767420582287940 3.12808428342316436
0.49300000000000038 26.05085382195091981 3.23113807958048138
0.49400000000000038 26.05413646227260216 3.33413274730477260
0.49500000000000038 26.05752206788884351 3.43706874485448788
0.49600000000000039 26.06101058035748963 3.53994652782171659
0.49700000000000039 26.06460194169063982 3.64276654913043973
0.49800000000000039 26.06829609435198591 3.74552925903470735
0.49900000000000039 26.07209298125413710 3.84823510511674938
0.50000000000000033 26.07599254575595182 3.95088453228501368
0.50100000000000033 26.07999473165985194 4.05347798277213300
0.50200000000000033 26.08409948320915817 4.15601589613282307
0.50300000000000034 26.08830674508540426 4.25849870924171015
0.50400000000000034 26.09261646240565824 4.36092685629108257
0.50500000000000034 26.09702858071984011 4.46330076878857973
0.50600000000000034 26.10154304600802888 4.56562087555480289
0.50700000000000034 26.10615980467778741 4.66788760272085668
0.50800000000000034 26.11087880356145519 4.77010137372582221
0.50900000000000034 26.11569998991346964 4.87226260931415478
0.51000000000000034 26.12062331140766247 4.97437172753301304
0.51100000000000034 26.12564871613456319 5.07642914372951637
0.51200000000000034 26.13077615259869901 5.17843527054792929
0.51300000000000034 26.13600556971588418 5.28039051792677405
0.51400000000000035 26.14133691681051985 5.38229529309587296
0.51500000000000035 26.14677014361288343 5.48415000057332058
0.51600000000000035 26.15230520025640715 5.58595504216237781
0.51700000000000035 26.15794203727497447 5.68771081694830194
0.51800000000000035 26.16368060560019160 5.78941772129509769
0.51900000000000035 26.16952085655866611 5.89107614884219988
0.52000000000000035 26.17546274186928201 5.99268649050108415
0.52100000000000035 26.18150621364046771 6.09424913445180216
0.52200000000000035 26.18765122436746751 6.19576446613944753
0.52300000000000035 26.19389772692959895 6.29723286827054807
0.52400000000000035 26.20024567458751719 6.39865472080938513
0.52500000000000036 26.20669502098046522 6.50003040097424112
0.52600000000000036 26.21324572012353471 6.60136028323357227
0.52700000000000036 26.21989772640490557 6.70264473930211135
0.52800000000000036 26.22665099458309612 6.80388413813689574
0.52900000000000036 26.23350547978420266 6.90507884593322174
0.53000000000000036 26.24046113749913189 7.00622922612052790
0.53100000000000036 26.24751792358083335 7.10733563935820190
0.53200000000000036 26.25467579424153186 7.20839844353131731
0.53300000000000036 26.26193470604994928 7.30941799374629664
0.53400000000000036 26.26929461592851922 7.41039464232649880
0.53500000000000036 26.27675548115060877 7.51132873880773300
0.53600000000000037 26.28431725933772256 7.61222062993370052
0.53700000000000037 26.29197990845671029 7.71307065965136385
0.53800000000000037 26.29974338681697432 7.81387916910623836
0.53900000000000037 26.30760765306765236 7.91464649663761133
0.54000000000000037 26.31557266619482149 8.01537297777368885
0.54100000000000037 26.32363838551867730 8.11605894522666560
0.54200000000000037 26.33180477069071657 8.21670472888772174
0.54300000000000037 26.34007178169091645 8.31731065582194873
0.54400000000000037 26.34843937882490295 8.41787705026319522
0.54500000000000037 26.35690752272111581 8.51840423360883570
0.54600000000000037 26.36547617432797708 8.61889252441447873
0.54700000000000037 26.37414529491103821 8.71934223838858280
0.54800000000000038 26.38291484605013437 8.81975368838701002
0.54900000000000038 26.39178478963652452 8.92012718440749985
0.55000000000000038 26.40075508787003855 9.02046303358406654
0.55100000000000038 26.40982570325620316 9.12076154018132534
0.55200000000000038 26.41899659860337479 9.22102300558874077
0.55300000000000038 26.42826773701985843 9.32124772831479831
0.55400000000000038 26.43763908191102274 9.42143600398110515
0.55500000000000038 26.44711059697641531 9.52158812531641097
0.55600000000000038 26.45668224620686004 9.62170438215055412
0.55700000000000038 26.46635399388156173 9.72178506140833676
0.55800000000000038 26.47612580456519282 9.82183044710331643
0.55900000000000039 26.48599764310498372 9.92184082033152492
0.56000000000000039 26.49596947462779539 10.02181645926511599
0.56100000000000039 26.50604126453719900 10.12175763914592785
0.56200000000000039 26.51621297851054138 10.22166463227897637
0.56300000000000039 26.52648458249599983 10.32153770802587189
0.56400000000000039 26.53685604270964049 10.42137713279815259
0.56500000000000039 26.54732732563246245 10.52118317005055204
0.56600000000000039 26.55789839800743835 10.62095608027417981
0.56700000000000039 26.56856922683654787 10.72069612098963276
0.56800000000000039 26.57933977937780057 10.82040354674002458
0.56900000000000039 26.59021002314226223 10.92007860908394434
0.57000000000000040 26.60117992589105995 11.01972155658833152
0.57100000000000040 26.61224945563238720 11.11933263482127643
0.57200000000000040 26.62341858061850530 11.21891208634474602
0.57300000000000040 26.63468726934273079 11.31846015070722622
0.57400000000000040 26.64605549053641553 11.41797706443629501
0.57500000000000040 26.65752321316593054 11.51746306103111372
0.57600000000000040 26.66909040642962481 11.61691837095483670
0.57700000000000040 26.68075703975479485 11.71634322162695341
0.57800000000000040 26.69252308279462582 11.81573783741554351
0.57900000000000040 26.70438850542514331 11.91510243962945559
0.58000000000000040 26.71635327774214730 12.01443724651041300
0.58100000000000041 26.72841737005814622 12.11374247322503805
0.58200000000000041 26.74058075289927316 12.21301833185679975
0.58300000000000041 26.75284339700220215 12.31226503139787631
0.58400000000000041 26.76520527331104304 12.41148277774095199
0.58500000000000041 26.77766635297425069 12.51067177367092498
0.58600000000000041 26.79022660734150918 12.60983221885654082
0.58700000000000041 26.80288600796060550 12.70896430984194581
0.58800000000000041 26.81564452657430309 12.80806824003816580
0.58900000000000041 26.82850213511721549 12.90714419971449978
0.59000000000000041 26.84145880571264087 13.00619237598983879
0.59100000000000041 26.85451451066942141 13.10521295282390497
0.59200000000000041 26.86766922247877787 13.20420611100841235
0.59300000000000042 26.88092291381113341 13.30317202815814781
0.59400000000000042 26.89427555751293397 13.40211087870197026
0.59500000000000042 26.90772712660345434 13.50102283387373525
0.59600000000000042 26.92127759427160782 13.59990806170313427
0.59700000000000042 26.93492693387272752 13.69876672700646481
0.59800000000000042 26.94867511892535106 13.79759899137730450
0.59900000000000042 26.96252212310799834 13.89640501317712484
0.60000000000000042 26.97646792025592788 13.99518494752580722
0.60100000000000042 26.99051248435789674 14.09393894629209143
0.60200000000000042 27.00465578955289558 14.19266715808394075
0.60300000000000042 27.01889781012689440 14.29136972823882168
0.60400000000000043 27.03323852050955622 14.39004679881391269
0.60500000000000043 27.04767789527096156 14.48869850857622765
0.60600000000000043 27.06221590911830432 14.58732499299265584
0.60700000000000043 27.07685253689259497 14.68592638421993080
0.60800000000000043 27.09158775356533866 14.78450281109450692
0.60900000000000043 27.10642153423521350 14.88305439912236672
0.61000000000000043 27.12135385412473454 14.98158127046874100
0.61100000000000043 27.13638468857690711 15.08008354394775097
0.61200000000000043 27.15151401305186951 15.17856133501196325
0.61300000000000043 27.16674180312352860 15.27701475574187562
0.61400000000000043 27.18206803447618469 15.37544391483531392
0.61500000000000044 27.19749268290113164 15.47384891759674552
0.61600000000000044 27.21301572429327464 15.57222986592652170
0.61700000000000044 27.22863713464771251 15.67058685831002940
0.61800000000000044 27.24435689005630934 15.76891998980676490
0.61900000000000044 27.26017496670428031 15.86722935203932749
0.62000000000000044 27.27609134086673492 15.96551503318232967
0.62100000000000044 27.29210598890523087 16.06377711795122920
0.62200000000000044 27.30821888726430657 16.16201568759107943
0.62300000000000044 27.32443001246800307 16.26023081986518548
0.62400000000000044 27.34073934111638238 16.35842258904370183
0.62500000000000044 27.35714684988202450 16.45659106589213039
0.62600000000000044 27.37365251550651735 16.55473631765973863
0.62700000000000045 27.39025631479693601 16.65285840806791029
0.62800000000000045 27.40695822462230780 16.75095739729838940
0.62900000000000045 27.42375822191006307 16.84903334198146396
0.63000000000000045 27.44065628364248965 16.94708629518406084
0.63100000000000045 27.45765238685314813 17.04511630639775532
0.63200000000000045 27.47474650862330137 17.14312342152669899
0.63300000000000045 27.49193862607831917 17.24110768287547302
0.63400000000000045 27.50922871638406875 17.33906912913684195
0.63500000000000045 27.52661675674329800 17.43700779537945067
0.63600000000000045 27.54410272439201179 17.53492371303541830
0.63700000000000045 27.56168659659581621 17.63281690988785044
0.63800000000000046 27.57936835064627346 17.73068741005828386
0.63900000000000046 27.59714796385723545 17.82853523399403883
0.64000000000000046 27.61502541356115259 17.92636039845547913
0.64100000000000046 27.63300067710538954 18.02416291650321511
0.64200000000000046 27.65107373184851625 18.12194279748519676
0.64300000000000046 27.66924455515659176 18.21970004702374268
0.64400000000000046 27.68751312439942325 18.31743466700247680
0.64500000000000046 27.70587941694683209 18.41514665555318686
0.64600000000000046 27.72434341016488801 18.51283600704259769
0.64700000000000046 27.74290508141213962 18.61050271205906270
0.64800000000000046 27.76156440803582726 18.70814675739917377
0.64900000000000047 27.78032136736808866 18.80576812605428216
0.65000000000000047 27.79917593672214693 18.90336679719694857
0.65100000000000047 27.81812809338847714 19.00094274616729351
0.65200000000000047 27.83717781463097296 19.09849594445928034
0.65300000000000047 27.85632507768309551 19.19602635970690585
0.65400000000000047 27.87556985974400803 19.29353395567030915
0.65500000000000047 27.89491213797468205 19.39101869222180241
0.65600000000000047 27.91435188949402146 19.48848052533181274
0.65700000000000047 27.93388909137493314 19.58591940705474244
0.65800000000000047 27.95352372064042612 19.68333528551475098
0.65900000000000047 27.97325575425965383 19.78072810489144473
0.66000000000000048 27.99308516914397416 19.87809780540548488
0.66100000000000048 28.01301194214297752 19.97544432330412434
0.66200000000000048 28.03303605004051491 20.07276759084664874
0.66300000000000048 28.05315746955069045 20.17006753628973925
0.66400000000000048 28.07337617731386104 20.26734408387274300
0.66500000000000048 28.09369214989260399 20.36459715380288316
0.66600000000000048 28.11410536376768832 20.46182666224035529
0.66700000000000048 28.13461579533400680 20.55903252128336689
0.66800000000000048 28.15522342089651531 20.65621463895307741
0.66900000000000048 28.17592821666615066 20.75337291917846372
0.67000000000000048 28.19673015875572020 20.85050726178109670
0.67100000000000048 28.21762922317579125 20.94761756245983619
0.67200000000000049 28.23862538583057002 21.04470371277544416
0.67300000000000049 28.25971862251374134 21.14176560013511619
0.67400000000000049 28.28090890890431908 21.23880310777692770
0.67500000000000049 28.30219622056246109 21.33581611475419137
0.67600000000000049 28.32358053292527700 21.43280449591974346
0.67700000000000049 28.34506182130262886 21.52976812191013423
0.67800000000000049 28.36664006087289636 21.62670685912974733
0.67900000000000049 28.38831522667873841 21.72362056973483035
0.68000000000000049 28.41008729362284413 21.82050911161743301
0.68100000000000049 28.43195623646365533 21.91737233838928489
0.68200000000000049 28.45392202981107843 22.01421009936556317
0.68300000000000050 28.47598464812217856 22.11102223954860690
0.68400000000000050 28.49814406569685943 22.20780859961151776
0.68500000000000050 28.52040025667352552 22.30456901588169671
0.68600000000000050 28.54275319502473351 22.40130332032430260
0.68700000000000050 28.56520285455281538 22.49801134052561125
0.68800000000000050 28.58774920888549076 22.59469289967629990
0.68900000000000050 28.61039223147146870 22.69134781655465005
0.69000000000000050 28.63313189557601746 22.78797590550966845
0.69100000000000050 28.65596817427653775 22.88457697644411937
0.69200000000000050 28.67890104045810062 22.98115083479748932
0.69300000000000050 28.70193046680898163 23.07769728152884525
0.69400000000000051 28.72505642581616314 23.17421611309963581
0.69500000000000051 28.74827888976083301 23.27070712145638609
0.69600000000000051 28.77159783071386556 23.36717009401333556
0.69700000000000051 28.79501322053127410 23.46360481363497286
0.69800000000000051 28.81852503084964923 23.56001105861849965
0.69900000000000051 28.84213323308159360 23.65638860267620913
0.70000000000000051 28.86583779841112118 23.75273721491778289
0.70100000000000051 28.88963869778904581 23.84905665983250600
0.70200000000000051 28.91353590192835199 23.94534669727140397
0.70300000000000051 28.93752938129955155 24.04160708242928735
0.70400000000000051 28.96161910612601531 24.13783756582672879
0.70500000000000052 28.98580504637928712 24.23403789329195135
0.70600000000000052 29.01008717177438712 24.33020780594263499
0.70700000000000052 29.03446545176509019 24.42634704016764147
0.70800000000000052 29.05893985553918668 24.52245532760866809
0.70900000000000052 29.08351035201373236 24.61853239514180558
0.71000000000000052 29.10817690983025940 24.71457796485902492
0.71100000000000052 29.13293949735000155 24.81059175404957884
0.71200000000000052 29.15779808264906592 24.90657347518132525
0.71300000000000052 29.18275263351361559 25.00252283588197599
0.71400000000000052 29.20780311743500590 25.09843953892024615
0.71500000000000052 29.23294950160492789 25.19432328218695005
0.71600000000000052 29.25819175291051621 25.29017375867599426
0.71700000000000053 29.28352983792944286 25.38599065646530661
0.71800000000000053 29.30896372292499308 25.48177365869767286
0.71900000000000053 29.33449337384111288 25.57752244356150229
0.72000000000000053 29.36011875629746015 25.67323668427151873
0.72100000000000053 29.38583983558440949 25.76891604904935207
0.72200000000000053 29.41165657665805000 25.86456020110407295
0.72300000000000053 29.43756894413516889 25.96016879861263860
0.72400000000000053 29.46357690228820303 26.05574149470026057
0.72500000000000053 29.48968041504017989 26.15127793742069429
0.72600000000000053 29.51587944595964075 26.24677776973644683
0.72700000000000053 29.54217395825553538 26.34224062949891731
0.72800000000000054 29.56856391477209556 26.43766614942844484
0.72900000000000054 29.59504927798370488 26.53305395709429959
0.73000000000000054 29.62163000998972961 26.62840367489456384
0.73100000000000054 29.64830607250934236 26.72371492003597027
0.73200000000000054 29.67507742687631378 26.81898730451364088
0.73300000000000054 29.70194403403380079 26.91422043509076190
0.73400000000000054 29.72890585452909917 27.00941391327816987
0.73500000000000054 29.75596284850837492 27.10456733531386675
0.73600000000000054 29.78311497571139199 27.19968029214247096
0.73700000000000054 29.81036219546620458 27.29475236939456551
0.73800000000000054 29.83770446668382448 27.38978314736599984
0.73900000000000055 29.86514174785289200 27.48477220099709584
0.74000000000000055 29.89267399703429717 27.57971909985178627
0.74100000000000055 29.92030117185579741 27.67462340809667865
0.74200000000000055 29.94802322950660667 27.76948468448004448
0.74300000000000055 29.97584012673197762 27.86430248231072682
0.74400000000000055 30.00375181982773398 27.95907634943698383
0.74500000000000055 30.03175826463481002 28.05380582822526137
0.74600000000000055 30.05985941653376159 28.14849045553886953
0.74700000000000055 30.08805523043924524 28.24312976271661668
0.74800000000000055 30.11634566079448661 28.33772327555134396
0.74900000000000055 30.14473066156571690 28.43227051426840291
0.75000000000000056 30.17321018623660223 28.52677099350406209
0.75100000000000056 30.20178418780264451 28.62122422228382135
0.75200000000000056 30.23045261876555401 28.71562970400068338
0.75300000000000056 30.25921543112761114 28.80998693639332586
0.75400000000000056 30.28807257638599637 28.90429541152423099
0.75500000000000056 30.31702400552710230 28.99855461575771187
0.75600000000000056 30.34606966902083514 29.09276402973789999
0.75700000000000056 30.37520951681486991 29.18692312836664016
0.75800000000000056 30.40444349832890580 29.28103138078132517
0.75900000000000056 30.43377156244888582 29.37508825033265936
0.76000000000000056 30.46319365752120589 29.46909319456235465
0.76100000000000056 30.49270973134688489 29.56304566518075916
0.76200000000000057 30.52231973117572750 29.65694510804440398
0.76300000000000057 30.55202360370045866 29.75079096313350746
0.76400000000000057 30.58182129505084035 29.84458266452938346
0.76500000000000057 30.61171275078775267 29.93831964039181059
0.76600000000000057 30.64169791589726444 30.03200131293631259
0.76700000000000057 30.67177673478468236 30.12562709841137831
0.76800000000000057 30.70194915126856472 30.21919640707562138
0.76900000000000057 30.73221510857472438 30.31270864317486868
0.77000000000000057 30.76257454933020696 30.40616320491919211
0.77100000000000057 30.79302741555724054 30.49955948445986564
0.77200000000000057 30.82357364866716054 30.59289686786625495
0.77300000000000058 30.85421318945432745 30.68617473510266080
0.77400000000000058 30.88494597809000197 30.77939246000508078
0.77500000000000058 30.91577195411620238 30.87254941025792476
0.77600000000000058 30.94669105643955120 30.96564494737065232
0.77700000000000058 30.97770322332508286 31.05867842665435319
0.77800000000000058 31.00880839239002995 31.15164919719827807
0.77900000000000058 31.04000650059759536 31.24455660184628414
0.78000000000000058 31.07129748425069593 31.33739997717325210
0.78100000000000058 31.10268127898567769 31.43017865346141093
0.78200000000000058 31.13415781976600982 31.52289195467662353
0.78300000000000058 31.16572704087596435 31.61553919844460836
0.78400000000000059 31.19738887591425325 31.70811969602710079
0.78500000000000059 31.22914325778766553 31.80063275229796105
0.78600000000000059 31.26099011870465105 31.89307766571921832
0.78700000000000059 31.29292939016891495 31.98545372831705791
0.78800000000000059 31.32496100297295172 32.07776022565776941
0.78900000000000059 31.35708488719158993 32.16999643682360244
0.79000000000000059 31.38930097217548365 32.26216163438861884
0.79100000000000059 31.42160918654460033 32.35425508439443121
0.79200000000000059 31.45400945818166960 32.44627604632594142
0.79300000000000059 31.48650171422561783 32.53822377308699743
0.79400000000000059 31.51908588106497433 32.63009751097598610
0.79500000000000060 31.55176188433125617 32.72189649966141189
0.79600000000000060 31.58452964889232106 32.81361997215739024
0.79700000000000060 31.61738909884570603 32.90526715479910536
0.79800000000000060 31.65034015751193408 32.99683726721820420
0.79900000000000060 31.68338274742779248 33.08832952231816193
0.80000000000000060 31.71651679033960392 33.17974312624958344
0.80100000000000060 31.74974220719645146 33.27107727838546225
0.80200000000000060 31.78305891814339290 33.36233117129638259
0.80300000000000060 31.81646684251464308 33.45350399072568592
0.80400000000000060 31.84996589882673845 33.54459491556458062
0.80500000000000060 31.88355600477166973 33.63560311782723034
0.80600000000000060 31.91723707720999670 33.72652776262575713
0.80700000000000061 31.95100903216392041 33.81736800814523036
0.80800000000000061 31.98487178481036253 33.90812300561860582
0.80900000000000061 32.01882524947398423 33.99879189930162227
0.81000000000000061 32.05286933962020868 34.08937382644763403
0.81100000000000061 32.08700396784819731 34.17986791728245066
0.81200000000000061 32.12122904588381544 34.27027329497909136
0.81300000000000061 32.15554448457256598 34.36058907563251807
0.81400000000000061 32.18995019387249101 34.45081436823431176
0.81500000000000061 32.22444608284706646 34.54094827464735573
0.81600000000000061 32.25903205965805398 34.63098988958043378
0.81700000000000061 32.29370803155833869 34.72093830056279984
0.81800000000000062 32.32847390488473138 34.81079258791873343
0.81900000000000062 32.36332958505075652 34.90055182474205253
0.82000000000000062 32.39827497653941180 34.99021507687056953
0.82100000000000062 32.43330998289588507 35.07978140286054725
0.82200000000000062 32.46843450672027132 35.16924985396109804
0.82300000000000062 32.50364844966024691 35.25861947408856878
0.82400000000000062 32.53895171240373685 35.34788929980086181
0.82500000000000062 32.57434419467153219 35.43705836027178435
0.82600000000000062 32.60982579520988622 35.52612567726531267
0.82700000000000062 32.64539641178311058 35.61509026510984910
0.82800000000000062 32.68105594116611456 35.70395113067245774
0.82900000000000063 32.71680427913692313 35.79270727333307889
0.83000000000000063 32.75264132046920196 35.88135768495867950
0.83100000000000063 32.78856695892470441 35.96990134987744625
0.83200000000000063 32.82458108724573975 36.05833724485287917
0.83300000000000063 32.86068359714758458 36.14666433905792076
0.83400000000000063 32.89687437931088709 36.23488159404903541
0.83500000000000063 32.93315332337402168 36.32298796374028171
0.83600000000000063 32.96952031792545057 36.41098239437734918
0.83700000000000063 33.00597525049604286 36.49886382451158795
0.83800000000000063 33.04251800755135093 36.58663118497402422
0.83900000000000063 33.07914847448389395 36.67428339884935440
0.84000000000000064 33.11586653560539162 36.76181938144991079
0.84100000000000064 33.15267207413897665 36.84923804028964156
0.84200000000000064 33.18956497221138591 36.93653827505803378
0.84300000000000064 33.22654511084512308 37.02371897759408625
0.84400000000000064 33.26361236995059301 37.11077903186020421
0.84500000000000064 33.30076662831821466 37.19771731391613656
0.84600000000000064 33.33800776361050566 37.28453269189286345
0.84700000000000064 33.37533565235413846 37.37122402596651227
0.84800000000000064 33.41275016993197511 37.45779016833223807
0.84900000000000064 33.45025119057506657 37.54422996317811112
0.85000000000000064 33.48783858735464491 37.63054224665899739
0.85100000000000064 33.52551223217406573 37.71672584687044605
0.85200000000000065 33.56327199576073639 37.80277958382254866
0.85300000000000065 33.60111774765803005 37.88870226941381958
0.85400000000000065 33.63904935621714287 37.97449270740508354
0.85500000000000065 33.67706668858895114 38.06014969339332765
0.85600000000000065 33.71516961071584007 38.14567201478559610
0.85700000000000065 33.75335798732349701 38.23105845077287057
0.85800000000000065 33.79163168191267630 38.31630777230395069
0.85900000000000065 33.82999055675095690 38.40141874205934158
0.86000000000000065 33.86843447286444331 38.48639011442517699
0.86100000000000065 33.90696329002947351 38.57122063546710677
0.86200000000000065 33.94557686676428432 38.65590904290422714
0.86300000000000066 33.98427506032064116 38.74045406608300368
0.86400000000000066 34.02305772667546080 38.82485442595123004
0.86500000000000066 34.06192472052239850 38.90910883503195805
0.86600000000000066 34.10087589526339968 38.99321599739749900
0.86700000000000066 34.13991110300026577 39.07717460864340353
0.86800000000000066 34.17903019452612767 39.16098335586246293
0.86900000000000066 34.21823301931695482 39.24464091761873874
0.87000000000000066 34.25751942552300022 39.32814596392162088
0.87100000000000066 34.29688925996023841 39.41149715619987859
0.87200000000000066 34.33634236810178209 39.49469314727578251
0.87300000000000066 34.37587859406923485 39.57773258133919114
0.87400000000000067 34.41549778062407938 39.66061409392172976
0.87500000000000067 34.45519976915898042 39.74333631187094085
0.87600000000000067 34.49498439968910191 39.82589785332449139
0.87700000000000067 34.53485151084338156 39.90829732768442284
0.87800000000000067 34.57480093985576985 39.99053333559139389
0.87900000000000067 34.61483252255648324 40.07260446889900862
0.88000000000000067 34.65494609336317211 40.15450931064812323
0.88100000000000067 34.69514148527211717 40.23624643504125231
0.88200000000000067 34.73541852984936895 40.31781440741695377
0.88300000000000067 34.77577705722188028 40.39921178422430614
0.88400000000000067 34.81621689606859604 40.48043711299737879
0.88500000000000068 34.85673787361152165 40.56148893232978736
0.88600000000000068 34.89733981560677734 40.64236577184927768
0.88700000000000068 34.93802254633561688 40.72306615219233805
0.88800000000000068 34.97878588859543214 40.80358858497890395
0.88900000000000068 35.01962966369070784 40.88393157278706269
0.89000000000000068 35.06055369142397637 40.96409360912785047
0.89100000000000068 35.10155779008673704 41.04407317842007785
0.89200000000000068 35.14264177645035403 41.12386875596521207
0.89300000000000068 35.18380546575692591 41.20347880792234463
0.89400000000000068 35.22504867171012677 41.28290179128316595
0.89500000000000068 35.26637120646601886 41.36213615384705378
0.89600000000000068 35.30777288062387242 41.44118033419618996
0.89700000000000069 35.34925350321691440 41.52003276167074830
0.89800000000000069 35.39081288170307715 41.59869185634416056
0.89900000000000069 35.43245082195572593 41.67715602899841798
0.90000000000000069 35.47416712825435070 41.75542368109949365
0.90100000000000069 35.51596160327524387 41.83349320477277899
0.90200000000000069 35.55783404808213533 41.91136298277863403
0.90300000000000069 35.59978426211682745 41.98903138848800864
0.90400000000000069 35.64181204318978757 42.06649678585809937
0.90500000000000069 35.68391718747072616 42.14375752940814834
0.90600000000000069 35.72609948947913949 42.22081196419527771
0.90700000000000069 35.76835874207484522 42.29765842579040935
0.90800000000000070 35.81069473644846823 42.37429524025429828
0.90900000000000070 35.85310726211194066 42.45072072411360864
0.91000000000000070 35.89559610688894509 42.52693318433713898
0.91100000000000070 35.93816105690532936 42.60293091831205459
0.91200000000000070 35.98080189657954264 42.67871221382030456
0.91300000000000070 36.02351840861299337 42.75427534901505311
0.91400000000000070 36.06631037398042849 42.82961859239725300
0.91500000000000070 36.10917757192025590 42.90474020279231837
0.91600000000000070 36.15211977992485970 42.97963842932686873
0.91700000000000070 36.19513677373088711 43.05431151140560075
0.91800000000000070 36.23822832730953536 43.12875767868825960
0.91900000000000071 36.28139421285676036 43.20297515106669550
0.92000000000000071 36.32463420078352812 43.27696213864208374
0.92100000000000071 36.36794805970600208 43.35071684170218020
0.92200000000000071 36.41133555643570929 43.42423745069876162
0.92300000000000071 36.45479645596970641 43.49752214622512980
0.92400000000000071 36.49833052148070323 43.57056909899376507
0.92500000000000071 36.54193751430717896 43.64337646981408625
0.92600000000000071 36.58561719394344891 43.71594240957033151
0.92700000000000071 36.62936931802974527 43.78826505919956702
0.92800000000000071 36.67319364234226242 43.86034254966982360
0.92900000000000071 36.71708992078315958 43.93217300195837538
0.93000000000000071 36.76105790537057771 44.00375452703011092
0.93100000000000072 36.80509734622859241 44.07508522581607480
0.93200000000000072 36.84920799157720239 44.14616318919213001
0.93300000000000072 36.89338958772223975 44.21698649795777669
0.93400000000000072 36.93764187904528740 44.28755322281507034
0.93500000000000072 36.98196460799356799 44.35786142434773183
0.93600000000000072 37.02635751506982587 44.42790915300037113
0.93700000000000072 37.07082033882217331 44.49769444905787452
0.93800000000000072 37.11535281583391566 44.56721534262492668
0.93900000000000072 37.15995468071336205 44.63646985360569630
0.94000000000000072 37.20462566608362920 44.70545599168369222
0.94100000000000072 37.24936550257238110 44.77417175630174029
0.94200000000000073 37.29417391880161148 44.84261513664215215
0.94300000000000073 37.33905064137734797 44.91078411160704320
0.94400000000000073 37.38399539487937062 44.97867664979882818
0.94500000000000073 37.42900790185091608 45.04629070950085890
0.94600000000000073 37.47408788278832503 45.11362423865826088
0.94700000000000073 37.51923505613071796 45.18067517485893347
0.94800000000000073 37.56444913824959997 45.24744144531472045
0.94900000000000073 37.60972984343850811 45.31392096684275828
0.95000000000000073 37.65507688390258068 45.38011164584701618
0.95100000000000073 37.70048996974815481 45.44601137830000681
0.95200000000000073 37.74596880897230733 45.51161804972471003
0.95300000000000074 37.79151310745241688 45.57692953517663881
0.95400000000000074 37.83712256893566916 45.64194369922613959
0.95500000000000074 37.88279689502856939 45.70665839594087743
0.95600000000000074 37.92853578518643332 45.77107146886849876
0.95700000000000074 37.97433893670285698 45.83518075101952149
0.95800000000000074 38.02020604469917231 45.89898406485040994
0.95900000000000074 38.06613680211388839 45.96247922224686988
0.96000000000000074 38.11213089969209733 46.02566402450733563
0.96100000000000074 38.15818802597489423 46.08853626232667011
0.96200000000000074 38.20430786728876882 46.15109371578010666
0.96300000000000074 38.25049010773495439 46.21333415430736835
0.96400000000000075 38.29673442917881232 46.27525533669704316
0.96500000000000075 38.34304051123915258 46.33685501107115101
0.96600000000000075 38.38940803127756851 46.39813091486996655
0.96700000000000075 38.43583666438775737 46.45908077483704801
0.96800000000000075 38.48232608338479110 46.51970230700450770
0.96900000000000075 38.52887595879441562 46.57999321667852399
0.97000000000000075 38.57548595884231446 46.63995119842507364
0.97100000000000075 38.62215574944336538 46.69957393605591989
0.97200000000000075 38.66888499419087566 46.75885910261484213
0.97300000000000075 38.71567335434580315 46.81780436036410720
0.97400000000000075 38.76252048882597023 46.87640736077121062
0.97500000000000075 38.80942605419526359 46.93466574449583817
0.97600000000000076 38.85638970465282682 46.99257714137710451
0.97700000000000076 38.90341109202221759 47.05013917042106186
0.97800000000000076 38.95048986574058603 47.10734943978844314
0.97900000000000076 38.99762567284781056 47.16420554678269639
0.98000000000000076 39.04481815797564792 47.22070507783827509
0.98100000000000076 39.09206696333684050 47.27684560850920548
0.98200000000000076 39.13937172871423797 47.33262470345793105
0.98300000000000076 39.18673209144991176 47.38803991644444125
0.98400000000000076 39.23414768643423400 47.44308879031565596
0.98500000000000076 39.28161814609495650 47.49776885699514395
0.98600000000000076 39.32914310038629679 47.55207763747306871
0.98700000000000077 39.37672217677799580 47.60601264179648950
0.98800000000000077 39.42435500024434702 47.65957136905991121
0.98900000000000077 39.47204119325328264 47.71275130739615378
0.99000000000000077 39.51978037575536007 47.76554993396752735
0.99100000000000077 39.56757216517283382 47.81796471495729151
0.99200000000000077 39.61541617638862789 47.86999310556144849
0.99300000000000077 39.66331202173537207 47.92163254998084909
0.99400000000000077 39.71125931098440276 47.97288048141358985
0.99500000000000077 39.75925765133474243 48.02373432204775128
0.99600000000000077 39.80730664740210045 48.07419148305444878
0.99700000000000077 39.85540590120783833 48.12424936458121749
0.99800000000000078 39.90355501216795631 48.17390535574573818
0.99900000000000078 39.95175357708205155 48.22315683462985447
1.00000000000000067 40.00000119012228339 48.27200116827398801
