1.0000000000 0.0000000000 0.0000000000 0.0000000000 0.0000000000 0.0000000000 0.0000000000 0.0000000000 0.0000000000 0.0000000000
0.0109050874 1.0000000000 0.0000000000 0.0000000000 0.0000000000 0.0000000000 0.0000000000 0.0000000000 0.0000000000 0.0000000000
0.0293325866 0.0002732914 1.0000000000 0.0000000000 0.0000000000 0.0000000000 0.0000000000 0.0000000000 0.0000000000 0.0000000000
0.0082093476 0.0010803681 0.0019976318 1.0000000000 0.0000000000 0.0000000000 0.0000000000 0.0000000000 0.0000000000 0.0000000000
0.0272951491 0.0004436424 0.0005800896 0.0002274129 1.0000000000 0.0000000000 0.0000000000 0.0000000000 0.0000000000 0.0000000000
0.0092390773 0.0012006891 0.0016920964 0.0007859042 0.0009033882 1.0000000000 0.0000000000 0.0000000000 0.0000000000 0.0000000000
0.0224961485 0.0003209657 0.0020444505 0.0006795580 0.0004387546 0.0005421081 1.0000000000 0.0000000000 0.0000000000 0.0000000000
0.0284195782 0.0012928295 0.0002171532 0.0002294212 0.0004628080 0.0017015210 0.0007675417 1.0000000000 0.0000000000 0.0000000000
0.0232793116 0.0006147263 0.0010324293 0.0005638295 0.0004877600 0.0026298122 0.0011279502 0.0024191138 1.0000000000 0.0000000000
0.0201868019 0.0010995555 0.0002669969 0.0006333431 0.0010536672 0.0009946836 0.0010200394 0.0012660070 0.0081690879 1.0000000000
