0.001 9.96046e-10
0.002 1.98867e-09
0.003 2.97788e-09
0.004 3.96366e-09
0.005 4.94602e-09
0.006 5.92497e-09
0.007 6.90051e-09
0.008 7.8726e-09
0.009 8.84127e-09
0.01 9.80651e-09
0.011 1.07683e-08
0.012 1.17267e-08
0.013 1.26817e-08
0.014 1.36333e-08
0.015 1.45814e-08
0.016 1.55261e-08
0.017 1.64674e-08
0.018 1.74053e-08
0.019 1.83397e-08
0.02 1.92707e-08
0.021 2.01983e-08
0.022 2.11225e-08
0.023 2.20433e-08
0.024 2.29607e-08
0.025 2.38746e-08
0.026 2.47851e-08
0.027 2.56922e-08
0.028 2.65958e-08
0.029 2.7496e-08
0.03 2.83929e-08
0.031 2.92862e-08
0.032 3.01762e-08
0.033 3.10627e-08
0.034 3.19458e-08
0.035 3.28255e-08
0.036 3.37018e-08
0.037 3.45746e-08
0.038 3.5444e-08
0.039 3.631e-08
0.04 3.71726e-08
0.041 3.80317e-08
0.042 3.88874e-08
0.043 3.97397e-08
0.044 4.05885e-08
0.045 4.1434e-08
0.046 4.2276e-08
0.047 4.31146e-08
0.048 4.39498e-08
0.049 4.47815e-08
0.05 4.56098e-08
0.051 4.64347e-08
0.052 4.72562e-08
0.053 4.80742e-08
0.054 4.88889e-08
0.055 4.97001e-08
0.056 5.05079e-08
0.057 5.13123e-08
0.058 5.21132e-08
0.059 5.29107e-08
0.06 5.37049e-08
0.061 5.44956e-08
0.062 5.52829e-08
0.063 5.60668e-08
0.064 5.68473e-08
0.065 5.76244e-08
0.066 5.8398e-08
0.067 5.91683e-08
0.068 5.99352e-08
0.069 6.06986e-08
0.07 6.14586e-08
0.071 6.22153e-08
0.072 6.29685e-08
0.073 6.37184e-08
0.074 6.44648e-08
0.075 6.52078e-08
0.076 6.59475e-08
0.077 6.66837e-08
0.078 6.74166e-08
0.079 6.8146e-08
0.08 6.88721e-08
0.081 6.95947e-08
0.082 7.0314e-08
0.083 7.10298e-08
0.084 7.17423e-08
0.085 7.24514e-08
0.086 7.31571e-08
0.087 7.38594e-08
0.088 7.45583e-08
0.089 7.52539e-08
0.09 7.5946e-08
0.091 7.66348e-08
0.092 7.73202e-08
0.093 7.80022e-08
0.094 7.86808e-08
0.095 7.93561e-08
0.096 8.0028e-08
0.097 8.06966e-08
0.098 8.13617e-08
0.099 8.20235e-08
0.1 8.2682e-08
0.101 8.3337e-08
0.102 8.39887e-08
0.103 8.46371e-08
0.104 8.52821e-08
0.105 8.59237e-08
0.106 8.6562e-08
0.107 8.71969e-08
0.108 8.78285e-08
0.109 8.84567e-08
0.11 8.90815e-08
0.111 8.97031e-08
0.112 9.03213e-08
0.113 9.09361e-08
0.114 9.15476e-08
0.115 9.21558e-08
0.116 9.27606e-08
0.117 9.33621e-08
0.118 9.39602e-08
0.119 9.45551e-08
0.12 9.51466e-08
0.121 9.57347e-08
0.122 9.63196e-08
0.123 9.69011e-08
0.124 9.74793e-08
0.125 9.80542e-08
0.126 9.86258e-08
0.127 9.9194e-08
0.128 9.9759e-08
0.129 1.00321e-07
0.13 1.00879e-07
0.131 1.01434e-07
0.132 1.01986e-07
0.133 1.02534e-07
0.134 1.03079e-07
0.135 1.03621e-07
0.136 1.0416e-07
0.137 1.04695e-07
0.138 1.05227e-07
0.139 1.05756e-07
0.14 1.06281e-07
0.141 1.06803e-07
0.142 1.07322e-07
0.143 1.07837e-07
0.144 1.0835e-07
0.145 1.08859e-07
0.146 1.09364e-07
0.147 1.09867e-07
0.148 1.10366e-07
0.149 1.10862e-07
0.15 1.11355e-07
0.151 1.11844e-07
0.152 1.1233e-07
0.153 1.12813e-07
0.154 1.13293e-07
0.155 1.13769e-07
0.156 1.14242e-07
0.157 1.14712e-07
0.158 1.15179e-07
0.159 1.15643e-07
0.16 1.16103e-07
0.161 1.1656e-07
0.162 1.17014e-07
0.163 1.17464e-07
0.164 1.17911e-07
0.165 1.18356e-07
0.166 1.18797e-07
0.167 1.19234e-07
0.168 1.19669e-07
0.169 1.201e-07
0.17 1.20528e-07
0.171 1.20953e-07
0.172 1.21375e-07
0.173 1.21793e-07
0.174 1.22209e-07
0.175 1.22621e-07
0.176 1.2303e-07
0.177 1.23435e-07
0.178 1.23838e-07
0.179 1.24237e-07
0.18 1.24634e-07
0.181 1.25027e-07
0.182 1.25417e-07
0.183 1.25803e-07
0.184 1.26187e-07
0.185 1.26567e-07
0.186 1.26945e-07
0.187 1.27319e-07
0.188 1.2769e-07
0.189 1.28058e-07
0.19 1.28422e-07
0.191 1.28784e-07
0.192 1.29142e-07
0.193 1.29498e-07
0.194 1.2985e-07
0.195 1.30199e-07
0.196 1.30545e-07
0.197 1.30888e-07
0.198 1.31228e-07
0.199 1.31564e-07
0.2 1.31898e-07
0.201 1.32228e-07
0.202 1.32555e-07
0.203 1.3288e-07
0.204 1.33201e-07
0.205 1.33519e-07
0.206 1.33834e-07
0.207 1.34146e-07
0.208 1.34455e-07
0.209 1.34761e-07
0.21 1.35063e-07
0.211 1.35363e-07
0.212 1.3566e-07
0.213 1.35953e-07
0.214 1.36244e-07
0.215 1.36531e-07
0.216 1.36816e-07
0.217 1.37097e-07
0.218 1.37375e-07
0.219 1.37651e-07
0.22 1.37923e-07
0.221 1.38192e-07
0.222 1.38458e-07
0.223 1.38722e-07
0.224 1.38982e-07
0.225 1.39239e-07
0.226 1.39494e-07
0.227 1.39745e-07
0.228 1.39993e-07
0.229 1.40238e-07
0.23 1.40481e-07
0.231 1.4072e-07
0.232 1.40956e-07
0.233 1.41189e-07
0.234 1.4142e-07
0.235 1.41647e-07
0.236 1.41872e-07
0.237 1.42093e-07
0.238 1.42312e-07
0.239 1.42527e-07
0.24 1.4274e-07
0.241 1.4295e-07
0.242 1.43157e-07
0.243 1.43361e-07
0.244 1.43562e-07
0.245 1.4376e-07
0.246 1.43955e-07
0.247 1.44147e-07
0.248 1.44336e-07
0.249 1.44522e-07
0.25 1.44706e-07
0.251 1.44886e-07
0.252 1.45064e-07
0.253 1.45239e-07
0.254 1.45411e-07
0.255 1.4558e-07
0.256 1.45746e-07
0.257 1.45909e-07
0.258 1.4607e-07
0.259 1.46227e-07
0.26 1.46382e-07
0.261 1.46534e-07
0.262 1.46683e-07
0.263 1.46829e-07
0.264 1.46973e-07
0.265 1.47113e-07
0.266 1.47251e-07
0.267 1.47386e-07
0.268 1.47518e-07
0.269 1.47647e-07
0.27 1.47774e-07
0.271 1.47897e-07
0.272 1.48018e-07
0.273 1.48136e-07
0.274 1.48252e-07
0.275 1.48364e-07
0.276 1.48474e-07
0.277 1.48581e-07
0.278 1.48685e-07
0.279 1.48787e-07
0.28 1.48885e-07
0.281 1.48981e-07
0.282 1.49075e-07
0.283 1.49165e-07
0.284 1.49253e-07
0.285 1.49338e-07
0.286 1.4942e-07
0.287 1.495e-07
0.288 1.49576e-07
0.289 1.49651e-07
0.29 1.49722e-07
0.291 1.49791e-07
0.292 1.49857e-07
0.293 1.4992e-07
0.294 1.49981e-07
0.295 1.50039e-07
0.296 1.50094e-07
0.297 1.50147e-07
0.298 1.50197e-07
0.299 1.50244e-07
0.3 1.50289e-07
0.301 1.50331e-07
0.302 1.5037e-07
0.303 1.50407e-07
0.304 1.50441e-07
0.305 1.50473e-07
0.306 1.50501e-07
0.307 1.50528e-07
0.308 1.50551e-07
0.309 1.50572e-07
0.31 1.50591e-07
0.311 1.50607e-07
0.312 1.5062e-07
0.313 1.50631e-07
0.314 1.50639e-07
0.315 1.50644e-07
0.316 1.50647e-07
0.317 1.50648e-07
0.318 1.50646e-07
0.319 1.50641e-07
0.32 1.50634e-07
0.321 1.50624e-07
0.322 1.50612e-07
0.323 1.50597e-07
0.324 1.5058e-07
0.325 1.5056e-07
0.326 1.50538e-07
0.327 1.50513e-07
0.328 1.50486e-07
0.329 1.50456e-07
0.33 1.50424e-07
0.331 1.50389e-07
0.332 1.50352e-07
0.333 1.50312e-07
0.334 1.5027e-07
0.335 1.50225e-07
0.336 1.50178e-07
0.337 1.50129e-07
0.338 1.50077e-07
0.339 1.50023e-07
0.34 1.49966e-07
0.341 1.49907e-07
0.342 1.49845e-07
0.343 1.49781e-07
0.344 1.49715e-07
0.345 1.49646e-07
0.346 1.49575e-07
0.347 1.49501e-07
0.348 1.49425e-07
0.349 1.49347e-07
0.35 1.49266e-07
0.351 1.49183e-07
0.352 1.49098e-07
0.353 1.4901e-07
0.354 1.4892e-07
0.355 1.48828e-07
0.356 1.48733e-07
0.357 1.48636e-07
0.358 1.48537e-07
0.359 1.48435e-07
0.36 1.48331e-07
0.361 1.48225e-07
0.362 1.48117e-07
0.363 1.48006e-07
0.364 1.47893e-07
0.365 1.47778e-07
0.366 1.4766e-07
0.367 1.4754e-07
0.368 1.47418e-07
0.369 1.47294e-07
0.37 1.47168e-07
0.371 1.47039e-07
0.372 1.46908e-07
0.373 1.46775e-07
0.374 1.46639e-07
0.375 1.46502e-07
0.376 1.46362e-07
0.377 1.4622e-07
0.378 1.46076e-07
0.379 1.4593e-07
0.38 1.45781e-07
0.381 1.45631e-07
0.382 1.45478e-07
0.383 1.45323e-07
0.384 1.45166e-07
0.385 1.45007e-07
0.386 1.44846e-07
0.387 1.44682e-07
0.388 1.44517e-07
0.389 1.44349e-07
0.39 1.44179e-07
0.391 1.44007e-07
0.392 1.43833e-07
0.393 1.43657e-07
0.394 1.43479e-07
0.395 1.43299e-07
0.396 1.43117e-07
0.397 1.42933e-07
0.398 1.42747e-07
0.399 1.42558e-07
0.4 1.42368e-07
0.401 1.42176e-07
0.402 1.41981e-07
0.403 1.41785e-07
0.404 1.41586e-07
0.405 1.41386e-07
0.406 1.41184e-07
0.407 1.40979e-07
0.408 1.40773e-07
0.409 1.40565e-07
0.41 1.40354e-07
0.411 1.40142e-07
0.412 1.39928e-07
0.413 1.39712e-07
0.414 1.39494e-07
0.415 1.39274e-07
0.416 1.39052e-07
0.417 1.38828e-07
0.418 1.38603e-07
0.419 1.38375e-07
0.42 1.38146e-07
0.421 1.37915e-07
0.422 1.37681e-07
0.423 1.37446e-07
0.424 1.37209e-07
0.425 1.36971e-07
0.426 1.3673e-07
0.427 1.36488e-07
0.428 1.36244e-07
0.429 1.35998e-07
0.43 1.3575e-07
0.431 1.355e-07
0.432 1.35249e-07
0.433 1.34995e-07
0.434 1.3474e-07
0.435 1.34484e-07
0.436 1.34225e-07
0.437 1.33965e-07
0.438 1.33703e-07
0.439 1.33439e-07
0.44 1.33173e-07
0.441 1.32906e-07
0.442 1.32637e-07
0.443 1.32366e-07
0.444 1.32094e-07
0.445 1.3182e-07
0.446 1.31544e-07
0.447 1.31267e-07
0.448 1.30988e-07
0.449 1.30707e-07
0.45 1.30425e-07
0.451 1.3014e-07
0.452 1.29855e-07
0.453 1.29567e-07
0.454 1.29279e-07
0.455 1.28988e-07
0.456 1.28696e-07
0.457 1.28402e-07
0.458 1.28107e-07
0.459 1.2781e-07
0.46 1.27512e-07
0.461 1.27211e-07
0.462 1.2691e-07
0.463 1.26607e-07
0.464 1.26302e-07
0.465 1.25996e-07
0.466 1.25688e-07
0.467 1.25379e-07
0.468 1.25068e-07
0.469 1.24756e-07
0.47 1.24442e-07
0.471 1.24127e-07
0.472 1.2381e-07
0.473 1.23492e-07
0.474 1.23172e-07
0.475 1.22851e-07
0.476 1.22528e-07
0.477 1.22204e-07
0.478 1.21879e-07
0.479 1.21552e-07
0.48 1.21224e-07
0.481 1.20894e-07
0.482 1.20563e-07
0.483 1.20231e-07
0.484 1.19897e-07
0.485 1.19562e-07
0.486 1.19225e-07
0.487 1.18887e-07
0.488 1.18548e-07
0.489 1.18208e-07
0.49 1.17866e-07
0.491 1.17523e-07
0.492 1.17178e-07
0.493 1.16832e-07
0.494 1.16485e-07
0.495 1.16137e-07
0.496 1.15787e-07
0.497 1.15436e-07
0.498 1.15084e-07
0.499 1.14731e-07
0.5 1.14376e-07
0.501 1.14021e-07
0.502 1.13664e-07
0.503 1.13305e-07
0.504 1.12946e-07
0.505 1.12585e-07
0.506 1.12223e-07
0.507 1.1186e-07
0.508 1.11496e-07
0.509 1.11131e-07
0.51 1.10764e-07
0.511 1.10397e-07
0.512 1.10028e-07
0.513 1.09658e-07
0.514 1.09287e-07
0.515 1.08915e-07
0.516 1.08542e-07
0.517 1.08167e-07
0.518 1.07792e-07
0.519 1.07415e-07
0.52 1.07038e-07
0.521 1.06659e-07
0.522 1.0628e-07
0.523 1.05899e-07
0.524 1.05517e-07
0.525 1.05135e-07
0.526 1.04751e-07
0.527 1.04366e-07
0.528 1.03981e-07
0.529 1.03594e-07
0.53 1.03206e-07
0.531 1.02818e-07
0.532 1.02428e-07
0.533 1.02038e-07
0.534 1.01646e-07
0.535 1.01254e-07
0.536 1.00861e-07
0.537 1.00466e-07
0.538 1.00071e-07
0.539 9.96753e-08
0.54 9.92785e-08
0.541 9.88808e-08
0.542 9.84822e-08
0.543 9.80828e-08
0.544 9.76825e-08
0.545 9.72814e-08
0.546 9.68794e-08
0.547 9.64767e-08
0.548 9.60731e-08
0.549 9.56688e-08
0.55 9.52637e-08
0.551 9.48578e-08
0.552 9.44511e-08
0.553 9.40437e-08
0.554 9.36355e-08
0.555 9.32266e-08
0.556 9.2817e-08
0.557 9.24066e-08
0.558 9.19955e-08
0.559 9.15838e-08
0.56 9.11713e-08
0.561 9.07582e-08
0.562 9.03444e-08
0.563 8.993e-08
0.564 8.95149e-08
0.565 8.90992e-08
0.566 8.86828e-08
0.567 8.82659e-08
0.568 8.78483e-08
0.569 8.74301e-08
0.57 8.70114e-08
0.571 8.65921e-08
0.572 8.61722e-08
0.573 8.57517e-08
0.574 8.53307e-08
0.575 8.49092e-08
0.576 8.44871e-08
0.577 8.40645e-08
0.578 8.36414e-08
0.579 8.32178e-08
0.58 8.27938e-08
0.581 8.23692e-08
0.582 8.19442e-08
0.583 8.15187e-08
0.584 8.10928e-08
0.585 8.06664e-08
0.586 8.02396e-08
0.587 7.98124e-08
0.588 7.93847e-08
0.589 7.89567e-08
0.59 7.85283e-08
0.591 7.80995e-08
0.592 7.76704e-08
0.593 7.72408e-08
0.594 7.6811e-08
0.595 7.63808e-08
0.596 7.59503e-08
0.597 7.55195e-08
0.598 7.50883e-08
0.599 7.46569e-08
0.6 7.42252e-08
0.601 7.37932e-08
0.602 7.3361e-08
0.603 7.29285e-08
0.604 7.24957e-08
0.605 7.20627e-08
0.606 7.16295e-08
0.607 7.11961e-08
0.608 7.07625e-08
0.609 7.03286e-08
0.61 6.98946e-08
0.611 6.94605e-08
0.612 6.90261e-08
0.613 6.85916e-08
0.614 6.8157e-08
0.615 6.77222e-08
0.616 6.72873e-08
0.617 6.68523e-08
0.618 6.64172e-08
0.619 6.59821e-08
0.62 6.55468e-08
0.621 6.51115e-08
0.622 6.46761e-08
0.623 6.42407e-08
0.624 6.38052e-08
0.625 6.33697e-08
0.626 6.29342e-08
0.627 6.24987e-08
0.628 6.20632e-08
0.629 6.16278e-08
0.63 6.11923e-08
0.631 6.07569e-08
0.632 6.03216e-08
0.633 5.98863e-08
0.634 5.94511e-08
0.635 5.9016e-08
0.636 5.8581e-08
0.637 5.8146e-08
0.638 5.77112e-08
0.639 5.72766e-08
0.64 5.6842e-08
0.641 5.64076e-08
0.642 5.59734e-08
0.643 5.55393e-08
0.644 5.51054e-08
0.645 5.46717e-08
0.646 5.42382e-08
0.647 5.38049e-08
0.648 5.33719e-08
0.649 5.2939e-08
0.65 5.25064e-08
0.651 5.20741e-08
0.652 5.1642e-08
0.653 5.12102e-08
0.654 5.07787e-08
0.655 5.03476e-08
0.656 4.99167e-08
0.657 4.94861e-08
0.658 4.90559e-08
0.659 4.86261e-08
0.66 4.81966e-08
0.661 4.77674e-08
0.662 4.73387e-08
0.663 4.69103e-08
0.664 4.64823e-08
0.665 4.60547e-08
0.666 4.56276e-08
0.667 4.52009e-08
0.668 4.47746e-08
0.669 4.43488e-08
0.67 4.39235e-08
0.671 4.34986e-08
0.672 4.30742e-08
0.673 4.26504e-08
0.674 4.2227e-08
0.675 4.18042e-08
0.676 4.13819e-08
0.677 4.09602e-08
0.678 4.05391e-08
0.679 4.01185e-08
0.68 3.96985e-08
0.681 3.92791e-08
0.682 3.88602e-08
0.683 3.8442e-08
0.684 3.80244e-08
0.685 3.76075e-08
0.686 3.71912e-08
0.687 3.67755e-08
0.688 3.63606e-08
0.689 3.59463e-08
0.69 3.55327e-08
0.691 3.51198e-08
0.692 3.47076e-08
0.693 3.42961e-08
0.694 3.38854e-08
0.695 3.34755e-08
0.696 3.30663e-08
0.697 3.26579e-08
0.698 3.22502e-08
0.699 3.18434e-08
0.7 3.14374e-08
0.701 3.10322e-08
0.702 3.06278e-08
0.703 3.02243e-08
0.704 2.98216e-08
0.705 2.94198e-08
0.706 2.90189e-08
0.707 2.86189e-08
0.708 2.82198e-08
0.709 2.78216e-08
0.71 2.74243e-08
0.711 2.7028e-08
0.712 2.66326e-08
0.713 2.62382e-08
0.714 2.58447e-08
0.715 2.54523e-08
0.716 2.50608e-08
0.717 2.46703e-08
0.718 2.42809e-08
0.719 2.38925e-08
0.72 2.35051e-08
0.721 2.31188e-08
0.722 2.27335e-08
0.723 2.23494e-08
0.724 2.19663e-08
0.725 2.15843e-08
0.726 2.12035e-08
0.727 2.08238e-08
0.728 2.04452e-08
0.729 2.00678e-08
0.73 1.96915e-08
0.731 1.93164e-08
0.732 1.89425e-08
0.733 1.85697e-08
0.734 1.81982e-08
0.735 1.78279e-08
0.736 1.74588e-08
0.737 1.7091e-08
0.738 1.67244e-08
0.739 1.63591e-08
0.74 1.5995e-08
0.741 1.56323e-08
0.742 1.52709e-08
0.743 1.49107e-08
0.744 1.4552e-08
0.745 1.41945e-08
0.746 1.38384e-08
0.747 1.34836e-08
0.748 1.31303e-08
0.749 1.27783e-08
0.75 1.24277e-08
0.751 1.20785e-08
0.752 1.17307e-08
0.753 1.13844e-08
0.754 1.10396e-08
0.755 1.06962e-08
0.756 1.03542e-08
0.757 1.00138e-08
0.758 9.67481e-09
0.759 9.33736e-09
0.76 9.00142e-09
0.761 8.66699e-09
0.762 8.33412e-09
0.763 8.00281e-09
0.764 7.67307e-09
0.765 7.34492e-09
0.766 7.01836e-09
0.767 6.6934e-09
0.768 6.37004e-09
0.769 6.0483e-09
0.77 5.7282e-09
0.771 5.40975e-09
0.772 5.09299e-09
0.773 4.7779e-09
0.774 4.46449e-09
0.775 4.1528e-09
0.776 3.84285e-09
0.777 3.53461e-09
0.778 3.2281e-09
0.779 2.92335e-09
0.78 2.62035e-09
0.781 2.31912e-09
0.782 2.01967e-09
0.783 1.72201e-09
0.784 1.42617e-09
0.785 1.13212e-09
0.786 8.39911e-10
0.787 5.49534e-10
0.788 2.61018e-10
0.789 2.56364e-11
0.79 3.10422e-10
0.791 5.93303e-10
0.792 8.74294e-10
0.793 1.15338e-09
0.794 1.43051e-09
0.795 1.70572e-09
0.796 1.97898e-09
0.797 2.25027e-09
0.798 2.51958e-09
0.799 2.7869e-09
0.8 3.05221e-09
0.801 3.31552e-09
0.802 3.5768e-09
0.803 3.83606e-09
0.804 4.09325e-09
0.805 4.3484e-09
0.806 4.60148e-09
0.807 4.85246e-09
0.808 5.10133e-09
0.809 5.34811e-09
0.81 5.59277e-09
0.811 5.8353e-09
0.812 6.07569e-09
0.813 6.31391e-09
0.814 6.54996e-09
0.815 6.78384e-09
0.816 7.01553e-09
0.817 7.24501e-09
0.818 7.47227e-09
0.819 7.69731e-09
0.82 7.9201e-09
0.821 8.14064e-09
0.822 8.35892e-09
0.823 8.57492e-09
0.824 8.78861e-09
0.825 9.00002e-09
0.826 9.20911e-09
0.827 9.41588e-09
0.828 9.62031e-09
0.829 9.82239e-09
0.83 1.00221e-08
0.831 1.02195e-08
0.832 1.04144e-08
0.833 1.0607e-08
0.834 1.07971e-08
0.835 1.09848e-08
0.836 1.11701e-08
0.837 1.13529e-08
0.838 1.15333e-08
0.839 1.17112e-08
0.84 1.18867e-08
0.841 1.20596e-08
0.842 1.223e-08
0.843 1.23979e-08
0.844 1.25633e-08
0.845 1.27261e-08
0.846 1.28864e-08
0.847 1.30441e-08
0.848 1.31993e-08
0.849 1.33518e-08
0.85 1.35018e-08
0.851 1.36491e-08
0.852 1.37939e-08
0.853 1.39359e-08
0.854 1.40754e-08
0.855 1.42121e-08
0.856 1.43462e-08
0.857 1.44777e-08
0.858 1.46064e-08
0.859 1.47324e-08
0.86 1.48557e-08
0.861 1.49763e-08
0.862 1.50941e-08
0.863 1.52092e-08
0.864 1.53215e-08
0.865 1.5431e-08
0.866 1.55377e-08
0.867 1.56417e-08
0.868 1.57427e-08
0.869 1.5841e-08
0.87 1.59364e-08
0.871 1.60289e-08
0.872 1.61186e-08
0.873 1.62055e-08
0.874 1.62894e-08
0.875 1.63705e-08
0.876 1.64486e-08
0.877 1.65239e-08
0.878 1.65962e-08
0.879 1.66655e-08
0.88 1.6732e-08
0.881 1.67954e-08
0.882 1.68559e-08
0.883 1.69134e-08
0.884 1.69679e-08
0.885 1.70194e-08
0.886 1.70678e-08
0.887 1.71133e-08
0.888 1.71557e-08
0.889 1.7195e-08
0.89 1.72313e-08
0.891 1.72645e-08
0.892 1.72946e-08
0.893 1.73215e-08
0.894 1.73454e-08
0.895 1.73661e-08
0.896 1.73837e-08
0.897 1.73982e-08
0.898 1.74095e-08
0.899 1.74176e-08
0.9 1.74226e-08
0.901 1.74243e-08
0.902 1.74228e-08
0.903 1.74182e-08
0.904 1.74103e-08
0.905 1.73991e-08
0.906 1.73847e-08
0.907 1.73671e-08
0.908 1.73461e-08
0.909 1.73219e-08
0.91 1.72944e-08
0.911 1.72636e-08
0.912 1.72294e-08
0.913 1.7192e-08
0.914 1.71512e-08
0.915 1.7107e-08
0.916 1.70594e-08
0.917 1.70085e-08
0.918 1.69542e-08
0.919 1.68965e-08
0.92 1.68354e-08
0.921 1.67709e-08
0.922 1.67029e-08
0.923 1.66316e-08
0.924 1.65568e-08
0.925 1.64785e-08
0.926 1.63967e-08
0.927 1.63115e-08
0.928 1.62228e-08
0.929 1.61305e-08
0.93 1.60348e-08
0.931 1.59355e-08
0.932 1.58327e-08
0.933 1.57263e-08
0.934 1.56164e-08
0.935 1.55029e-08
0.936 1.53859e-08
0.937 1.52652e-08
0.938 1.5141e-08
0.939 1.50131e-08
0.94 1.48816e-08
0.941 1.47466e-08
0.942 1.46078e-08
0.943 1.44655e-08
0.944 1.43194e-08
0.945 1.41697e-08
0.946 1.40163e-08
0.947 1.38592e-08
0.948 1.36985e-08
0.949 1.3534e-08
0.95 1.33658e-08
0.951 1.31938e-08
0.952 1.30181e-08
0.953 1.28387e-08
0.954 1.26555e-08
0.955 1.24685e-08
0.956 1.22778e-08
0.957 1.20832e-08
0.958 1.18849e-08
0.959 1.16828e-08
0.96 1.14768e-08
0.961 1.1267e-08
0.962 1.10534e-08
0.963 1.0836e-08
0.964 1.06147e-08
0.965 1.03895e-08
0.966 1.01605e-08
0.967 9.92753e-09
0.968 9.6907e-09
0.969 9.44996e-09
0.97 9.2053e-09
0.971 8.95673e-09
0.972 8.70421e-09
0.973 8.44775e-09
0.974 8.18734e-09
0.975 7.92294e-09
0.976 7.65458e-09
0.977 7.38224e-09
0.978 7.10592e-09
0.979 6.82558e-09
0.98 6.54125e-09
0.981 6.2529e-09
0.982 5.96053e-09
0.983 5.66414e-09
0.984 5.3637e-09
0.985 5.0592e-09
0.986 4.75065e-09
0.987 4.43803e-09
0.988 4.12133e-09
0.989 3.80054e-09
0.99 3.47568e-09
0.991 3.14672e-09
0.992 2.81364e-09
0.993 2.47644e-09
0.994 2.13511e-09
0.995 1.78965e-09
0.996 1.44004e-09
0.997 1.08628e-09
0.998 7.28356e-10
0.999 3.66263e-10
