0.01 9.80582e-07
0.02 1.92694e-06
0.03 2.83905e-06
0.04 3.71689e-06
0.05 4.56049e-06
0.06 5.3699e-06
0.07 6.14516e-06
0.08 6.88639e-06
0.09 7.59368e-06
0.1 8.26717e-06
0.11 8.90701e-06
0.12 9.51339e-06
0.13 1.00865e-05
0.14 1.06266e-05
0.15 1.11338e-05
0.16 1.16085e-05
0.17 1.20509e-05
0.18 1.24613e-05
0.19 1.28401e-05
0.2 1.31875e-05
0.21 1.35039e-05
0.22 1.37898e-05
0.23 1.40454e-05
0.24 1.42713e-05
0.25 1.44677e-05
0.26 1.46352e-05
0.27 1.47743e-05
0.28 1.48853e-05
0.29 1.49689e-05
0.3 1.50255e-05
0.31 1.50556e-05
0.32 1.50598e-05
0.33 1.50387e-05
0.34 1.49928e-05
0.35 1.49228e-05
0.36 1.48292e-05
0.37 1.47127e-05
0.38 1.4574e-05
0.39 1.44137e-05
0.4 1.42325e-05
0.41 1.4031e-05
0.42 1.38101e-05
0.43 1.35704e-05
0.44 1.33127e-05
0.45 1.30378e-05
0.46 1.27465e-05
0.47 1.24394e-05
0.48 1.21176e-05
0.49 1.17817e-05
0.5 1.14327e-05
0.51 1.10714e-05
0.52 1.06987e-05
0.53 1.03155e-05
0.54 9.92269e-06
0.55 9.52123e-06
0.56 9.11205e-06
0.57 8.69613e-06
0.58 8.27442e-06
0.59 7.84794e-06
0.6 7.41769e-06
0.61 6.98469e-06
0.62 6.54997e-06
0.63 6.11459e-06
0.64 5.67962e-06
0.65 5.24613e-06
0.66 4.81522e-06
0.67 4.38799e-06
0.68 3.96556e-06
0.69 3.54905e-06
0.7 3.13961e-06
0.71 2.7384e-06
0.72 2.34656e-06
0.73 1.96526e-06
0.74 1.5957e-06
0.75 1.23904e-06
0.76 8.9649e-07
0.77 5.69241e-07
0.78 2.58495e-07
0.79 3.45403e-08
0.8 3.08657e-07
0.81 5.62645e-07
0.82 7.95296e-07
0.83 1.0054e-06
0.84 1.19175e-06
0.85 1.35315e-06
0.86 1.48841e-06
0.87 1.59633e-06
0.88 1.67575e-06
0.89 1.72549e-06
0.9 1.74441e-06
0.91 1.73137e-06
0.92 1.68526e-06
0.93 1.60498e-06
0.94 1.48946e-06
0.95 1.33766e-06
0.96 1.14856e-06
0.97 9.21167e-07
0.98 6.54544e-07
0.99 3.47778e-07
