0.0000000000 0.0000000000
0.0100000000 0.0000000244
0.0200000000 0.0000000481
0.0300000000 0.0000000711
0.0400000000 0.0000000934
0.0500000000 0.0000001151
0.0600000000 0.0000001360
0.0700000000 0.0000001561
0.0800000000 0.0000001756
0.0900000000 0.0000001942
0.1000000000 0.0000002121
0.1100000000 0.0000002293
0.1200000000 0.0000002456
0.1300000000 0.0000002612
0.1400000000 0.0000002760
0.1500000000 0.0000002899
0.1600000000 0.0000003031
0.1700000000 0.0000003155
0.1800000000 0.0000003270
0.1900000000 0.0000003378
0.2000000000 0.0000003477
0.2100000000 0.0000003569
0.2200000000 0.0000003652
0.2300000000 0.0000003728
0.2400000000 0.0000003795
0.2500000000 0.0000003855
0.2600000000 0.0000003906
0.2700000000 0.0000003950
0.2800000000 0.0000003986
0.2900000000 0.0000004015
0.3000000000 0.0000004036
0.3100000000 0.0000004049
0.3200000000 0.0000004056
0.3300000000 0.0000004055
0.3400000000 0.0000004047
0.3500000000 0.0000004032
0.3600000000 0.0000004010
0.3700000000 0.0000003982
0.3800000000 0.0000003948
0.3900000000 0.0000003907
0.4000000000 0.0000003860
0.4100000000 0.0000003807
0.4200000000 0.0000003749
0.4300000000 0.0000003685
0.4400000000 0.0000003616
0.4500000000 0.0000003542
0.4600000000 0.0000003463
0.4700000000 0.0000003380
0.4800000000 0.0000003292
0.4900000000 0.0000003200
0.5000000000 0.0000003105
0.5100000000 0.0000003006
0.5200000000 0.0000002903
0.5300000000 0.0000002798
0.5400000000 0.0000002690
0.5500000000 0.0000002580
0.5600000000 0.0000002467
0.5700000000 0.0000002353
0.5800000000 0.0000002237
0.5900000000 0.0000002120
0.6000000000 0.0000002001
0.6100000000 0.0000001883
0.6200000000 0.0000001763
0.6300000000 0.0000001644
0.6400000000 0.0000001525
0.6500000000 0.0000001407
0.6600000000 0.0000001290
0.6700000000 0.0000001173
0.6800000000 0.0000001059
0.6900000000 0.0000000946
0.7000000000 0.0000000836
0.7100000000 0.0000000728
0.7200000000 0.0000000622
0.7300000000 0.0000000520
0.7400000000 0.0000000422
0.7500000000 0.0000000327
0.7600000000 0.0000000236
0.7700000000 0.0000000149
0.7800000000 0.0000000068
0.7900000000 0.0000000009
0.8000000000 0.0000000081
0.8100000000 0.0000000147
0.8200000000 0.0000000207
0.8300000000 0.0000000261
0.8400000000 0.0000000308
0.8500000000 0.0000000349
0.8600000000 0.0000000383
0.8700000000 0.0000000410
0.8800000000 0.0000000429
0.8900000000 0.0000000441
0.9000000000 0.0000000444
0.9100000000 0.0000000440
0.9200000000 0.0000000427
0.9300000000 0.0000000405
0.9400000000 0.0000000375
0.9500000000 0.0000000336
0.9600000000 0.0000000288
0.9700000000 0.0000000230
0.9800000000 0.0000000163
0.9900000000 0.0000000086
