0.10000000000000001 38.50155682590226291 -13.04266428972245251
0.20000000000000001 37.38143842689774488 -9.40701602668538150
0.30000000000000004 36.61121775020757241 -6.03987809724729985
0.40000000000000002 36.16534125054288040 -2.91690030774919862
0.50000000000000000 36.02016839130685355 -0.02461163766895869
0.59999999999999998 36.15274587745319224 2.63675331259041190
0.69999999999999996 36.53927521183803151 5.04991652458347051
0.79999999999999993 37.15321378612742365 7.17654037321256233
0.89999999999999991 37.96293501995396014 8.95240862737936460
0.99999999999999989 38.92886356025402961 10.28174357081945089
1.09999999999999987 40.00000000000000000 11.03069653743916767
