0.00100000000000000 39.98383822125017417 -16.14128953288389212
0.00200000000000000 39.96771741015970747 -16.10033803189093149
0.00300000000000000 39.95163753442551524 -16.05941881351252221
0.00400000000000000 39.93559856178544720 -16.01853183683046922
0.00500000000000000 39.91960046001825191 -15.97767706095976514
0.00600000000000000 39.90364319694354123 -15.93685444504886206
0.00700000000000000 39.88772674042176902 -15.89606394827994507
0.00800000000000000 39.87185105835419563 -15.85530552986920760
0.00900000000000000 39.85601611868283101 -15.81457914906711970
0.01000000000000000 39.84022188939042763 -15.77388476515870153
0.01100000000000000 39.82446833850043788 -15.73322233746379872
0.01200000000000000 39.80875543407697847 -15.69259182533734354
0.01300000000000000 39.79308314422478077 -15.65199318816963547
0.01400000000000001 39.77745143708917652 -15.61142638538660599
0.01500000000000001 39.76186028085605528 -15.57089137645008670
0.01600000000000001 39.74630964375182884 -15.53038812085808296
0.01700000000000001 39.73079949404338151 -15.48991657814504030
0.01800000000000001 39.71532980003805591 -15.44947670788211092
0.01900000000000001 39.69990053008359610 -15.40906846967742716
0.02000000000000001 39.68451165256813340 -15.36869182317636273
0.02100000000000001 39.66916313592011534 -15.32834672806180265
0.02200000000000001 39.65385494860830562 -15.28803314405441149
0.02300000000000001 39.63858705914172020 -15.24775103091289985
0.02400000000000001 39.62335943606959177 -15.20750034843428544
0.02500000000000002 39.60817204798134838 -15.16728105645416491
0.02600000000000002 39.59302486350655670 -15.12709311484697494
0.02700000000000002 39.57791785131489348 -15.08693648352625871
0.02800000000000002 39.56285098011609591 -15.04681112244493058
0.02900000000000002 39.54782421865992603 -15.00671699159554073
0.03000000000000002 39.53283753573614945 -14.96665405101053636
0.03100000000000002 39.51789090017446426 -14.92662226076252630
0.03200000000000002 39.50298428084447977 -14.88662158096454746
0.03300000000000002 39.48811764665567381 -14.84665197177032248
0.03400000000000002 39.47329096655734304 -14.80671339337452608
0.03500000000000002 39.45850420953858162 -14.76680580601304094
0.03600000000000003 39.44375734462821725 -14.72692916996322765
0.03700000000000003 39.42905034089478278 -14.68708344554418055
0.03800000000000003 39.41438316744646642 -14.64726859311699059
0.03900000000000003 39.39975579343108336 -14.60748457308500470
0.04000000000000003 39.38516818803601893 -14.56773134589408514
0.04100000000000003 39.37062032048818594 -14.52800887203287239
0.04200000000000003 39.35611216005399626 -14.48831711203304451
0.04300000000000003 39.34164367603930401 -14.44865602646957470
0.04400000000000003 39.32721483778936999 -14.40902557596098887
0.04500000000000003 39.31282561468881198 -14.36942572116962857
0.04600000000000003 39.29847597616156207 -14.32985642280190675
0.04700000000000003 39.28416589167082407 -14.29031764160856355
0.04800000000000004 39.26989533071902372 -14.25080933838492925
0.04900000000000004 39.25566426284778032 -14.21133147397117824
0.05000000000000004 39.24147265763784986 -14.17188400925258485
0.05100000000000004 39.22732048470906818 -14.13246690515978443
0.05200000000000004 39.21320771372032965 -14.09308012266902566
0.05300000000000004 39.19913431436952322 -14.05372362280243159
0.05400000000000004 39.18510025639349692 -14.01439736662824842
0.05500000000000004 39.17110550956800097 -13.97510131526110655
0.05600000000000004 39.15715004370765229 -13.93583542986227464
0.05700000000000004 39.14323382866588474 -13.89659967163991539
0.05800000000000004 39.12935683433489942 -13.85739400184933778
0.05900000000000005 39.11551903064561486 -13.81821838179325468
0.06000000000000005 39.10172038756762447 -13.77907277282203502
0.06100000000000005 39.08796087510914674 -13.73995713633395788
0.06200000000000005 39.07424046331698264 -13.70087143377546646
0.06300000000000004 39.06055912227645877 -13.66181562664142213
0.06400000000000004 39.04691682211137760 -13.62278967647535666
0.06500000000000004 39.03331353298398909 -13.58379354486972623
0.06600000000000004 39.01974922509490540 -13.54482719346616193
0.06700000000000005 39.00622386868309377 -13.50589058395572550
0.06800000000000005 38.99273743402578418 -13.46698367807915631
0.06900000000000005 38.97928989143846223 -13.42810643762712886
0.07000000000000005 38.96588121127477677 -13.38925882444050153
0.07100000000000005 38.95251136392652569 -13.35044080041056880
0.07200000000000005 38.93918031982358485 -13.31165232747930993
0.07300000000000005 38.92588804943386549 -13.27289336763964478
0.07400000000000005 38.91263452326325734 -13.23416388293567891
0.07500000000000005 38.89941971185558600 -13.19546383546295765
0.07600000000000005 38.88624358579254192 -13.15679318736871473
0.07700000000000005 38.87310611569365904 -13.11815190085212635
0.07800000000000006 38.86000727221622952 -13.07953993816455274
0.07900000000000006 38.84694702605528249 -13.04095726160979751
0.08000000000000006 38.83392534794351292 -13.00240383354434748
0.08100000000000006 38.82094220865123191 -12.96387961637763020
0.08200000000000006 38.80799757898630986 -12.92538457257225559
0.08300000000000006 38.79509142979413383 -12.88691866464426994
0.08400000000000006 38.78222373195754358 -12.84848185516340457
0.08500000000000006 38.76939445639678894 -12.81007410675331926
0.08600000000000006 38.75660357406945877 -12.77169538209185440
0.08700000000000006 38.74385105597044543 -12.73334564391127799
0.08800000000000006 38.73113687313188080 -12.69502485499853250
0.08900000000000007 38.71846099662307950 -12.65673297819548537
0.09000000000000007 38.70582339755048906 -12.61846997639917056
0.09100000000000007 38.69322404705763319 -12.58023581256204437
0.09200000000000007 38.68066291632504772 -12.54203044969222169
0.09300000000000007 38.66813997657023805 -12.50385385085373358
0.09400000000000007 38.65565519904762226 -12.46570597916676526
0.09500000000000007 38.64320855504846008 -12.42758679780790843
0.09600000000000007 38.63080001590081736 -12.38949627001040454
0.09700000000000007 38.61842955296948787 -12.35143435906439180
0.09800000000000007 38.60609713765595785 -12.31340102831715200
0.09900000000000007 38.59380274139832068 -12.27539624117335393
0.10000000000000007 38.58154633567125558 -12.23741996109530206
0.10100000000000008 38.56932789198593525 -12.19947215160317811
0.10200000000000008 38.55714738188999746 -12.16155277627529330
0.10300000000000008 38.54500477696745264 -12.12366179874832461
0.10400000000000008 38.53290004883866970 -12.08579918271756704
0.10500000000000008 38.52083316916026945 -12.04796489193717512
0.10600000000000008 38.50880410962510325 -12.01015889022040817
0.10700000000000008 38.49681284196218201 -11.97238114143987531
0.10800000000000008 38.48485933793660507 -11.93463160952777891
0.10900000000000008 38.47294356934951054 -11.89691025847616324
0.11000000000000008 38.46106550803801838 -11.85921705233715251
0.11100000000000008 38.44922512587516650 -11.82155195522319779
0.11200000000000009 38.43742239476984679 -11.78391493130732215
0.11300000000000009 38.42565728666674829 -11.74630594482336399
0.11400000000000009 38.41392977354629323 -11.70872496006621866
0.11500000000000009 38.40223982742458730 -11.67117194139208536
0.11600000000000009 38.39058742035334149 -11.63364685321870873
0.11700000000000009 38.37897252441982232 -11.59614966002562042
0.11800000000000009 38.36739511174678086 -11.55868032635438780
0.11900000000000009 38.35585515449240290 -11.52123881680885376
0.12000000000000009 38.34435262485023088 -11.48382509605537827
0.12100000000000009 38.33288749504911408 -11.44643912882308356
0.12200000000000009 38.32145973735314470 -11.40908087990409747
0.12300000000000010 38.31006932406158683 -11.37175031415379500
0.12400000000000010 38.29871622750881244 -11.33444739649103994
0.12500000000000008 38.28740042006425170 -11.29717209189843352
0.12600000000000008 38.27612187413231482 -11.25992436542254715
0.12700000000000009 38.26488056215233513 -11.22270418217417465
0.12800000000000009 38.25367645659849813 -11.18551150732856847
0.12900000000000009 38.24250952997979169 -11.14834630612568489
0.13000000000000009 38.23137975483992790 -11.11120854387042378
0.13100000000000009 38.22028710375727911 -11.07409818593287198
0.13200000000000009 38.20923154934481403 -11.03701519774854845
0.13300000000000009 38.19821306425003371 -10.99995954481864047
0.13400000000000009 38.18723162115490766 -10.96293119271025063
0.13500000000000009 38.17628719277579563 -10.92593010705663659
0.13600000000000009 38.16537975186340503 -10.88895625355745267
0.13700000000000009 38.15450927120270563 -10.85200959797899323
0.13800000000000009 38.14367572361286562 -10.81509010615443245
0.13900000000000010 38.13287908194718057 -10.77819774398406949
0.14000000000000010 38.12211931909302365 -10.74133247743556296
0.14100000000000010 38.11139640797176042 -10.70449427254418318
0.14200000000000010 38.10071032153868487 -10.66768309541304305
0.14300000000000010 38.09006103278295541 -10.63089891221334682
0.14400000000000010 38.07944851472753101 -10.59414168918462806
0.14500000000000010 38.06887274042909297 -10.55741139263499484
0.14600000000000010 38.05833368297797392 -10.52070798894136594
0.14700000000000010 38.04783131549810804 -10.48403144454971603
0.14800000000000010 38.03736561114693870 -10.44738172597531722
0.14900000000000010 38.02693654311536164 -10.41075879980297714
0.15000000000000011 38.01654408462765389 -10.37416263268728400
0.15100000000000011 38.00618820894139560 -10.33759319135284649
0.15200000000000011 37.99586888934742035 -10.30105044259453351
0.15300000000000011 37.98558609916972273 -10.26453435327771935
0.15400000000000011 37.97533981176540152 -10.22804489033851993
0.15500000000000011 37.96513000052458153 -10.19158202078403797
0.15600000000000011 37.95495663887034254 -10.15514571169260449
0.15700000000000011 37.94481970025865536 -10.11873593021401696
0.15800000000000011 37.93471915817830364 -10.08235264356978256
0.15900000000000011 37.92465498615080577 -10.04599581905335981
0.16000000000000011 37.91462715773036507 -10.00966542403040016
0.16100000000000012 37.90463564650377037 -9.97336142593898600
0.16200000000000012 37.89468042609033915 -9.93708379228987759
0.16300000000000012 37.88476147014184647 -9.90083249066674931
0.16400000000000012 37.87487875234244683 -9.86460748872643478
0.16500000000000012 37.86503224640859600 -9.82840875419916493
0.16600000000000012 37.85522192608897996 -9.79223625488881133
0.16700000000000012 37.84544776516445097 -9.75608995867312956
0.16800000000000012 37.83570973744794941 -9.71996983350399368
0.16900000000000012 37.82600781678441848 -9.68387584740764673
0.17000000000000012 37.81634197705074030 -9.64780796848493694
0.17100000000000012 37.80671219215566481 -9.61176616491155933
0.17200000000000013 37.79711843603971744 -9.57575040493830087
0.17300000000000013 37.78756068267514223 -9.53976065689127495
0.17400000000000013 37.77803890606582371 -9.50379688917217180
0.17500000000000013 37.76855308024719449 -9.46785907025849482
0.17600000000000013 37.75910317928618554 -9.43194716870380390
0.17700000000000013 37.74968917728112672 -9.39606115313795698
0.17800000000000013 37.74031104836168282 -9.36020099226735169
0.17900000000000013 37.73096876668876831 -9.32436665487516869
0.18000000000000013 37.72166230645448337 -9.28855810982160968
0.18100000000000013 37.71239164188202864 -9.25277532604414610
0.18200000000000013 37.70315674722562704 -9.21701827255775363
0.18300000000000013 37.69395759677045277 -9.18128691845516265
0.18400000000000014 37.68479416483253885 -9.14558123290709268
0.18500000000000014 37.67566642575870617 -9.10990118516249936
0.18600000000000014 37.66657435392649944 -9.07424674454881597
0.18700000000000014 37.65751792374409490 -9.03861788047219505
0.18800000000000014 37.64849710965021501 -9.00301456241775178
0.18900000000000014 37.63951188611406451 -8.96743675994980727
0.19000000000000014 37.63056222763523806 -8.93188444271212845
0.19100000000000014 37.62164810874365628 -8.89635758042817493
0.19200000000000014 37.61276950399946628 -8.86085614290133705
0.19300000000000014 37.60392638799297771 -8.82538010001518458
0.19400000000000014 37.59511873534457038 -8.78992942173370650
0.19500000000000015 37.58634652070463034 -8.75450407810155262
0.19600000000000015 37.57760971875344325 -8.71910403924428046
0.19700000000000015 37.56890830420114469 -8.68372927536859684
0.19800000000000015 37.56024225178761355 -8.64837975676260129
0.19900000000000015 37.55161153628240811 -8.61305545379602933
0.20000000000000015 37.54301613248465941 -8.57775633692049766
0.20100000000000015 37.53445601522302155 -8.54248237666974752
0.20200000000000015 37.52593115935557222 -8.50723354365988804
0.20300000000000015 37.51744153976972740 -8.47200980858963959
0.20400000000000015 37.50898713138215612 -8.43681114224057893
0.20500000000000015 37.50056790913871652 -8.40163751547738435
0.20600000000000016 37.49218384801435633 -8.36648889924807904
0.20700000000000016 37.48383492301303477 -8.33136526458427440
0.20800000000000016 37.47552110916763013 -8.29626658260141880
0.20900000000000016 37.46724238153987585 -8.26119282449903736
0.21000000000000016 37.45899871522024682 -8.22614396156098238
0.21100000000000016 37.45079008532790965 -8.19111996515567142
0.21200000000000016 37.44261646701060897 -8.15612080673633777
0.21300000000000016 37.43447783544459639 -8.12114645784127553
0.21400000000000016 37.42637416583454524 -8.08619689009408482
0.21500000000000016 37.41830543341345816 -8.05127207520391330
0.21600000000000016 37.41027161344258900 -8.01637198496571024
0.21700000000000016 37.40227268121135040 -7.98149659126046274
0.21800000000000017 37.39430861203723566 -7.94664586605544976
0.21900000000000017 37.38637938126572635 -7.91181978140448461
0.22000000000000017 37.37848496427019995 -7.87701830944816273
0.22100000000000017 37.37062533645185880 -7.84224142241410682
0.22200000000000017 37.36280047323963061 -7.80748909261721469
0.22300000000000017 37.35501035009008319 -7.77276129245990699
0.22400000000000017 37.34725494248733924 -7.73805799443237152
0.22500000000000017 37.33953422594298388 -7.70337917111281456
0.22600000000000017 37.33184817599598659 -7.66872479516770422
0.22700000000000017 37.32419676821260168 -7.63409483935202093
0.22800000000000017 37.31657997818629013 -7.59948927650950345
0.22900000000000018 37.30899778153761304 -7.56490807957289757
0.23000000000000018 37.30145015391416763 -7.53035122156420567
0.23100000000000018 37.29393707099047361 -7.49581867559493187
0.23200000000000018 37.28645850846790211 -7.46131041486633428
0.23300000000000018 37.27901444207456905 -7.42682641266967014
0.23400000000000018 37.27160484756526415 -7.39236664238644714
0.23500000000000018 37.26422970072133722 -7.35793107748867214
0.23600000000000018 37.25688897735063421 -7.32351969153910076
0.23700000000000018 37.24958265328739060 -7.28913245819148425
0.23800000000000018 37.24231070439213909 -7.25476935119082267
0.23900000000000018 37.23507310655161717 -7.22043034437361353
0.24000000000000019 37.22786983567868901 -7.18611541166810230
0.24100000000000019 37.22070086771223885 -7.15182452709453020
0.24200000000000019 37.21356617861708571 -7.11755766476538909
0.24300000000000019 37.20646574438389109 -7.08331479888566840
0.24400000000000019 37.19939954102906654 -7.04909590375310913
0.24500000000000019 37.19236754459467420 -7.01490095375845168
0.24600000000000019 37.18536973114834154 -6.98072992338569165
0.24700000000000019 37.17840607678316900 -6.94658278721232669
0.24800000000000019 37.17147655761763048 -6.91245951990961149
0.24900000000000019 37.16458114979547389 -6.87836009624280997
0.25000000000000017 37.15771982948565011 -6.84428449107144576
0.25100000000000017 37.15089257288218505 -6.81023267934955623
0.25200000000000017 37.14409935620411574 -6.77620463612594470
0.25300000000000017 37.13734015569538371 -6.74220033654443363
0.25400000000000017 37.13061494762473558 -6.70821975584411856
0.25500000000000017 37.12392370828562349 -6.67426286935961954
0.25600000000000017 37.11726641399613413 -6.64032965252133778
0.25700000000000017 37.11064304109886081 -6.60642008085570787
0.25800000000000017 37.10405356596082527 -6.57253412998545095
0.25900000000000017 37.09749796497338536 -6.53867177562983315
0.26000000000000018 37.09097621455212135 -6.50483299360491607
0.26100000000000018 37.08448829113675771 -6.47101775982381522
0.26200000000000018 37.07803417119105660 -6.43722605029695139
0.26300000000000018 37.07161383120271125 -6.40345784113231087
0.26400000000000018 37.06522724768326782 -6.36971310853569861
0.26500000000000018 37.05887439716801879 -6.33599182881099399
0.26600000000000018 37.05255525621588930 -6.30229397836040750
0.26700000000000018 37.04626980140937320 -6.26861953368473923
0.26800000000000018 37.04001800935439803 -6.23496847138363286
0.26900000000000018 37.03379985668024688 -6.20134076815583501
0.27000000000000018 37.02761532003945888 -6.16773640079945107
0.27100000000000019 37.02146437610772267 -6.13415534621220537
0.27200000000000019 37.01534700158377689 -6.10059758139169617
0.27300000000000019 37.00926317318931780 -6.06706308343565581
0.27400000000000019 37.00321286766888562 -6.03355182954221014
0.27500000000000019 36.99719606178977926 -6.00006379701013426
0.27600000000000019 36.99121273234194263 -5.96659896323911454
0.27700000000000019 36.98526285613787934 -5.93315730573000710
0.27800000000000019 36.97934641001253198 -5.89973880208509804
0.27900000000000019 36.97346337082318968 -5.86634343000836278
0.28000000000000019 36.96761371544938868 -5.83297116730572629
0.28100000000000019 36.96179742079281283 -5.79962199188532423
0.28200000000000019 36.95601446377718702 -5.76629588175776409
0.28300000000000020 36.95026482134816348 -5.73299281503638714
0.28400000000000020 36.94454847047324364 -5.69971276993752785
0.28500000000000020 36.93886538814164311 -5.66645572478077675
0.28600000000000020 36.93321555136422774 -5.63322165798924512
0.28700000000000020 36.92759893717337150 -5.60001054808982346
0.28800000000000020 36.92201552262287834 -5.56682237371344613
0.28900000000000020 36.91646528478786138 -5.53365711359535606
0.29000000000000020 36.91094820076465766 -5.50051474657536588
0.29100000000000020 36.90546424767070022 -5.46739525159812345
0.29200000000000020 36.90001340264443286 -5.43429860771337392
0.29300000000000020 36.89459564284519644 -5.40122479407622702
0.29400000000000021 36.88921094545311519 -5.36817378994741912
0.29500000000000021 36.88385928766901145 -5.33514557469358053
0.29600000000000021 36.87854064671427778 -5.30214012778750021
0.29700000000000021 36.87325499983079169 -5.26915742880839044
0.29800000000000021 36.86800232428078772 -5.23619745744215503
0.29900000000000021 36.86278259734677221 -5.20326019348165403
0.30000000000000021 36.85759579633139538 -5.17034561682697191
0.30100000000000021 36.85244189855735186 -5.13745370748568497
0.30200000000000021 36.84732088136728123 -5.10458444557312596
0.30300000000000021 36.84223272212365430 -5.07173781131265677
0.30400000000000021 36.83717739820865944 -5.03891378503593224
0.30500000000000022 36.83215488702411022 -5.00611234718317188
0.30600000000000022 36.82716516599131040 -4.97333347830342642
0.30700000000000022 36.82220821255096155 -4.94057715905484862
0.30800000000000022 36.81728400416306357 -4.90784337020496420
0.30900000000000022 36.81239251830679393 -4.87513209263093827
0.31000000000000022 36.80753373248038685 -4.84244330731984896
0.31100000000000022 36.80270762420104091 -4.80977699536895731
0.31200000000000022 36.79791417100479833 -4.77713313798597827
0.31300000000000022 36.79315335044644542 -4.74451171648935155
0.31400000000000022 36.78842514009938469 -4.71191271230851516
0.31500000000000022 36.78372951755554254 -4.67933610698417635
0.31600000000000023 36.77906646042524841 -4.64678188216858512
0.31700000000000023 36.77443594633711399 -4.61425001962580694
0.31800000000000023 36.76983795293794799 -4.58174050123199628
0.31900000000000023 36.76527245789260689 -4.54925330897566926
0.32000000000000023 36.76073943888391682 -4.51678842495798083
0.32100000000000023 36.75623887361253850 -4.48434583139299736
0.32200000000000023 36.75177073979686782 -4.45192551060797026
0.32300000000000023 36.74733501517291501 -4.41952744504361483
0.32400000000000023 36.74293167749419098 -4.38715161725438385
0.32500000000000023 36.73856070453159361 -4.35479800990874466
0.32600000000000023 36.73422207407330120 -4.32246660578945363
0.32700000000000023 36.72991576392464452 -4.29015738779383682
0.32800000000000024 36.72564175190800739 -4.25787033893406530
0.32900000000000024 36.72140001586269165 -4.22560544233743318
0.33000000000000024 36.71719053364483187 -4.19336268124663469
0.33100000000000024 36.71301328312724621 -4.16114203902004576
0.33200000000000024 36.70886824219934397 -4.12894349913200109
0.33300000000000024 36.70475538876700483 -4.09676704517307311
0.33400000000000024 36.70067470075245097 -4.06461266085035344
0.33500000000000024 36.69662615609414758 -4.03248032998773276
0.33600000000000024 36.69260973274667492 -4.00037003652618139
0.33700000000000024 36.68862540868060762 -3.96828176452403003
0.33800000000000024 36.68467316188241512 -3.93621549815725258
0.33900000000000025 36.68075297035431959 -3.90417122171974729
0.34000000000000025 36.67686481211419647 -3.87214891962361918
0.34100000000000025 36.67300866519544655 -3.84014857639946339
0.34200000000000025 36.66918450764688941 -3.80817017669664892
0.34300000000000025 36.66539231753262840 -3.77621370528360112
0.34400000000000025 36.66163207293193693 -3.74427914704808718
0.34500000000000025 36.65790375193914485 -3.71236648699750083
0.34600000000000025 36.65420733266351050 -3.68047571025914610
0.34700000000000025 36.65054279322910702 -3.64860680208052468
0.34800000000000025 36.64691011177470870 -3.61675974782962051
0.34900000000000025 36.64330926645364883 -3.58493453299518716
0.35000000000000026 36.63974023543371317 -3.55313114318703427
0.35100000000000026 36.63620299689702620 -3.52134956413631528
0.35200000000000026 36.63269752903990906 -3.48958978169581524
0.35300000000000026 36.62922381007277295 -3.45785178184023945
0.35400000000000026 36.62578181821999834 -3.42613555066650077
0.35500000000000026 36.62237153171980708 -3.39444107439401099
0.35600000000000026 36.61899292882413448 -3.36276833936496855
0.35700000000000026 36.61564598779850854 -3.33111733204465033
0.35800000000000026 36.61233068692194337 -3.29948803902170118
0.35900000000000026 36.60904700448679705 -3.26788044700842617
0.36000000000000026 36.60579491879865088 -3.23629454284108053
0.36100000000000027 36.60257440817618146 -3.20473031348016324
0.36200000000000027 36.59938545095106122 -3.17318774601070874
0.36300000000000027 36.59622802546779496 -3.14166682764258054
0.36400000000000027 36.59310211008362757 -3.11016754571076426
0.36500000000000027 36.59000768316840890 -3.07868988767566210
0.36600000000000027 36.58694472310445178 -3.04723384112338636
0.36700000000000027 36.58391320828643245 -3.01579939376605610
0.36800000000000027 36.58091311712124138 -2.98438653344209071
0.36900000000000027 36.57794442802788382 -2.95299524811650693
0.37000000000000027 36.57500711943731631 -2.92162552588121605
0.37100000000000027 36.57210116979235437 -2.89027735495531868
0.37200000000000027 36.56922655754752327 -2.85895072368540459
0.37300000000000028 36.56638326116894433 -2.82764562054584889
0.37400000000000028 36.56357125913419281 -2.79636203413911133
0.37500000000000028 36.56079052993218426 -2.76509995319603563
0.37600000000000028 36.55804105206303234 -2.73385936657614748
0.37700000000000028 36.55532280403792811 -2.70264026326795648
0.37800000000000028 36.55263576437901918 -2.67144263238925550
0.37900000000000028 36.54997991161926052 -2.64026646318742131
0.38000000000000028 36.54735522430229366 -2.60911174503971699
0.38100000000000028 36.54476168098232591 -2.57797846745359349
0.38200000000000028 36.54219926022398823 -2.54686662006699294
0.38300000000000028 36.53966794060220735 -2.51577619264865060
0.38400000000000029 36.53716770070207076 -2.48470717509839911
0.38500000000000029 36.53469851911871302 -2.45365955744747222
0.38600000000000029 36.53226037445715946 -2.42263332985881075
0.38700000000000029 36.52985324533221245 -2.39162848262736594
0.38800000000000029 36.52747711036830935 -2.36064500618040629
0.38900000000000029 36.52513194819940168 -2.32968289107782356
0.39000000000000029 36.52281773746880589 -2.29874212801244004
0.39100000000000029 36.52053445682908972 -2.26782270781031459
0.39200000000000029 36.51828208494191585 -2.23692462143105253
0.39300000000000029 36.51606060047792823 -2.20604785996811170
0.39400000000000029 36.51386998211660284 -2.17519241464911373
0.39500000000000030 36.51171020854612692 -2.14435827683615177
0.39600000000000030 36.50958125846326396 -2.11354543802610140
0.39700000000000030 36.50748311057319739 -2.08275388985093102
0.39800000000000030 36.50541574358942398 -2.05198362407801360
0.39900000000000030 36.50337913623360464 -2.02123463261043712
0.40000000000000030 36.50137326723542230 -1.99050690748731762
0.40100000000000030 36.49939811533246115 -1.95980044088411254
0.40200000000000030 36.49745365927005025 -1.92911522511293332
0.40300000000000030 36.49553987780114284 -1.89845125262285941
0.40400000000000030 36.49365674968618123 -1.86780851600025333
0.40500000000000030 36.49180425369294767 -1.83718700796907508
0.40600000000000031 36.48998236859642930 -1.80658672139119814
0.40700000000000031 36.48819107317868315 -1.77600764926672561
0.40800000000000031 36.48643034622870118 -1.74544978473430712
0.40900000000000031 36.48470016654226100 -1.71491312107145633
0.41000000000000031 36.48300051292179802 -1.68439765169486821
0.41100000000000031 36.48133136417625622 -1.65390337016073818
0.41200000000000031 36.47969269912096024 -1.62343027016508090
0.41300000000000031 36.47808449657746621 -1.59297834554405027
0.41400000000000031 36.47650673537341959 -1.56254759027425938
0.41500000000000031 36.47495939434242729 -1.53213799847310139
0.41600000000000031 36.47344245232390136 -1.50174956439907104
0.41700000000000031 36.47195588816292400 -1.47138228245208680
0.41800000000000032 36.47049968071011250 -1.44103614717381312
0.41900000000000032 36.46907380882146299 -1.41071115324798391
0.42000000000000032 36.46767825135822250 -1.38040729550072649
0.42100000000000032 36.46631298718674685 -1.35012456890088539
0.42200000000000032 36.46497799517833727 -1.31986296856034824
0.42300000000000032 36.46367325420911953 -1.28962248973437021
0.42400000000000032 36.46239874315989482 -1.25940312782190134
0.42500000000000032 36.46115444091599045 -1.22920487836591263
0.42600000000000032 36.45994032636711779 -1.19902773705372390
0.42700000000000032 36.45875637840723016 -1.16887169971733140
0.42800000000000032 36.45760257593437359 -1.13873676233373655
0.42900000000000033 36.45647889785054474 -1.10862292102527538
0.43000000000000033 36.45538532306154877 -1.07853017205994806
0.43100000000000033 36.45432183047684305 -1.04845851185174976
0.43200000000000033 36.45328839900940920 -1.01840793696100151
0.43300000000000033 36.45228500757558265 -0.98837844409468190
0.43400000000000033 36.45131163509492467 -0.95837003010675936
0.43500000000000033 36.45036826049007317 -0.92838269199852519
0.43600000000000033 36.44945486268658641 -0.89841642691892709
0.43700000000000033 36.44857142061279376 -0.86847123216490352
0.43800000000000033 36.44771791319966781 -0.83854710518171827
0.43900000000000033 36.44689431938064672 -0.80864404356329611
0.44000000000000034 36.44610061809150636 -0.77876204505255875
0.44100000000000034 36.44533678827021106 -0.74890110754176176
0.44200000000000034 36.44460280885674308 -0.71906122907283176
0.44300000000000034 36.44389865879298895 -0.68924240783770452
0.44400000000000034 36.44322431702254761 -0.65944464217866350
0.44500000000000034 36.44257976249060960 -0.62966793058867909
0.44600000000000034 36.44196497414380076 -0.59991227171174888
0.44700000000000034 36.44137993093001882 -0.57017766434323780
0.44800000000000034 36.44082461179829835 -0.54046410743021966
0.44900000000000034 36.44029899569864028 -0.51077160007181877
0.45000000000000034 36.43980306158188398 -0.48110014151955260
0.45100000000000035 36.43933678839952961 -0.45144973117767501
0.45200000000000035 36.43890015510360314 -0.42182036860351996
0.45300000000000035 36.43849314064649292 -0.39221205350784599
0.45400000000000035 36.43811572398080756 -0.36262478575518148
0.45500000000000035 36.43776788405919831 -0.33305856536417028
0.45600000000000035 36.43744959983423826 -0.30351339250791837
0.45700000000000035 36.43716085025823048 -0.27398926751434077
0.45800000000000035 36.43690161428309437 -0.24448619086650958
0.45900000000000035 36.43667187086017378 -0.21500416320300220
0.46000000000000035 36.43647159894010201 -0.18554318531825059
0.46100000000000035 36.43630077747263130 -0.15610325816289106
0.46200000000000035 36.43615938540649779 -0.12668438284411473
0.46300000000000036 36.43604740168924394 -0.09728656062601869
0.46400000000000036 36.43596480526707637 -0.06790979292995777
0.46500000000000036 36.43591157508468825 -0.03855408133489710
0.46600000000000036 36.43588769008513140 -0.00921942757776526
0.46700000000000036 36.43589312920962442 0.02009416644619184
0.46800000000000036 36.43592787139742484 0.04938669868305643
0.46900000000000036 36.43599189558565854 0.07865816691988363
0.47000000000000036 36.43608518070914215 0.10790856878434554
0.47100000000000036 36.43620770570025513 0.13713790174437468
0.47200000000000036 36.43635944948876215 0.16634616310780659
0.47300000000000036 36.43654039100165676 0.19553335002202193
0.47400000000000037 36.43675050916299085 0.22469945947358783
0.47500000000000037 36.43698978289372548 0.25384448828789835
0.47600000000000037 36.43725819111157449 0.28296843312881459
0.47700000000000037 36.43755571273082694 0.31207129049830373
0.47800000000000037 36.43788232666219784 0.34115305673607776
0.47900000000000037 36.43823801181265054 0.37021372801923119
0.48000000000000037 36.43862274708525462 0.39925330036187812
0.48100000000000037 36.43903651137900823 0.42827176961478869
0.48200000000000037 36.43947928358868182 0.45726913146502490
0.48300000000000037 36.43995104260464757 0.48624538143557544
0.48400000000000037 36.44045176731271596 0.51520051488498997
0.48500000000000038 36.44098143659397948 0.54413452700701292
0.48600000000000038 36.44154002932463499 0.57304741283021610
0.48700000000000038 36.44212752437582736 0.60193916721763074
0.48800000000000038 36.44274390061349322 0.63080978486637940
0.48900000000000038 36.44338913689816195 0.65965926030730626
0.49000000000000038 36.44406321208482780 0.68848758790460707
0.49100000000000038 36.44476610502275804 0.71729476185545860
0.49200000000000038 36.44549779455533667 0.74608077618964719
0.49300000000000038 36.44625825951988674 0.77484562476919638
0.49400000000000038 36.44704747874752115 0.80358930128799411
0.49500000000000038 36.44786543106295085 0.83231179927141907
0.49600000000000039 36.44871209528433553 0.86101311207596631
0.49700000000000039 36.44958745022310609 0.88969323288887192
0.49800000000000039 36.45049147468379402 0.91835215472773746
0.49900000000000039 36.45142414746386095 0.94698987044015326
0.50000000000000033 36.45238544735352804 0.97560637270332118
0.50100000000000033 36.45337535313561972 1.00420165402367623
0.50200000000000033 36.45439384358537183 1.03277570673650820
0.50300000000000034 36.45544089747027527 1.06132852300558156
0.50400000000000034 36.45651649354989843 1.08986009482275592
0.50500000000000034 36.45762061057570946 1.11837041400760429
0.50600000000000034 36.45875322729092005 1.14685947220703155
0.50700000000000034 36.45991432243029351 1.17532726089489215
0.50800000000000034 36.46110387471998138 1.20377377137160613
0.50900000000000034 36.46232186287734578 1.23219899476377592
0.51000000000000034 36.46356826561079600 1.26060292202380086
0.51100000000000034 36.46484306161961086 1.28898554392949216
0.51200000000000034 36.46614622959373975 1.31734685108368610
0.51300000000000034 36.46747774821366761 1.34568683391385724
0.51400000000000035 36.46883759615020892 1.37400548267173073
0.51500000000000035 36.47022575206434425 1.40230278743289305
0.51600000000000035 36.47164219460704260 1.43057873809640368
0.51700000000000035 36.47308690241908380 1.45883332438440405
0.51800000000000035 36.47455985413087376 1.48706653584172721
0.51900000000000035 36.47606102836228104 1.51527836183550546
0.52000000000000035 36.47759040372245209 1.54346879155477890
0.52100000000000035 36.47914795880963368 1.57163781401010150
0.52200000000000035 36.48073367221099517 1.59978541803314744
0.52300000000000035 36.48234752250244384 1.62791159227631610
0.52400000000000035 36.48398948824844723 1.65601632521233655
0.52500000000000036 36.48565954800186262 1.68409960513387147
0.52600000000000036 36.48735768030374516 1.71216142015311990
0.52700000000000036 36.48908386368317736 1.74020175820141931
0.52800000000000036 36.49083807665707724 1.76822060702884731
0.52900000000000036 36.49262029773002070 1.79621795420382147
0.53000000000000036 36.49443050539406386 1.82419378711269986
0.53100000000000036 36.49626867812855835 1.85214809295937943
0.53200000000000036 36.49813479439996655 1.88008085876489450
0.53300000000000036 36.50002883266168396 1.90799207136701399
0.53400000000000036 36.50195077135385446 1.93588171741983861
0.53500000000000036 36.50390058890317135 1.96374978339339568
0.53600000000000037 36.50587826372271394 1.99159625557323494
0.53700000000000037 36.50788377421175568 2.01942112006002228
0.53800000000000037 36.50991709875557945 2.04722436276913378
0.53900000000000037 36.51197821572528568 2.07500596943024718
0.54000000000000037 36.51406710347760765 2.10276592558693531
0.54100000000000037 36.51618374035474091 2.13050421659625577
0.54200000000000037 36.51832810468414436 2.15822082762834144
0.54300000000000037 36.52050017477834132 2.18591574366599017
0.54400000000000037 36.52269992893474893 2.21358894950425311
0.54500000000000037 36.52492734543548636 2.24124042975002302
0.54600000000000037 36.52718240254719007 2.26887016882162085
0.54700000000000037 36.52946507852081481 2.29647815094838137
0.54800000000000038 36.53177535159145606 2.32406436017023932
0.54900000000000038 36.53411319997814388 2.35162878033731326
0.55000000000000038 36.53647860188367247 2.37917139510949083
0.55100000000000038 36.53887153549439404 2.40669218795600948
0.55200000000000038 36.54129197898004122 2.43419114215503951
0.55300000000000038 36.54373991049352099 2.46166824079326618
0.55400000000000038 36.54621530817074415 2.48912346676546870
0.55500000000000038 36.54871815013040504 2.51655680277410054
0.55600000000000038 36.55124841447381101 2.54396823132886851
0.55700000000000038 36.55380607928468351 2.57135773474631035
0.55800000000000038 36.55639112262896617 2.59872529514937112
0.55900000000000039 36.55900352255462593 2.62607089446698128
0.56000000000000039 36.56164325709145402 2.65339451443363084
0.56100000000000039 36.56431030425088835 2.68069613658894390
0.56200000000000039 36.56700464202580747 2.70797574227725324
0.56300000000000039 36.56972624839033870 2.73523331264717262
0.56400000000000039 36.57247510129965207 2.76246882865116961
0.56500000000000039 36.57525117868977560 2.78968227104513611
0.56600000000000039 36.57805445847739634 2.81687362038795897
0.56700000000000039 36.58088491855966140 2.84404285704109006
0.56800000000000039 36.58374253681397192 2.87118996116811509
0.56900000000000039 36.58662729109781253 2.89831491273432063
0.57000000000000040 36.58953915924851685 2.92541769150626152
0.57100000000000040 36.59247811908308989 2.95249827705132839
0.57200000000000040 36.59544414839800197 2.97955664873731108
0.57300000000000040 36.59843722496900398 3.00659278573196431
0.57400000000000040 36.60145732655090001 3.03360666700257120
0.57500000000000040 36.60450443087736261 3.06059827131550666
0.57600000000000040 36.60757851566073384 3.08756757723579778
0.57700000000000040 36.61067955859182632 3.11451456312668595
0.57800000000000040 36.61380753733970295 3.14143920714918812
0.57900000000000040 36.61696242955149216 3.16834148726165443
0.58000000000000040 36.62014421285217480 3.19522138121932731
0.58100000000000041 36.62335286484439933 3.22207886657390041
0.58200000000000041 36.62658836310824029 3.24891392067307372
0.58300000000000041 36.62985068520104193 3.27572652066010983
0.58400000000000041 36.63313980865716957 3.30251664347339036
0.58500000000000041 36.63645571098783904 3.32928426584596915
0.58600000000000041 36.63979836968088932 3.35602936430512511
0.58700000000000041 36.64316776220058358 3.38275191517191631
0.58800000000000041 36.64656386598741022 3.40945189456072972
0.58900000000000041 36.64998665845785553 3.43612927837883353
0.59000000000000041 36.65343611700421889 3.46278404232592685
0.59100000000000041 36.65691221899438546 3.48941616189368764
0.59200000000000041 36.66041494177164140 3.51602561236532152
0.59300000000000042 36.66394426265444650 3.54261236881511010
0.59400000000000042 36.66750015893622106 3.56917640610795495
0.59500000000000042 36.67108260788516105 3.59571769889892590
0.59600000000000042 36.67469158674400376 3.62223622163280368
0.59700000000000042 36.67832707272982162 3.64873194854362426
0.59800000000000042 36.68198904303382335 3.67520485365422189
0.59900000000000042 36.68567747482113361 3.70165491077577080
0.60000000000000042 36.68939234523057991 3.72808209350732689
0.60100000000000042 36.69313363137448647 3.75448637523536721
0.60200000000000042 36.69690131033844693 3.78086772913333036
0.60300000000000042 36.70069535918113246 3.80722612816115324
0.60400000000000043 36.70451575493406438 3.83356154506481017
0.60500000000000043 36.70836247460140100 3.85987395237584918
0.60600000000000043 36.71223549515972451 3.88616332241092710
0.60700000000000043 36.71613479355783483 3.91242962727134502
0.60800000000000043 36.72006034671650809 3.93867283884258290
0.60900000000000043 36.72401213152831190 3.96489292879383104
0.61000000000000043 36.72799012485737080 3.99108986857752379
0.61100000000000043 36.73199430353915318 4.01726362942887061
0.61200000000000043 36.73602464438025805 4.04341418236538530
0.61300000000000043 36.74008112415818061 4.06954149818641753
0.61400000000000043 36.74416371962112038 4.09564554747267895
0.61500000000000044 36.74827240748773960 4.12172630058577294
0.61600000000000044 36.75240716444695011 4.14778372766772119
0.61700000000000044 36.75656796715770724 4.17381779864048852
0.61800000000000044 36.76075479224876830 4.19982848320550772
0.61900000000000044 36.76496761631847932 4.22581575084320615
0.62000000000000044 36.76920641593456907 4.25177957081252611
0.62100000000000044 36.77347116763390034 4.27771991215044878
0.62200000000000044 36.77776184792227099 4.30363674367151372
0.62300000000000044 36.78207843327417237 4.32953003396734193
0.62400000000000044 36.78642090013259036 4.35539975140615354
0.62500000000000044 36.79078922490874959 4.38124586413228734
0.62600000000000044 36.79518338398192157 4.40706834006571668
0.62700000000000045 36.79960335369918312 4.43286714690156902
0.62800000000000045 36.80404911037518900 4.45864225210964005
0.62900000000000045 36.80852063029194454 4.48439362293390964
0.63000000000000045 36.81301788969859956 4.51012122639205426
0.63100000000000045 36.81754086481120680 4.53582502927496201
0.63200000000000045 36.82208953181248745 4.56150499814624322
0.63300000000000045 36.82666386685161086 4.58716109934174376
0.63400000000000045 36.83126384604398140 4.61279329896905210
0.63500000000000045 36.83588944547098976 4.63840156290701344
0.63600000000000045 36.84054064117978555 4.66398585680523325
0.63700000000000045 36.84521740918306421 4.68954614608358877
0.63800000000000046 36.84991972545881112 4.71508239593173339
0.63900000000000046 36.85464756595010272 4.74059457130860284
0.64000000000000046 36.85940090656485069 4.76608263694192136
0.64100000000000046 36.86417972317557457 4.79154655732770252
0.64200000000000046 36.86898399161918150 4.81698629672975631
0.64300000000000046 36.87381368769671752 4.84240181917918822
0.64400000000000046 36.87866878717315444 4.86779308847390091
0.64500000000000046 36.88354926577714110 4.89316006817809424
0.64600000000000046 36.88845509920076182 4.91850272162176516
0.64700000000000046 36.89338626309933034 4.94382101190020595
0.64800000000000046 36.89834273309112689 4.96911490187350058
0.64900000000000047 36.90332448475718508 4.99438435416602200
0.65000000000000047 36.90833149364103605 5.01962933116592858
0.65100000000000047 36.91336373524847403 5.04484979502465603
0.65200000000000047 36.91842118504734316 5.07004570765641294
0.65300000000000047 36.92350381846727458 5.09521703073767274
0.65400000000000047 36.92861161089945199 5.12036372570666565
0.65500000000000047 36.93374453769638421 5.14548575376286976
0.65600000000000047 36.93890257417166367 5.17058307586650123
0.65700000000000047 36.94408569559971056 5.19565565273800090
0.65800000000000047 36.94929387721555969 5.22070344485752447
0.65900000000000047 36.95452709421459048 5.24572641246442917
0.66000000000000048 36.95978532175232090 5.27072451555675947
0.66100000000000048 36.96506853494412326 5.29569771389073196
0.66200000000000048 36.97037670886502525 5.32064596698022019
0.66300000000000048 36.97570981854943284 5.34556923409623685
0.66400000000000048 36.98106783899090999 5.37046747426641691
0.66500000000000048 36.98645074514191577 5.39534064627449883
0.66600000000000048 36.99185851191358410 5.42018870865980418
0.66700000000000048 36.99729111417546079 5.44501161971671799
0.66800000000000048 37.00274852675526205 5.46980933749416653
0.66900000000000048 37.00823072443862571 5.49458181979509508
0.67000000000000048 37.01373768196887681 5.51932902417594473
0.67100000000000048 37.01926937404677176 5.54405090794612754
0.67200000000000049 37.02482577533025676 5.56874742816750157
0.67300000000000049 37.03040686043420493 5.59341854165384511
0.67400000000000049 37.03601260393018180 5.61806420497032644
0.67500000000000049 37.04164298034619662 5.64268437443297977
0.67600000000000049 37.04729796416645371 5.66727900610817237
0.67700000000000049 37.05297752983108950 5.69184805581207787
0.67800000000000049 37.05868165173594520 5.71639147911014156
0.67900000000000049 37.06441030423228256 5.74090923131655195
0.68000000000000049 37.07016346162657072 5.76540126749370430
0.68100000000000049 37.07594109818020200 5.78986754245166946
0.68200000000000049 37.08174318810925740 5.81430801074765657
0.68300000000000050 37.08756970558425081 5.83872262668547837
0.68400000000000050 37.09342062472986612 5.86311134431501557
0.68500000000000050 37.09929591962471562 5.88747411743167515
0.68600000000000050 37.10519556430107713 5.91181089957585559
0.68700000000000050 37.11111953274464526 5.93612164403240605
0.68800000000000050 37.11706779889426144 5.96040630383008274
0.68900000000000050 37.12304033664167946 5.98466483174101160
0.69000000000000050 37.12903711983128829 6.00889718028014208
0.69100000000000050 37.13505812225987057 6.03310330170470532
0.69200000000000050 37.14110331767633255 6.05728314801366974
0.69300000000000050 37.14717267978144832 6.08143667094719387
0.69400000000000051 37.15326618222760402 6.10556382198608105
0.69500000000000051 37.15938379861853491 6.12966455235123142
0.69600000000000051 37.16552550250906961 6.15373881300309300
0.69700000000000051 37.17169126740487428 6.17778655464111370
0.69800000000000051 37.17788106676216842 6.20180772770318889
0.69900000000000051 37.18409487398748325 6.22580228236511246
0.70000000000000051 37.19033266243740599 6.24977016854002088
0.70100000000000051 37.19659440541828843 6.27371133587784335
0.70200000000000051 37.20288007618601256 6.29762573376474588
0.70300000000000051 37.20918964794571338 6.32151331132257521
0.70400000000000051 37.21552309385150892 6.34537401740830287
0.70500000000000052 37.22188038700624446 6.36920780061347003
0.70600000000000052 37.22826150046122251 6.39301460926362708
0.70700000000000052 37.23466640721593990 6.41679439141777408
0.70800000000000052 37.24109508021782489 6.44054709486780119
0.70900000000000052 37.24754749236195295 6.46427266713792914
0.71000000000000052 37.25402361649079808 6.48797105548414432
0.71100000000000052 37.26052342539394857 6.51164220689363749
0.71200000000000052 37.26704689180785124 6.53528606808423795
0.71300000000000052 37.27359398841553428 6.55890258550385141
0.71400000000000052 37.28016468784633730 6.58249170532989059
0.71500000000000052 37.28675896267564127 6.60605337346870947
0.71600000000000052 37.29337678542459855 6.62958753555503666
0.71700000000000053 37.30001812855986287 6.65309413695140428
0.71800000000000053 37.30668296449330512 6.67657312274757864
0.71900000000000053 37.31337126558176465 6.70002443775999001
0.72000000000000053 37.32008300412675084 6.72344802653115892
0.72100000000000053 37.32681815237417311 6.74684383332912496
0.72200000000000053 37.33357668251408512 6.77021180214687224
0.72300000000000053 37.34035856668038633 6.79355187670175464
0.72400000000000053 37.34716377695055201 6.81686400043491858
0.72500000000000053 37.35399228534537031 6.84014811651072829
0.72600000000000053 37.36084406382865097 6.86340416781618678
0.72700000000000053 37.36771908430694822 6.88663209696035761
0.72800000000000054 37.37461731862929781 6.90983184627378222
0.72900000000000054 37.38153873858691156 6.93300335780790444
0.73000000000000054 37.38848331591291441 6.95614657333448339
0.73100000000000054 37.39545102228207440 6.97926143434501434
0.73200000000000054 37.40244182931050432 7.00234788205014258
0.73300000000000054 37.40945570855538449 7.02540585737907985
0.73400000000000054 37.41649263151468574 7.04843530097901905
0.73500000000000054 37.42355256962689225 7.07143615321454622
0.73600000000000054 37.43063549427069603 7.09440835416705262
0.73700000000000054 37.43774137676473401 7.11735184363414852
0.73800000000000054 37.44487018836731096 7.14026656112907165
0.73900000000000055 37.45202190027608680 7.16315244588009481
0.74000000000000055 37.45919648362781373 7.18600943682993787
0.74100000000000055 37.46639390949803783 7.20883747263517272
0.74200000000000055 37.47361414890082898 7.23163649166562994
0.74300000000000055 37.48085717278847540 7.25440643200380464
0.74400000000000055 37.48812295205120648 7.27714723144426134
0.74500000000000055 37.49541145751690152 7.29985882749303627
0.74600000000000055 37.50272265995080545 7.32254115736703959
0.74700000000000055 37.51005653005522333 7.34519415799345765
0.74800000000000055 37.51741303846925746 7.36781776600915350
0.74900000000000055 37.52479215576849469 7.39041191776006645
0.75000000000000056 37.53219385246471518 7.41297654930060901
0.75100000000000056 37.53961809900561519 7.43551159639306647
0.75200000000000056 37.54706486577450875 7.45801699450699207
0.75300000000000056 37.55453412309002914 7.48049267881860303
0.75400000000000056 37.56202584120584476 7.50293858421017390
0.75500000000000056 37.56953999031034641 7.52535464526943265
0.75600000000000056 37.57707654052637736 7.54774079628895045
0.75700000000000056 37.58463546191091353 7.57009697126553416
0.75800000000000056 37.59221672445479356 7.59242310389961794
0.75900000000000056 37.59982029808239901 7.61471912759465219
0.76000000000000056 37.60744615265137014 7.63698497545649069
0.76100000000000056 37.61509425795230754 7.65922058029278041
0.76200000000000057 37.62276458370845944 7.68142587461234694
0.76300000000000057 37.63045709957543750 7.70360079062457981
0.76400000000000057 37.63817177514091128 7.72574526023881880
0.76500000000000057 37.64590857992431694 7.74785921506373576
0.76600000000000057 37.65366748337654457 7.76994258640671820
0.76700000000000057 37.66144845487963977 7.79199530527325113
0.76800000000000057 37.66925146374650524 7.81401730236629621
0.76900000000000057 37.67707647922058811 7.83600850808567362
0.77000000000000057 37.68492347047558866 7.85796885252744026
0.77100000000000057 37.69279240661515473 7.87989826548326544
0.77200000000000057 37.70068325667256204 7.90179667643981087
0.77300000000000058 37.70859598961042991 7.92366401457810454
0.77400000000000058 37.71653057432040868 7.94550020877291541
0.77500000000000058 37.72448697962285991 7.96730518759212725
0.77600000000000058 37.73246517426655799 7.98907887929611249
0.77700000000000058 37.74046512692839883 8.01082121183710250
0.77800000000000058 37.74848680621306585 8.03253211285856139
0.77900000000000058 37.75653018065272448 8.05421150969455191
0.78000000000000058 37.76459521870673797 8.07585932936910567
0.78100000000000058 37.77268188876131916 8.09747549859559435
0.78200000000000058 37.78079015912925342 8.11905994377609019
0.78300000000000058 37.78891999804955759 8.14061259100073897
0.78400000000000059 37.79707137368719572 8.16213336604712048
0.78500000000000059 37.80524425413275225 8.18362219437961436
0.78600000000000059 37.81343860740210516 8.20507900114876065
0.78700000000000059 37.82165440143614177 8.22650371119062562
0.78800000000000059 37.82989160410041762 8.24789624902615870
0.78900000000000059 37.83815018318485812 8.26925653886055656
0.79000000000000059 37.84643010640343874 8.29058450458262008
0.79100000000000059 37.85473134139385110 8.31188006976411131
0.79200000000000059 37.86305385571721160 8.33314315765911218
0.79300000000000059 37.87139761685772754 8.35437369120338147
0.79400000000000059 37.87976259222237729 8.37557159301371001
0.79500000000000060 37.88814874914061193 8.39673678538727053
0.79600000000000060 37.89655605486400702 8.41786919030097636
0.79700000000000060 37.90498447656595005 8.43896872941082954
0.79800000000000060 37.91343398134134191 8.46003532405127778
0.79900000000000060 37.92190453620624169 8.48106889523455720
0.80000000000000060 37.93039610809756113 8.50206936365004928
0.80100000000000060 37.93890866387274485 8.52303664966362184
0.80200000000000060 37.94744217030943645 8.54397067331698068
0.80300000000000060 37.95599659410516580 8.56487135432701763
0.80400000000000060 37.96457190187700803 8.58573861208515332
0.80500000000000060 37.97316806016127799 8.60657236565667816
0.80600000000000060 37.98178503541318207 8.62737253378010571
0.80700000000000061 37.99042279400649846 8.64813903486650482
0.80800000000000061 37.99908130223326452 8.66887178699884586
0.80900000000000061 38.00776052630343571 8.68957070793134534
0.81000000000000061 38.01646043234454453 8.71023571508879613
0.81100000000000061 38.02518098640139499 8.73086672556591381
0.81200000000000061 38.03392215443571445 8.75146365612667232
0.81300000000000061 38.04268390232582675 8.77202642320363957
0.81400000000000061 38.05146619586633250 8.79255494289731310
0.81500000000000061 38.06026900076775377 8.81304913097545750
0.81600000000000061 38.06909228265622858 8.83350890287243651
0.81700000000000061 38.07793600707314852 8.85393417368854507
0.81800000000000062 38.08680013947483900 8.87432485818934147
0.81900000000000062 38.09568464523223241 8.89468087080498115
0.82000000000000062 38.10458948963051995 8.91500212562954175
0.82100000000000062 38.11351463786881766 8.93528853642035870
0.82200000000000062 38.12246005505982538 8.95554001659734489
0.82300000000000062 38.13142570622950700 8.97575647924232811
0.82400000000000062 38.14041155631672098 8.99593783709836714
0.82500000000000062 38.14941757017291479 9.01608400256908382
0.82600000000000062 38.15844371256175549 9.03619488771798451
0.82700000000000062 38.16748994815881701 9.05627040426778507
0.82800000000000062 38.17655624155121785 9.07631046359973048
0.82900000000000063 38.18564255723729417 9.09631497675291989
0.83000000000000063 38.19474885962623745 9.11628385442362443
0.83100000000000063 38.20387511303776762 9.13621700696460692
0.83200000000000063 38.21302128170179202 9.15611434438444327
0.83300000000000063 38.22218732975805011 9.17597577634683503
0.83400000000000063 38.23137322125577242 9.19580121216993263
0.83500000000000063 38.24057892015333948 9.21559056082564609
0.83600000000000063 38.24980439031791946 9.23534373093896122
0.83700000000000063 38.25904959552513418 9.25506063078725383
0.83800000000000063 38.26831449945871810 9.27474116829960238
0.83900000000000063 38.27759906571015591 9.29438525105610225
0.84000000000000064 38.28690325777832726 9.31399278628717120
0.84100000000000064 38.29622703906918701 9.33356368087286725
0.84200000000000064 38.30557037289537448 9.35309784134219235
0.84300000000000064 38.31493322247589361 9.37259517387240138
0.84400000000000064 38.32431555093575071 9.39205558428830933
0.84500000000000064 38.33371732130559195 9.41147897806160216
0.84600000000000064 38.34313849652136952 9.43086526031013506
0.84700000000000064 38.35257903942396496 9.45021433579724324
0.84800000000000064 38.36203891275884814 9.46952610893104207
0.84900000000000064 38.37151807917572910 9.48880048376373075
0.85000000000000064 38.38101650122818143 9.50803736399089594
0.85100000000000064 38.39053414137329412 9.52723665295080835
0.85200000000000065 38.40007096197132341 9.54639825362372818
0.85300000000000065 38.40962692528532330 9.56552206863119814
0.85400000000000065 38.41920199348079024 9.58460800023534709
0.85500000000000065 38.42879612862530081 9.60365595033818309
0.85600000000000065 38.43840929268814932 9.62266582048089170
0.85700000000000065 38.44804144754000674 9.64163751184313433
0.85800000000000065 38.45769255495252281 9.66057092524233418
0.85900000000000065 38.46736257659799207 9.67946596113297986
0.86000000000000065 38.47705147404898440 9.69832251960590952
0.86100000000000065 38.48675920877797552 9.71714050038760924
0.86200000000000065 38.49648574215698460 9.73591980283949887
0.86300000000000066 38.50623103545721193 9.75466032595722687
0.86400000000000066 38.51599504984866940 9.77336196836995441
0.86500000000000066 38.52577774639981101 9.79202462833964482
0.86600000000000066 38.53557908607717053 9.81064820376035307
0.86700000000000066 38.54539902974499199 9.82923259215751166
0.86800000000000066 38.55523753816486732 9.84777769068721476
0.86900000000000066 38.56509457199534552 9.86628339613550054
0.87000000000000066 38.57497009179158454 9.88474960491764065
0.87100000000000066 38.58486405800497465 9.90317621307741902
0.87200000000000066 38.59477643098276189 9.92156311628641241
0.87300000000000066 38.60470717096767146 9.93991020984327633
0.87400000000000067 38.61465623809754533 9.95821738867302209
0.87500000000000067 38.62462359240496568 9.97648454732629375
0.87600000000000067 38.63460919381687120 9.99471157997865234
0.87700000000000067 38.64461300215419470 10.01289838042984748
0.87800000000000067 38.65463497713147945 10.03104484210309799
0.87900000000000067 38.66467507835649542 10.04915085804436536
0.88000000000000067 38.67473326532988409 10.06721632092162899
0.88100000000000067 38.68480949744475339 10.08524112302416142
0.88200000000000067 38.69490373398631533 10.10322515626180007
0.88300000000000067 38.70501593413150232 10.12116831216422241
0.88400000000000067 38.71514605694858346 10.13907048188021065
0.88500000000000068 38.72529406139679509 10.15693155617693044
0.88600000000000068 38.73545990632593572 10.17475142543919553
0.88700000000000068 38.74564355047600372 10.19252997966873586
0.88800000000000068 38.75584495247680650 10.21026710848347108
0.88900000000000068 38.76606407084758388 10.22796270111676975
0.89000000000000068 38.77630086399660314 10.24561664641672287
0.89100000000000068 38.78655529022079662 10.26322883284540488
0.89200000000000068 38.79682730770536381 10.28079914847814003
0.89300000000000068 38.80711687452338765 10.29832748100276518
0.89400000000000068 38.81742394863543666 10.31581371771889266
0.89500000000000068 38.82774848788919542 10.33325774553717480
0.89600000000000068 38.83809045001905957 10.35065945097855966
0.89700000000000069 38.84844979264574505 10.36801872017355919
0.89800000000000069 38.85882647327591144 10.38533543886149957
0.89900000000000069 38.86922044930175701 10.40260949238978760
0.90000000000000069 38.87963167800062791 10.41984076571316287
0.90100000000000069 38.89006011653464157 10.43702914339296051
0.90200000000000069 38.90050572195026035 10.45417450959636341
0.90300000000000069 38.91096845117793634 10.47127674809565789
0.90400000000000069 38.92144826103168498 10.48833574226748944
0.90500000000000069 38.93194510820869425 10.50535137509211658
0.90600000000000069 38.94245894928894813 10.52232352915266134
0.90700000000000069 38.95298974073480736 10.53925208663436486
0.90800000000000070 38.96353743889062571 10.55613692932383607
0.90900000000000070 38.97410199998233082 10.57297793860830382
0.91000000000000070 38.98468338011704049 10.58977499547486545
0.91100000000000070 38.99528153528267183 10.60652798050973722
0.91200000000000070 39.00589642134751500 10.62323677389749932
0.91300000000000070 39.01652799405984950 10.63990125542034804
0.91400000000000070 39.02717620904753204 10.65652130445733725
0.91500000000000070 39.03784102181759863 10.67309679998362704
0.91600000000000070 39.04852238775585960 10.68962762056972871
0.91700000000000070 39.05922026212648746 10.70611364438074808
0.91800000000000070 39.06993460007161900 10.72255474917562701
0.91900000000000071 39.08066535661095031 10.73895081230639192
0.92000000000000071 39.09141248664132462 10.75530171071738650
0.92100000000000071 39.10217594493632731 10.77160732094452200
0.92200000000000071 39.11295568614586671 10.78786751911451169
0.92300000000000071 39.12375166479578326 10.80408218094411410
0.92400000000000071 39.13456383528741611 10.82025118173936562
0.92500000000000071 39.14539215189721943 10.83637439639482736
0.92600000000000071 39.15623656877632897 10.85245169939281418
0.92700000000000071 39.16709703995014991 10.86848296480263620
0.92800000000000071 39.17797351931795902 10.88446806627983321
0.92900000000000071 39.18886596065248540 10.90040687706540723
0.93000000000000071 39.19977431759947706 10.91629926998506050
0.93100000000000072 39.21069854367731011 10.93214511744842810
0.93200000000000072 39.22163859227656246 10.94794429144830872
0.93300000000000072 39.23259441665958747 10.96369666355989736
0.93400000000000072 39.24356596996010893 10.97940210494001789
0.93500000000000072 39.25455320518280899 10.99506048632635213
0.93600000000000072 39.26555607520288049 11.01067167803667068
0.93700000000000072 39.27657453276562904 11.02623554996806199
0.93800000000000072 39.28760853048605384 11.04175197159615962
0.93900000000000072 39.29865802084841420 11.05722081197436957
0.94000000000000072 39.30972295620580326 11.07264193973310107
0.94100000000000072 39.32080328877975006 11.08801522307898679
0.94200000000000073 39.33189897065975771 11.10334052979411368
0.94300000000000073 39.34300995380291965 11.11861772723524489
0.94400000000000073 39.35413619003345786 11.13384668233304353
0.94500000000000073 39.36527763104231070 11.14902726159129820
0.94600000000000073 39.37643422838672080 11.16415933108614489
0.94700000000000073 39.38760593348978034 11.17924275646528720
0.94800000000000073 39.39879269764002601 11.19427740294722007
0.94900000000000073 39.40999447199098427 11.20926313532045171
0.95000000000000073 39.42121120756075925 11.22419981794271671
0.95100000000000073 39.43244285523159931 11.23908731474020506
0.95200000000000073 39.44368936574946360 11.25392548920677172
0.95300000000000074 39.45495068972359576 11.26871420440316029
0.95400000000000074 39.46622677762606202 11.28345332295621972
0.95500000000000074 39.47751757979136045 11.29814270705811730
0.95600000000000074 39.48882304641595198 11.31278221846556065
0.95700000000000074 39.50014312755784118 11.32737171849900548
0.95800000000000074 39.51147777313612863 11.34191106804187754
0.95900000000000074 39.52282693293058458 11.35640012753978034
0.96000000000000074 39.53419055658120129 11.37083875699971536
0.96100000000000074 39.54556859358776677 11.38522681598928799
0.96200000000000074 39.55696099330940996 11.39956416363592417
0.96300000000000074 39.56836770496416023 11.41385065862607995
0.96400000000000075 39.57978867762852815 11.42808615920445448
0.96500000000000075 39.59122386023703655 11.44227052317319426
0.96600000000000075 39.60267320158179416 11.45640360789111156
0.96700000000000075 39.61413665031204800 11.47048527027288678
0.96800000000000075 39.62561415493372863 11.48451536678827978
0.96900000000000075 39.63710566380901668 11.49849375346133584
0.97000000000000075 39.64861112515590236 11.51242028586959520
0.97100000000000075 39.66013048704771649 11.52629481914329723
0.97200000000000075 39.67166369741271126 11.54011720796458640
0.97300000000000075 39.68321070403358419 11.55388730656672003
0.97400000000000075 39.69477145454704470 11.56760496873327249
0.97500000000000075 39.70634589644335932 11.58127004779733937
0.97600000000000076 39.71793397706590412 11.59488239664073639
0.97700000000000076 39.72953564361071699 11.60844186769321063
0.97800000000000076 39.74115084312602875 11.62194831293163944
0.97900000000000076 39.75277952251182256 11.63540158387922752
0.98000000000000076 39.76442162851938633 11.64880153160471821
0.98100000000000076 39.77607710775083660 11.66214800672158525
0.98200000000000076 39.78774590665868516 11.67544085938723697
0.98300000000000076 39.79942797154537004 11.68867993930221694
0.98400000000000076 39.81112324856279372 11.70186509570940281
0.98500000000000076 39.82283168371188253 11.71499617739320165
0.98600000000000076 39.83455322284211775 11.72807303267875234
0.98700000000000077 39.84628781165106659 11.74109550943112090
0.98800000000000077 39.85803539568394172 11.75406345505449934
0.98900000000000077 39.86979592033311803 11.76697671649139920
0.99000000000000077 39.88156933083769218 11.77983514022185041
0.99100000000000077 39.89335557228300644 11.79263857226259660
0.99200000000000077 39.90515458960017980 11.80538685816628863
0.99300000000000077 39.91696632756566032 11.81807984302067993
0.99400000000000077 39.92879073080074903 11.83071737144781999
0.99500000000000077 39.94062774377113811 11.84329928760324968
0.99600000000000077 39.95247731078643483 11.85582543517519127
0.99700000000000077 39.96433937599970676 11.86829565738374548
0.99800000000000078 39.97621388340700577 11.88070979698007967
0.99900000000000078 39.98810077684689901 11.89306769624562143
1.00000000000000067 40.00000000000000000 11.90536919699124851
