0.00000000000000000 -0.00000000000029375 15601876.50096258334815502 0.00000000000006400 5119.13957225670128537
0.00000000000000000 -0.00000000000028752 15577173.89359781518578529 0.00000000000006400 10559.62690558528265683
0.00000000000000000 -0.00000000000028129 15551456.28471810929477215 0.00000000000006401 16348.15571891911167768
0.00000000000000000 -0.00000000000027508 15524663.65058740600943565 0.00000000000006402 22514.16099043723443174
0.00000000000000000 -0.00000000000026887 15496731.46541064977645874 0.00000000000006403 29090.15190492985857418
0.00000000000000000 -0.00000000000026268 15467590.30875051021575928 0.00000000000006404 36112.09105758117220830
0.00000000000000000 -0.00000000000025650 15437165.43676685914397240 0.00000000000006406 43619.82705332864134107
0.00000000000000000 -0.00000000000025033 15405376.31441572681069374 0.00000000000006408 51657.58882803760934621
0.00000000000000000 -0.00000000000024418 15372136.10576194711029530 0.00000000000006410 60274.55140889419999439
0.00000000000000000 -0.00000000000023803 15337351.11968983709812164 0.00000000000006412 69525.48446025402517989
0.00000000000000000 -0.00000000000023191 15300920.20858798176050186 0.00000000000006415 79471.49686540869879536
0.00000000000000000 -0.00000000000022579 15262734.11810355633497238 0.00000000000006419 90180.89281586819561198
0.00000000000000000 -0.00000000000021970 15222674.78689777106046677 0.00000000000006423 101730.15746219661377836
0.00000000000000000 -0.00000000000021361 15180614.59660626389086246 0.00000000000006427 114205.09316953775123693
0.00000000000000000 -0.00000000000020755 15136415.57407582737505436 0.00000000000006432 127702.13085960483294912
0.00000000000000000 -0.00000000000020151 15089928.55062362924218178 0.00000000000006437 142329.84484370285645127
0.00000000000000000 -0.00000000000019548 15040992.28682724572718143 0.00000000000006443 158210.70397528677131049
0.00000000000000000 -0.00000000000018947 14989432.57657243311405182 0.00000000000006450 175483.09686027932912111
0.00000000000000000 -0.00000000000018349 14935061.35124390758574009 0.00000000000006457 194303.67418855684809387
0.00000000000000000 -0.00000000000017753 14877675.81467027030885220 0.00000000000006465 214850.05683117671287619
0.00000000000000000 -0.00000000000017159 14817057.65253648348152637 0.00000000000006474 237323.96388551392010413
0.00000000000000000 -0.00000000000016567 14752972.37748517282307148 0.00000000000006484 261954.81983015264268033
0.00000000000000000 -0.00000000000015979 14685168.89433125406503677 0.00000000000006495 289003.90353593055624515
0.00000000000000000 -0.00000000000015393 14613379.40029419586062431 0.00000000000006508 318769.10275508527411148
0.00000000000000000 -0.00000000000014809 14537319.77478929609060287 0.00000000000006521 351590.33387175941606984
0.00000000000000000 -0.00000000000014230 14456690.66424839943647385 0.00000000000006536 387855.67515507689677179
0.00000000000000000 -0.00000000000013653 14371179.53190645202994347 0.00000000000006552 428008.23815203201957047
0.00000000000000000 -0.00000000000013080 14280464.02252688631415367 0.00000000000006570 472553.75997861340874806
0.00000000000000000 -0.00000000000012511 14184217.08885177783668041 0.00000000000006590 522068.83048106468049809
0.00000000000000000 -0.00000000000011945 14082114.43944025970995426 0.00000000000006612 577209.56091781798750162
0.00000000000000000 -0.00000000000011384 13973844.99207087606191635 0.00000000000006636 638720.33992716600187123
0.00000000000000000 -0.00000000000010827 13859125.14207309484481812 0.00000000000006663 707442.08978168002795428
0.00000000000000000 -0.00000000000010276 13737717.75923041440546513 0.00000000000006693 784319.11098571307957172
0.00000000000000000 -0.00000000000009729 13609456.87251614406704903 0.00000000000006726 870403.16742932773195207
0.00000000000000000 -0.00000000000009187 13474278.92843141593039036 0.00000000000006763 966852.90792558121029288
0.00000000000000000 -0.00000000000008651 13332261.22692744806408882 0.00000000000006803 1074926.05599072854965925
0.00000000000000000 -0.00000000000008120 13183667.52906331233680248 0.00000000000006849 1195961.08540958934463561
0.00000000000000000 -0.00000000000007596 13028999.75173661857843399 0.00000000000006899 1331344.46624267240986228
0.00000000000000000 -0.00000000000007078 12869052.98643116466701031 0.00000000000006956 1482459.25544381327927113
0.00000000000000000 -0.00000000000006567 12704968.74773105606436729 0.00000000000007018 1650611.19316726480610669
0.00000000000000000 -0.00000000000006062 12538278.50873997248709202 0.00000000000007088 1836930.04460403928533196
0.00000000000000000 -0.00000000000005564 12370926.68236922845244408 0.00000000000007165 2042247.21160550438798964
0.00000000000000000 -0.00000000000005072 12205260.18112086690962315 0.00000000000007251 2266955.92806413164362311
0.00000000000000000 -0.00000000000004587 12043971.88952006027102470 0.00000000000007347 2510867.35997554427012801
0.00000000000000000 -0.00000000000004108 11889989.28662183135747910 0.00000000000007453 2773083.37190445559099317
0.00000000000000000 -0.00000000000003636 11746307.94261005707085133 0.00000000000007569 3051912.14977350272238255
0.00000000000000000 -0.00000000000003169 11615782.01887328177690506 0.00000000000007697 3344853.13066519703716040
0.00000000000000000 -0.00000000000002706 11500897.34842700511217117 0.00000000000007837 3648670.21652145404368639
0.00000000000000000 -0.00000000000002248 11403562.45218329504132271 0.00000000000007989 3959556.84891911782324314
0.00000000000000000 -0.00000000000001794 11324954.22522942535579205 0.00000000000008154 4273376.59040190093219280
0.00000000000000000 -0.00000000000001342 11265445.86083336174488068 0.00000000000008331 4585944.76549162156879902
0.00000000000000000 -0.00000000000000892 11224627.06026448495686054 0.00000000000008520 4893307.11483653355389833
0.00000000000000000 -0.00000000000000444 11201406.63337610103189945 0.00000000000008722 5191973.84699794743210077
0.00000000000000000 0.00000000000000004 11194172.03157472051680088 0.00000000000008936 5479080.50876989588141441
0.00000000000000000 0.00000000000000452 11200973.55536365322768688 0.00000000000009160 5752465.32241240516304970
0.00000000000000000 0.00000000000000900 11219703.29040156491100788 0.00000000000009396 6010669.64722834154963493
0.00000000000000000 0.00000000000001350 11248247.30450313910841942 0.00000000000009641 6252879.52971289772540331
0.00000000000000000 0.00000000000001800 11284600.16279023513197899 0.00000000000009896 6478830.59448042046278715
0.00000000000000000 0.00000000000002252 11326940.04071727395057678 0.00000000000010159 6688697.08062252029776573
0.00000000000000000 0.00000000000002706 11373668.94245138205587864 0.00000000000010430 6882981.09378140605986118
0.00000000000000000 0.00000000000003162 11423425.58916496485471725 0.00000000000010709 7062412.45228178799152374
0.00000000000000000 0.00000000000003620 11475079.13756689243018627 0.00000000000010995 7227864.41026525106281042
0.00000000000000000 0.00000000000004080 11527710.99184636399149895 0.00000000000011287 7380286.74603510648012161
0.00000000000000000 0.00000000000004543 11580590.42060402221977711 0.00000000000011586 7520655.29608652368187904
0.00000000000000000 0.00000000000005007 11633148.04863369837403297 0.00000000000011889 7649935.75563117302954197
0.00000000000000000 0.00000000000005473 11684949.86247735470533371 0.00000000000012197 7769059.11485674139112234
0.00000000000000000 0.00000000000005942 11735673.25953739881515503 0.00000000000012510 7878906.14254086650907993
0.00000000000000000 0.00000000000006412 11785085.88317790068686008 0.00000000000012828 7980298.62652491126209497
0.00000000000000000 0.00000000000006884 11833027.46937366761267185 0.00000000000013149 8073995.47593673411756754
0.00000000000000000 0.00000000000007359 11879394.61839526891708374 0.00000000000013473 8160692.19035653676837683
0.00000000000000000 0.00000000000007835 11924128.23658141680061817 0.00000000000013801 8241022.55964263994246721
0.00000000000000000 0.00000000000008313 11967203.31913281604647636 0.00000000000014133 8315561.75692018866539001
0.00000000000000000 0.00000000000008792 12008620.72869094647467136 0.00000000000014467 8384830.22449888475239277
0.00000000000000000 0.00000000000009273 12048400.64111194200813770 0.00000000000014803 8449297.93435661308467388
0.00000000000000000 0.00000000000009756 12086577.36288498155772686 0.00000000000015143 8509388.74042595550417900
0.00000000000000000 0.00000000000010240 12123195.26391021721065044 0.00000000000015484 8565484.63869308680295944
0.00000000000000000 0.00000000000010726 12158305.60893564671278000 0.00000000000015828 8617929.82156149484217167
0.00000000000000000 0.00000000000011213 12191964.10771427489817142 0.00000000000016173 8667034.46213587187230587
0.00000000000000000 0.00000000000011701 12224229.03645767830312252 0.00000000000016521 8713078.19768410176038742
0.00000000000000000 0.00000000000012191 12255159.81101809628307819 0.00000000000016870 8756313.30387882515788078
0.00000000000000000 0.00000000000012682 12284815.91557539254426956 0.00000000000017222 8796967.56576690636575222
0.00000000000000000 0.00000000000013173 12313256.10986127518117428 0.00000000000017574 8835246.86017159931361675
0.00000000000000000 0.00000000000013667 12340537.85365306399762630 0.00000000000017928 8871337.46914605423808098
0.00000000000000000 0.00000000000014161 12366716.89995869062840939 0.00000000000018284 8905408.14642105065286160
0.00000000000000000 0.00000000000014656 12391847.01850330643355846 0.00000000000018641 8937611.95941172726452351
0.00000000000000000 0.00000000000015152 12415979.81926730088889599 0.00000000000018999 8968087.92888834327459335
0.00000000000000000 0.00000000000015649 12439164.65230260230600834 0.00000000000019358 8996962.48730331286787987
0.00000000000000000 0.00000000000016147 12461448.56519251316785812 0.00000000000019719 9024350.77529251016676426
0.00000000000000000 0.00000000000016646 12482876.30358693934977055 0.00000000000020080 9050357.79422781430184841
0.00000000000000000 0.00000000000017146 12503490.34345672279596329 0.00000000000020443 9075079.43101697042584419
0.00000000000000000 0.00000000000017646 12523330.94624349288642406 0.00000000000020806 9098603.36970585584640503
0.00000000000000000 0.00000000000018148 12542436.23007542826235294 0.00000000000021170 9121009.90288494713604450
0.00000000000000000 0.00000000000018650 12560842.25178713351488113 0.00000000000021536 9142372.65446203015744686
0.00000000000000000 0.00000000000019153 12578583.09571264125406742 0.00000000000021902 9162759.22404845058917999
0.00000000000000000 0.00000000000019656 12595690.96618540398776531 0.00000000000022269 9182231.76201876252889633
0.00000000000000000 0.00000000000020160 12612196.28143410384654999 0.00000000000022636 9200847.48323968425393105
0.00000000000000000 0.00000000000020665 12628127.76715268194675446 0.00000000000023005 9218659.12651686184108257
0.00000000000000000 0.00000000000021170 12643512.54848217591643333 0.00000000000023374 9235715.36596812680363655
0.00000000000000000 0.00000000000021676 12658376.23949862085282803 0.00000000000023744 9252061.17979003302752972
0.00000000000000000 0.00000000000022183 12672743.02957708574831486 0.00000000000024114 9267738.18123074248433113
0.00000000000000000 0.00000000000022690 12686635.76621439494192600 0.00000000000024485 9282784.91600741446018219
0.00000000000000000 0.00000000000023198 12700076.03405564837157726 0.00000000000024857 9297237.12990122288465500
0.00000000000000000 0.00000000000023706 12713084.22999312542378902 0.00000000000025229 9311128.00981997326016426
0.00000000000000000 0.00000000000024215 12725679.63429911062121391 0.00000000000025602 9324488.40122950635850430
0.00000000000000000 0.00000000000024724 12737880.47782308608293533 0.00000000000025975 9337347.00451419875025749
0.00000000000000000 0.00000000000025234 12749704.00533412210643291 0.00000000000026349 9349730.55252786539494991
0.00000000000000000 0.00000000000025744 12761166.53512511402368546 0.00000000000026723 9361663.97133407741785049
0.00000000000000000 0.00000000000026255 12772283.51502018608152866 0.00000000000027097 9373170.52590478770434856
0.00000000000000000 0.00000000000026766 12783069.57494256831705570 0.00000000000027473 9384271.95234403759241104
0.00000000000000000 0.00000000000027278 12793538.57620970346033573 0.00000000000027848 9394988.57802599295973778
