0.00000000000000000 -0.00000000000029375 15606083.67351505160331726 0.00000000000013000 8555.64751807524226024
0.00000000000000000 -0.00000000000028752 15585911.13941327668726444 0.00000000000013001 17579.93396871294680750
0.00000000000000000 -0.00000000000028128 15565076.46360171213746071 0.00000000000013002 27105.29672514760022750
0.00000000000000000 -0.00000000000027506 15543552.79497916251420975 0.00000000000013003 37166.77892887023335788
0.00000000000000000 -0.00000000000026885 15521312.37656147032976151 0.00000000000013005 47802.25373029439651873
0.00000000000000000 -0.00000000000026265 15498326.58389468118548393 0.00000000000013007 59052.66668692926759832
0.00000000000000000 -0.00000000000025645 15474565.98171018436551094 0.00000000000013009 70962.29713932528102305
0.00000000000000000 -0.00000000000025027 15450000.40265019424259663 0.00000000000013012 83579.03920016379561275
0.00000000000000000 -0.00000000000024409 15424599.05254973471164703 0.00000000000013016 96954.70272020369884558
0.00000000000000000 -0.00000000000023793 15398330.64750973135232925 0.00000000000013020 111145.33421177878335584
0.00000000000000000 -0.00000000000023177 15371163.58884011395275593 0.00000000000013025 126211.55718597579107154
0.00000000000000000 -0.00000000000022563 15343066.18289445526897907 0.00000000000013030 142218.93065683133318089
0.00000000000000000 -0.00000000000021950 15314006.91385615244507790 0.00000000000013036 159238.32364077065722086
0.00000000000000000 -0.00000000000021338 15283954.77866149134933949 0.00000000000013043 177346.30227976263267919
0.00000000000000000 -0.00000000000020727 15252879.69443777762353420 0.00000000000013050 196625.52468120126286522
0.00000000000000000 -0.00000000000020118 15220752.99006171338260174 0.00000000000013059 217165.13662642630515620
0.00000000000000000 -0.00000000000019510 15187547.99465182237327099 0.00000000000013068 239061.15887507778825238
0.00000000000000000 -0.00000000000018903 15153240.73692037723958492 0.00000000000013078 262416.85380015498958528
0.00000000000000000 -0.00000000000018297 15117810.77021295204758644 0.00000000000013089 287343.05544279533205554
0.00000000000000000 -0.00000000000017693 15081242.13860231079161167 0.00000000000013101 313958.44269543170230463
0.00000000000000000 -0.00000000000017091 15043524.49936965666711330 0.00000000000013114 342389.73014198214514181
0.00000000000000000 -0.00000000000016490 15004654.41632850654423237 0.00000000000013128 372771.74507091683335602
0.00000000000000000 -0.00000000000015890 14964636.83637954480946064 0.00000000000013144 405247.35235323791857809
0.00000000000000000 -0.00000000000015293 14923486.75800431333482265 0.00000000000013161 439967.18135064648231491
0.00000000000000000 -0.00000000000014697 14881231.09460851363837719 0.00000000000013179 477089.10102448001271114
0.00000000000000000 -0.00000000000014102 14837910.72714239545166492 0.00000000000013199 516777.38136586773907766
0.00000000000000000 -0.00000000000013510 14793582.72865164093673229 0.00000000000013220 559201.47181060223374516
0.00000000000000000 -0.00000000000012919 14748322.72776505909860134 0.00000000000013244 604534.32138564996421337
0.00000000000000000 -0.00000000000012330 14702227.35814022272825241 0.00000000000013269 652950.16226073098368943
0.00000000000000000 -0.00000000000011743 14655416.71635635755956173 0.00000000000013296 704621.67984223947860301
0.00000000000000000 -0.00000000000011157 14608036.72190282307565212 0.00000000000013325 759716.50062534504104406
0.00000000000000000 -0.00000000000010574 14560261.24068254046142101 0.00000000000013357 818392.94608930661343038
0.00000000000000000 -0.00000000000009992 14512293.79970286041498184 0.00000000000013391 880795.02945612114854157
0.00000000000000000 -0.00000000000009413 14464368.68843532912433147 0.00000000000013427 947046.71435608190950006
0.00000000000000000 -0.00000000000008835 14416751.21613981947302818 0.00000000000013467 1017245.51179347699508071
0.00000000000000000 -0.00000000000008260 14369736.88008103519678116 0.00000000000013509 1091455.56422754609957337
0.00000000000000000 -0.00000000000007686 14323649.20387431047856808 0.00000000000013554 1169700.45070985378697515
0.00000000000000000 -0.00000000000007114 14278836.03533626534044743 0.00000000000013602 1251956.03937031328678131
0.00000000000000000 -0.00000000000006543 14235664.15538089722394943 0.00000000000013654 1338143.80399228539317846
0.00000000000000000 -0.00000000000005975 14194512.14721977710723877 0.00000000000013710 1428125.09721815795637667
0.00000000000000000 -0.00000000000005408 14155761.60729996860027313 0.00000000000013769 1521696.91864856588654220
0.00000000000000000 -0.00000000000004842 14119786.93857205472886562 0.00000000000013831 1618589.71567096584476531
0.00000000000000000 -0.00000000000004278 14086944.13804364390671253 0.00000000000013898 1718467.69470945466309786
0.00000000000000000 -0.00000000000003715 14057559.15261504985392094 0.00000000000013969 1820931.99346935679204762
0.00000000000000000 -0.00000000000003154 14031916.50415672361850739 0.00000000000014044 1925526.87331443885341287
0.00000000000000000 -0.00000000000002593 14010248.95112930051982403 0.00000000000014123 2031748.84996909461915493
0.00000000000000000 -0.00000000000002033 13992728.94008807092905045 0.00000000000014206 2139058.41696617659181356
0.00000000000000000 -0.00000000000001473 13979462.49781207181513309 0.00000000000014294 2246893.76481204153969884
0.00000000000000000 -0.00000000000000914 13970486.03013426996767521 0.00000000000014386 2354685.69707708992063999
0.00000000000000000 -0.00000000000000356 13965766.24860473535954952 0.00000000000014482 2461872.82438224554061890
0.00000000000000000 0.00000000000000203 13965203.17432395741343498 0.00000000000014583 2567916.09772041579708457
0.00000000000000000 0.00000000000000762 13968635.90806023404002190 0.00000000000014688 2672311.82584712933748960
0.00000000000000000 0.00000000000001321 13975850.64256515167653561 0.00000000000014797 2774602.49234632821753621
0.00000000000000000 0.00000000000001880 13986590.25229569524526596 0.00000000000014910 2874384.91764102736487985
0.00000000000000000 0.00000000000002440 14000564.73884851299226284 0.00000000000015027 2971315.56407164596021175
0.00000000000000000 0.00000000000003000 14017461.83394932374358177 0.00000000000015147 3065113.02333105728030205
0.00000000000000000 0.00000000000003561 14036957.15060060098767281 0.00000000000015272 3155557.92719184001907706
0.00000000000000000 0.00000000000004123 14058723.40476094372570515 0.00000000000015400 3242490.66751511860638857
0.00000000000000000 0.00000000000004686 14082438.38081551715731621 0.00000000000015531 3325807.39442264055833220
0.00000000000000000 0.00000000000005250 14107791.46293210424482822 0.00000000000015666 3405454.78646525181829929
0.00000000000000000 0.00000000000005814 14134488.68548625707626343 0.00000000000015804 3481424.06449611298739910
0.00000000000000000 0.00000000000006380 14162256.35981353744864464 0.00000000000015944 3553744.66577441617846489
0.00000000000000000 0.00000000000006947 14190843.40828417055308819 0.00000000000016088 3622477.92075705248862505
0.00000000000000000 0.00000000000007516 14220022.58136929757893085 0.00000000000016234 3687710.99433587584644556
0.00000000000000000 0.00000000000008085 14249590.75319380871951580 0.00000000000016383 3749551.27521761693060398
0.00000000000000000 0.00000000000008656 14279368.49166217260062695 0.00000000000016534 3808121.32778268633410335
0.00000000000000000 0.00000000000009227 14309199.08641510270535946 0.00000000000016687 3863554.46328628854826093
0.00000000000000000 0.00000000000009800 14338947.19685868918895721 0.00000000000016843 3915990.94262308953329921
0.00000000000000000 0.00000000000010374 14368497.25755107775330544 0.00000000000017001 3965574.79046165943145752
0.00000000000000000 0.00000000000010950 14397751.75248116068542004 0.00000000000017160 4012451.17885098000988364
0.00000000000000000 0.00000000000011526 14426629.44534608349204063 0.00000000000017322 4056764.32548041921108961
0.00000000000000000 0.00000000000012104 14455063.63108612596988678 0.00000000000017485 4098655.84564820816740394
0.00000000000000000 0.00000000000012683 14483000.45526554062962532 0.00000000000017649 4138263.49582993658259511
0.00000000000000000 0.00000000000013263 14510397.33253146149218082 0.00000000000017816 4175720.24897507950663567
0.00000000000000000 0.00000000000013843 14537221.48317793756723404 0.00000000000017983 4211153.64603953249752522
0.00000000000000000 0.00000000000014425 14563448.59745671786367893 0.00000000000018153 4244685.37382622063159943
0.00000000000000000 0.00000000000015009 14589061.63030310161411762 0.00000000000018323 4276431.02525704726576805
0.00000000000000000 0.00000000000015593 14614049.72416190803050995 0.00000000000018495 4306500.00425781309604645
0.00000000000000000 0.00000000000016178 14638407.25420732051134109 0.00000000000018668 4334995.54319380316883326
0.00000000000000000 0.00000000000016764 14662132.98809720017015934 0.00000000000018841 4362014.80606603063642979
0.00000000000000000 0.00000000000017351 14685229.35118589736521244 0.00000000000019016 4387649.05537739023566246
0.00000000000000000 0.00000000000017938 14707701.78759173117578030 0.00000000000019192 4411983.86467805411666632
0.00000000000000000 0.00000000000018527 14729558.20747722499072552 0.00000000000019369 4435099.36231557466089725
0.00000000000000000 0.00000000000019117 14750808.51119693741202354 0.00000000000019547 4457070.49488714709877968
0.00000000000000000 0.00000000000019707 14771464.18148073926568031 0.00000000000019726 4477967.30137257277965546
0.00000000000000000 0.00000000000020299 14791537.93546144664287567 0.00000000000019906 4497855.19097499735653400
0.00000000000000000 0.00000000000020891 14811043.42906047776341438 0.00000000000020086 4516795.21937096398323774
0.00000000000000000 0.00000000000021483 14829995.00696825981140137 0.00000000000020267 4534844.35942712146788836
0.00000000000000000 0.00000000000022077 14848407.49216639064252377 0.00000000000020449 4552055.76352860592305660
0.00000000000000000 0.00000000000022671 14866296.00961575843393803 0.00000000000020631 4568479.01552858576178551
0.00000000000000000 0.00000000000023266 14883675.83936676383018494 0.00000000000020814 4584160.37100881338119507
0.00000000000000000 0.00000000000023862 14900562.29492792300879955 0.00000000000020998 4599142.98507076874375343
0.00000000000000000 0.00000000000024458 14916970.62325492501258850 0.00000000000021182 4613467.12728446908295155
0.00000000000000000 0.00000000000025055 14932915.92319414019584656 0.00000000000021367 4627170.38373094331473112
0.00000000000000000 0.00000000000025653 14948413.07963452115654945 0.00000000000021552 4640287.84630447719246149
0.00000000000000000 0.00000000000026251 14963476.71099321916699409 0.00000000000021738 4652852.28960815258324146
0.00000000000000000 0.00000000000026850 14978121.12798672914505005 0.00000000000021924 4664894.33589424658566713
0.00000000000000000 0.00000000000027449 14992360.30192519910633564 0.00000000000022111 4676442.60858043842017651
0.00000000000000000 0.00000000000028049 15006207.84101665951311588 0.00000000000022298 4687523.87492220662534237
0.00000000000000000 0.00000000000028650 15019676.97338447161018848 0.00000000000022486 4698163.17844828218221664
0.00000000000000000 0.00000000000029251 15032780.53568888641893864 0.00000000000022674 4708383.96177507750689983
0.00000000000000000 0.00000000000029853 15045530.96640579774975777 0.00000000000022863 4718208.18041215557605028
0.00000000000000000 0.00000000000030455 15057940.30295564047992229 0.00000000000023052 4727656.40815743897110224
0.00000000000000000 0.00000000000031057 15070020.18199585005640984 0.00000000000023241 4736747.93466080725193024
0.00000000000000000 0.00000000000031660 15081781.84229381754994392 0.00000000000023431 4745500.85571009013801813
0.00000000000000000 0.00000000000032264 15093236.12968613766133785 0.00000000000023621 4753932.15676589775830507
0.00000000000000000 0.00000000000032868 15104393.50370611250400543 0.00000000000023811 4762057.79024252202361822
0.00000000000000000 0.00000000000033472 15115264.04552667401731014 0.00000000000024002 4769892.74700219836086035
0.00000000000000000 0.00000000000034077 15125857.46692167408764362 0.00000000000024193 4777451.12250013276934624
0.00000000000000000 0.00000000000034682 15136183.11999607831239700 0.00000000000024384 4784746.17798831313848495
