0.00000000000000000 -0.00000000000029375 15614799.69565474800765514 0.00000000000026000 9476.89565346213385055
0.00000000000000000 -0.00000000000028751 15603821.56341667845845222 0.00000000000026001 19298.83118079585256055
0.00000000000000000 -0.00000000000028127 15592687.83434857428073883 0.00000000000026002 29478.91316225618356839
0.00000000000000000 -0.00000000000027503 15581401.32858310639858246 0.00000000000026003 40030.58416666434641229
0.00000000000000000 -0.00000000000026880 15569965.49436099268496037 0.00000000000026005 50967.60308858152711764
0.00000000000000000 -0.00000000000026258 15558384.46187592111527920 0.00000000000026007 62304.02055093689705245
0.00000000000000000 -0.00000000000025636 15546663.09946151450276375 0.00000000000026010 74054.14881297542888205
0.00000000000000000 -0.00000000000025014 15534807.07188922539353371 0.00000000000026013 86232.52559573992039077
0.00000000000000000 -0.00000000000024393 15522822.90046919882297516 0.00000000000026017 98853.87121510972792748
0.00000000000000000 -0.00000000000023772 15510718.02455865032970905 0.00000000000026021 111933.03839762083953246
0.00000000000000000 -0.00000000000023152 15498500.86398386023938656 0.00000000000026026 125484.95414912313572131
0.00000000000000000 -0.00000000000022532 15486180.88177234120666981 0.00000000000026031 139524.55305333132855594
0.00000000000000000 -0.00000000000021913 15473768.64647148549556732 0.00000000000026037 154066.70139932938036509
0.00000000000000000 -0.00000000000021294 15461275.89319974929094315 0.00000000000026043 169126.11157719124457799
0.00000000000000000 -0.00000000000020676 15448715.58243753574788570 0.00000000000026051 184717.24624239350669086
0.00000000000000000 -0.00000000000020059 15436101.95541941747069359 0.00000000000026058 200854.21183605986880139
0.00000000000000000 -0.00000000000019441 15423450.58483997359871864 0.00000000000026067 217550.64116274649859406
0.00000000000000000 -0.00000000000018825 15410778.41943608596920967 0.00000000000026076 234819.56487377113080584
0.00000000000000000 -0.00000000000018209 15398103.82086368650197983 0.00000000000026085 252673.27188498585019261
0.00000000000000000 -0.00000000000017593 15385446.59115254878997803 0.00000000000026096 271123.15897579526063055
0.00000000000000000 -0.00000000000016978 15372827.98890558443963528 0.00000000000026107 290179.57007266179425642
0.00000000000000000 -0.00000000000016363 15360270.73231728374958038 0.00000000000026119 309851.62601565622026101
0.00000000000000000 -0.00000000000015749 15347798.98702816851437092 0.00000000000026132 330147.04593959276098758
0.00000000000000000 -0.00000000000015135 15335438.33681830205023289 0.00000000000026145 351071.96176879078848287
0.00000000000000000 -0.00000000000014522 15323215.73518291674554348 0.00000000000026160 372630.72772110300138593
0.00000000000000000 -0.00000000000013909 15311159.43593730963766575 0.00000000000026175 394825.72713449056027457
0.00000000000000000 -0.00000000000013297 15299298.90117592737078667 0.00000000000026192 417657.17935719748493284
0.00000000000000000 -0.00000000000012685 15287664.68517026118934155 0.00000000000026209 441122.94986655889078975
0.00000000000000000 -0.00000000000012074 15276288.29313825815916061 0.00000000000026227 465218.36718479491537437
0.00000000000000000 -0.00000000000011463 15265202.01425781473517418 0.00000000000026246 489936.05052319960668683
0.00000000000000000 -0.00000000000010853 15254438.72882826998829842 0.00000000000026266 515265.75238713249564171
0.00000000000000000 -0.00000000000010243 15244031.69010169431567192 0.00000000000026287 541194.22058995347470045
0.00000000000000000 -0.00000000000009633 15234014.28199998103082180 0.00000000000026309 567705.08423097559716552
0.00000000000000000 -0.00000000000009024 15224419.75468806922435760 0.00000000000026333 594778.76816817873623222
0.00000000000000000 -0.00000000000008415 15215280.94076597318053246 0.00000000000026357 622392.44034102768637240
0.00000000000000000 -0.00000000000007807 15206629.95564481429755688 0.00000000000026382 650519.99595689796842635
0.00000000000000000 -0.00000000000007199 15198497.88645162992179394 0.00000000000026409 679132.08203718811273575
0.00000000000000000 -0.00000000000006591 15190914.47452769055962563 0.00000000000026437 708196.16512492240872234
0.00000000000000000 -0.00000000000005984 15183907.79720665886998177 0.00000000000026466 737676.64409250719472766
0.00000000000000000 -0.00000000000005376 15177503.95504341274499893 0.00000000000026496 767535.00897441315464675
0.00000000000000000 -0.00000000000004769 15171726.77097625285387039 0.00000000000026527 797730.04561336676124483
0.00000000000000000 -0.00000000000004163 15166597.50801401026546955 0.00000000000026560 828218.08468841167632490
0.00000000000000000 -0.00000000000003556 15162134.61192356050014496 0.00000000000026593 858953.29243559262249619
0.00000000000000000 -0.00000000000002950 15158353.48504060320556164 0.00000000000026628 889887.99912984250113368
0.00000000000000000 -0.00000000000002343 15155266.29673830233514309 0.00000000000026665 920973.06022595183458179
0.00000000000000000 -0.00000000000001737 15152881.83527812734246254 0.00000000000026702 952158.24401303508784622
0.00000000000000000 -0.00000000000001131 15151205.40476202592253685 0.00000000000026741 983392.63877246004994959
0.00000000000000000 -0.00000000000000525 15150238.76974362879991531 0.00000000000026781 1014625.07178790576290339
0.00000000000000000 0.00000000000000081 15149980.14878722280263901 0.00000000000026822 1045804.53217133332509547
0.00000000000000000 0.00000000000000687 15150424.25694210268557072 0.00000000000026864 1076880.58936010091565549
0.00000000000000000 0.00000000000001293 15151562.39578530006110668 0.00000000000026908 1107803.79931330122053623
0.00000000000000000 0.00000000000001899 15153382.58843558654189110 0.00000000000026953 1138526.09087950270622969
0.00000000000000000 0.00000000000002505 15155869.75580963678658009 0.00000000000026999 1169001.12549894186668098
0.00000000000000000 0.00000000000003112 15159005.92942306771874428 0.00000000000027046 1199184.62430387013591826
0.00000000000000000 0.00000000000003718 15162770.49527003988623619 0.00000000000027095 1229034.65774461161345243
0.00000000000000000 0.00000000000004325 15167140.46276819892227650 0.00000000000027145 1258511.89404306025244296
0.00000000000000000 0.00000000000004931 15172090.75244110263884068 0.00000000000027196 1287579.80400443146936595
0.00000000000000000 0.00000000000005538 15177594.49592519551515579 0.00000000000027248 1316204.82094767643138766
0.00000000000000000 0.00000000000006146 15183623.34201886132359505 0.00000000000027301 1344356.45569496694952250
0.00000000000000000 0.00000000000006753 15190147.76281329616904259 0.00000000000027355 1372007.36764785880222917
0.00000000000000000 0.00000000000007361 15197137.35442809201776981 0.00000000000027411 1399133.39393772138282657
0.00000000000000000 0.00000000000007969 15204561.12748303450644016 0.00000000000027467 1425713.53944615344516933
0.00000000000000000 0.00000000000008577 15212387.78313426487147808 0.00000000000027525 1451729.93113285861909389
0.00000000000000000 0.00000000000009186 15220585.97125080227851868 0.00000000000027583 1477167.74057882628403604
0.00000000000000000 0.00000000000009795 15229124.52807180397212505 0.00000000000027643 1502015.07895521563477814
0.00000000000000000 0.00000000000010404 15237972.69143564254045486 0.00000000000027704 1526262.86877372371964157
0.00000000000000000 0.00000000000011014 15247100.29238318279385567 0.00000000000027765 1549904.69677850464358926
0.00000000000000000 0.00000000000011624 15256477.92259001545608044 0.00000000000027828 1572936.65222267736680806
0.00000000000000000 0.00000000000012234 15266077.07766145840287209 0.00000000000027891 1595357.15455597057007253
0.00000000000000000 0.00000000000012845 15275870.27682129666209221 0.00000000000027955 1617166.77425652672536671
0.00000000000000000 0.00000000000013456 15285831.15993660129606724 0.00000000000028020 1638368.05019114818423986
0.00000000000000000 0.00000000000014068 15295934.56314684264361858 0.00000000000028086 1658965.30650453059934080
0.00000000000000000 0.00000000000014680 15306156.57460960000753403 0.00000000000028153 1678964.47163730510510504
0.00000000000000000 0.00000000000015293 15316474.57204359211027622 0.00000000000028220 1698372.90167032554745674
0.00000000000000000 0.00000000000015905 15326867.24385046958923340 0.00000000000028289 1717199.20980115910060704
0.00000000000000000 0.00000000000016519 15337314.59563872590661049 0.00000000000028358 1735453.10338788502849638
0.00000000000000000 0.00000000000017132 15347797.94396545737981796 0.00000000000028428 1753145.22965219570323825
0.00000000000000000 0.00000000000017747 15358299.89906393736600876 0.00000000000028498 1770287.03082314273342490
0.00000000000000000 0.00000000000018361 15368804.33824570477008820 0.00000000000028569 1786890.60922733461484313
0.00000000000000000 0.00000000000018976 15379296.37156324647367001 0.00000000000028641 1802968.60259190690703690
0.00000000000000000 0.00000000000019591 15389762.30120060965418816 0.00000000000028713 1818534.06962270406074822
0.00000000000000000 0.00000000000020207 15400189.57593057490885258 0.00000000000028787 1833600.38575033308006823
0.00000000000000000 0.00000000000020823 15410566.74184357933700085 0.00000000000028860 1848181.14879882498644292
0.00000000000000000 0.00000000000021440 15420883.39041977934539318 0.00000000000028934 1862290.09422279894351959
0.00000000000000000 0.00000000000022057 15431130.10488473623991013 0.00000000000029009 1875941.01947623817250133
0.00000000000000000 0.00000000000022675 15441298.40566380508244038 0.00000000000029084 1889147.71701608621515334
0.00000000000000000 0.00000000000023292 15451380.69563234411180019 0.00000000000029160 1901923.91540373512543738
0.00000000000000000 0.00000000000023911 15461370.20574939996004105 0.00000000000029237 1914283.22794408816844225
0.00000000000000000 0.00000000000024529 15471260.94156251475214958 0.00000000000029313 1926239.10829243320040405
0.00000000000000000 0.00000000000025148 15481047.63098089210689068 0.00000000000029391 1937804.81246127816848457
0.00000000000000000 0.00000000000025768 15490725.67363343015313148 0.00000000000029468 1948993.36667027277871966
0.00000000000000000 0.00000000000026388 15500291.09205684438347816 0.00000000000029547 1959817.54050033795647323
0.00000000000000000 0.00000000000027008 15509740.48489677906036377 0.00000000000029625 1970289.82483637030236423
0.00000000000000000 0.00000000000027628 15519070.98225090093910694 0.00000000000029704 1980422.41410989407449961
0.00000000000000000 0.00000000000028249 15528280.20323687605559826 0.00000000000029784 1990227.19238251214846969
0.00000000000000000 0.00000000000028871 15537366.21582911908626556 0.00000000000029863 1999715.72284192475490272
0.00000000000000000 0.00000000000029492 15546327.49897560663521290 0.00000000000029944 2008899.24031378678046167
0.00000000000000000 0.00000000000030114 15555162.90697918646037579 0.00000000000030024 2017788.64642407908104360
0.00000000000000000 0.00000000000030737 15563871.63610598817467690 0.00000000000030105 2026394.50707744760438800
0.00000000000000000 0.00000000000031359 15572453.19336615689098835 0.00000000000030186 2034727.05194672127254307
0.00000000000000000 0.00000000000031983 15580907.36739861406385899 0.00000000000030268 2042796.17569725541397929
0.00000000000000000 0.00000000000032606 15589234.20138129033148289 0.00000000000030350 2050611.44069665786810219
0.00000000000000000 0.00000000000033230 15597433.96788091398775578 0.00000000000030432 2058182.08098571933805943
0.00000000000000000 0.00000000000033854 15605507.14555140957236290 0.00000000000030514 2065517.00730991223827004
0.00000000000000000 0.00000000000034478 15613454.39758692681789398 0.00000000000030597 2072624.81303261290304363
0.00000000000000000 0.00000000000035103 15621276.55183420702815056 0.00000000000030680 2079513.78077127481810749
0.00000000000000000 0.00000000000035728 15628974.58246893808245659 0.00000000000030763 2086191.88961615902371705
0.00000000000000000 0.00000000000036353 15636549.59314187429845333 0.00000000000030847 2092666.82280798489227891
0.00000000000000000 0.00000000000036979 15644002.80150241591036320 0.00000000000030931 2098945.97576607484370470
0.00000000000000000 0.00000000000037605 15651335.52501000650227070 0.00000000000031015 2105036.46437232429161668
