0.00000000000000000 -0.00000000000029375 15600312.19060284085571766 0.00000000000001600 1364.10821293782169050
0.00000000000000000 -0.00000000000028752 15573910.86103455349802971 0.00000000000001600 2817.76860472922271583
0.00000000000000000 -0.00000000000028130 15546345.72443688288331032 0.00000000000001600 4368.86937046505136095
0.00000000000000000 -0.00000000000027508 15517540.51291765272617340 0.00000000000001600 6026.17193279389903182
0.00000000000000000 -0.00000000000026888 15487412.32842888496816158 0.00000000000001601 7799.42760098537291924
0.00000000000000000 -0.00000000000026269 15455870.92502707615494728 0.00000000000001601 9699.51252038343409367
0.00000000000000000 -0.00000000000025652 15422817.89827947877347469 0.00000000000001602 11738.58420889116860053
0.00000000000000000 -0.00000000000025036 15388145.76788476854562759 0.00000000000001602 13930.26364925887355639
0.00000000000000000 -0.00000000000024421 15351736.93721027486026287 0.00000000000001603 16289.84773104947271349
0.00000000000000000 -0.00000000000023807 15313462.51063672080636024 0.00000000000001603 18834.55785265070517198
0.00000000000000000 -0.00000000000023196 15273180.94625459797680378 0.00000000000001604 21583.83175055264655384
0.00000000000000000 -0.00000000000022586 15230736.51746399700641632 0.00000000000001605 24559.66718293686790275
0.00000000000000000 -0.00000000000021977 15185957.55225856602191925 0.00000000000001606 27787.02803783455237863
0.00000000000000000 -0.00000000000021371 15138654.41326252371072769 0.00000000000001607 31294.32586632841412211
0.00000000000000000 -0.00000000000020766 15088617.17474162019789219 0.00000000000001609 35113.99289254532777704
0.00000000000000000 -0.00000000000020164 15035612.94458818063139915 0.00000000000001610 39283.16639856489200611
0.00000000000000000 -0.00000000000019563 14979382.76940280012786388 0.00000000000001612 43844.50925066605122993
0.00000000000000000 -0.00000000000018965 14919638.04892161302268505 0.00000000000001614 48847.19752015230915276
0.00000000000000000 -0.00000000000018370 14856056.37176685780286789 0.00000000000001616 54348.11404648287862074
0.00000000000000000 -0.00000000000017777 14788276.66736163385212421 0.00000000000001618 60413.29690470725472551
0.00000000000000000 -0.00000000000017187 14715893.54831269942224026 0.00000000000001621 67119.70474897022359073
0.00000000000000000 -0.00000000000016600 14638450.69303749687969685 0.00000000000001623 74557.37780258985003456
0.00000000000000000 -0.00000000000016016 14555433.08927617408335209 0.00000000000001626 82832.09503593342378736
0.00000000000000000 -0.00000000000015435 14466257.92480491474270821 0.00000000000001630 92068.65638304661842994
0.00000000000000000 -0.00000000000014859 14370263.87172814644873142 0.00000000000001634 102414.95577033572772052
0.00000000000000000 -0.00000000000014286 14266698.46512225456535816 0.00000000000001638 114047.05900150869274512
0.00000000000000000 -0.00000000000013717 14154703.22623466700315475 0.00000000000001643 127175.56375180243048817
0.00000000000000000 -0.00000000000013154 14033296.12701641209423542 0.00000000000001648 142053.60173441289225593
0.00000000000000000 -0.00000000000012595 13901350.94108620844781399 0.00000000000001654 158986.95147472486132756
0.00000000000000000 -0.00000000000012042 13757572.98519489169120789 0.00000000000001661 178346.87148752575740218
0.00000000000000000 -0.00000000000011494 13600470.74103715457022190 0.00000000000001669 200586.44684110922389664
0.00000000000000000 -0.00000000000010954 13428322.88800169713795185 0.00000000000001677 226261.47681105748051777
0.00000000000000000 -0.00000000000010420 13239140.42084180936217308 0.00000000000001687 256057.22645093119353987
0.00000000000000000 -0.00000000000009895 13030623.85113276354968548 0.00000000000001698 290822.72450847079744563
0.00000000000000000 -0.00000000000009378 12800116.12521237693727016 0.00000000000001710 331614.70502456981921569
0.00000000000000000 -0.00000000000008871 12544553.03493751958012581 0.00000000000001724 379753.72100214246893302
0.00000000000000000 -0.00000000000008375 12260414.85748829506337643 0.00000000000001741 436895.30494199629174545
0.00000000000000000 -0.00000000000007891 11943686.18300975672900677 0.00000000000001760 505119.09366667759604752
0.00000000000000000 -0.00000000000007420 11589835.97797282412648201 0.00000000000001781 587038.14033938280772418
0.00000000000000000 -0.00000000000006964 11193837.59989930689334869 0.00000000000001807 685928.40936662070453167
0.00000000000000000 -0.00000000000006525 10750259.31879705190658569 0.00000000000001836 805873.33764449576847255
0.00000000000000000 -0.00000000000006105 10253469.76917192153632641 0.00000000000001872 951908.27213715040124953
0.00000000000000000 -0.00000000000005706 9698017.43811388872563839 0.00000000000001913 1130131.87044320581480861
0.00000000000000000 -0.00000000000005330 9079252.13883336074650288 0.00000000000001962 1347723.87776896683499217
0.00000000000000000 -0.00000000000004980 8394245.24693816155195236 0.00000000000002021 1612772.15932833310216665
0.00000000000000000 -0.00000000000004659 7643011.09682895056903362 0.00000000000002092 1933777.13791034440509975
0.00000000000000000 -0.00000000000004370 6829908.65387353952974081 0.00000000000002177 2318697.55896599078550935
0.00000000000000000 -0.00000000000004114 5964906.52531778160482645 0.00000000000002279 2773477.17079476360231638
0.00000000000000000 -0.00000000000003893 5064187.33987088780850172 0.00000000000002400 3300195.22917835041880608
0.00000000000000000 -0.00000000000003709 4149506.87825645320117474 0.00000000000002544 3895296.31986984796822071
0.00000000000000000 -0.00000000000003561 3245998.49662698758766055 0.00000000000002712 4548617.43418490886688232
0.00000000000000000 -0.00000000000003448 2378747.06138860899955034 0.00000000000002908 5243874.51154681388288736
0.00000000000000000 -0.00000000000003370 1569130.28935362631455064 0.00000000000003132 5960752.62831788323819637
0.00000000000000000 -0.00000000000003322 832135.57409810950048268 0.00000000000003385 6678000.06148394569754601
0.00000000000000000 -0.00000000000003302 175395.14345009066164494 0.00000000000003666 7376470.91701770387589931
0.00000000000000000 -0.00000000000003307 -400121.80683390563353896 0.00000000000003975 8041208.81588305626064539
0.00000000000000000 -0.00000000000003333 -898410.57652660785242915 0.00000000000004309 8662233.44470054470002651
0.00000000000000000 -0.00000000000003378 -1326486.62081955769099295 0.00000000000004667 9234242.98221945576369762
0.00000000000000000 -0.00000000000003438 -1692719.13223372609354556 0.00000000000005047 9755699.85397909767925739
0.00000000000000000 -0.00000000000003513 -2005651.63297606422565877 0.00000000000005447 10227737.40022328868508339
0.00000000000000000 -0.00000000000003598 -2273296.33560001151636243 0.00000000000005864 10653165.14968241192400455
0.00000000000000000 -0.00000000000003694 -2502790.47493206849321723 0.00000000000006298 11035691.18006308749318123
0.00000000000000000 -0.00000000000003798 -2700288.98566453764215112 0.00000000000006747 11379375.49993726983666420
0.00000000000000000 -0.00000000000003910 -2870992.06468667462468147 0.00000000000007208 11688278.65382790938019753
0.00000000000000000 -0.00000000000004027 -3019238.39443052932620049 0.00000000000007681 11966255.90728142485022545
0.00000000000000000 -0.00000000000004151 -3148622.03554869908839464 0.00000000000008165 12216851.23925251513719559
0.00000000000000000 -0.00000000000004279 -3262110.07302298443391919 0.00000000000008658 12443255.34311680682003498
0.00000000000000000 -0.00000000000004412 -3362150.03179343929514289 0.00000000000009160 12648302.13875311240553856
0.00000000000000000 -0.00000000000004548 -3450762.92246228922158480 0.00000000000009670 12834486.74848824739456177
0.00000000000000000 -0.00000000000004688 -3529621.38525329949334264 0.00000000000010187 13003994.09066841192543507
0.00000000000000000 -0.00000000000004830 -3600114.10219356743618846 0.00000000000010710 13158731.49923373758792877
0.00000000000000000 -0.00000000000004975 -3663398.29830811172723770 0.00000000000011239 13300361.56416837684810162
0.00000000000000000 -0.00000000000005123 -3720442.26329806819558144 0.00000000000011774 13430333.14694898203015327
0.00000000000000000 -0.00000000000005273 -3772059.68449319805949926 0.00000000000012314 13549909.59910157322883606
0.00000000000000000 -0.00000000000005425 -3818937.34481428842991590 0.00000000000012858 13660193.84409030154347420
0.00000000000000000 -0.00000000000005578 -3861657.48427749238908291 0.00000000000013406 13762150.33757672458887100
0.00000000000000000 -0.00000000000005734 -3900715.88621587073430419 0.00000000000013959 13856624.10617295652627945
0.00000000000000000 -0.00000000000005891 -3936536.54363248404115438 0.00000000000014515 13944357.14875409379601479
0.00000000000000000 -0.00000000000006049 -3969483.58960240753367543 0.00000000000015074 14026002.51005556620657444
0.00000000000000000 -0.00000000000006208 -3999871.03602646617218852 0.00000000000015637 14102136.32994756475090981
0.00000000000000000 -0.00000000000006369 -4027970.75301235215738416 0.00000000000016202 14173268.14925554022192955
0.00000000000000000 -0.00000000000006530 -4054019.03205718006938696 0.00000000000016771 14239849.72355270944535732
0.00000000000000000 -0.00000000000006693 -4078222.00569924246519804 0.00000000000017342 14302282.56524242460727692
0.00000000000000000 -0.00000000000006856 -4100760.14065879350528121 0.00000000000017915 14360924.40429933555424213
0.00000000000000000 -0.00000000000007021 -4121791.97760254843160510 0.00000000000018490 14416094.73062882199883461
0.00000000000000000 -0.00000000000007186 -4141457.25604224298149347 0.00000000000019068 14468079.55667743086814880
0.00000000000000000 -0.00000000000007352 -4159879.53552264161407948 0.00000000000019648 14517135.51775912754237652
0.00000000000000000 -0.00000000000007519 -4177168.40259898360818624 0.00000000000020229 14563493.40938356518745422
0.00000000000000000 -0.00000000000007686 -4193421.33591763768345118 0.00000000000020813 14607361.24539900384843349
0.00000000000000000 -0.00000000000007854 -4208725.28803563490509987 0.00000000000021398 14648926.90766976587474346
0.00000000000000000 -0.00000000000008023 -4223158.03169511537998915 0.00000000000021985 14688360.44697307422757149
0.00000000000000000 -0.00000000000008192 -4236789.30952290445566177 0.00000000000022573 14725816.08552207984030247
0.00000000000000000 -0.00000000000008362 -4249681.81909717712551355 0.00000000000023163 14761433.96373149007558823
0.00000000000000000 -0.00000000000008532 -4261892.05965579580515623 0.00000000000023754 14795341.66730440221726894
0.00000000000000000 -0.00000000000008703 -4273471.06213514972478151 0.00000000000024346 14827655.56523176655173302
0.00000000000000000 -0.00000000000008874 -4284465.02050490491092205 0.00000000000024940 14858481.98468795977532864
0.00000000000000000 -0.00000000000009046 -4294915.83933040872216225 0.00000000000025535 14887918.24493267573416233
0.00000000000000000 -0.00000000000009218 -4304861.61001439578831196 0.00000000000026131 14916053.56906972639262676
0.00000000000000000 -0.00000000000009390 -4314337.02613524720072746 0.00000000000026728 14942969.88976619578897953
0.00000000000000000 -0.00000000000009563 -4323373.74662470351904631 0.00000000000027327 14968742.56271652877330780
0.00000000000000000 -0.00000000000009736 -4332000.71414546109735966 0.00000000000027926 14993440.99967532791197300
0.00000000000000000 -0.00000000000009909 -4340244.43488390464335680 0.00000000000028526 15017129.23122171498835087
0.00000000000000000 -0.00000000000010083 -4348129.22502167057245970 0.00000000000029127 15039866.40800848416984081
0.00000000000000000 -0.00000000000010257 -4355677.42835661768913269 0.00000000000029729 15061707.24805067107081413
0.00000000000000000 -0.00000000000010432 -4362909.60888077504932880 0.00000000000030332 15082702.43658696860074997
0.00000000000000000 -0.00000000000010606 -4369844.72156692110002041 0.00000000000030936 15102898.98417569510638714
0.00000000000000000 -0.00000000000010781 -4376500.26414806302636862 0.00000000000031540 15122340.54794138669967651
0.00000000000000000 -0.00000000000010956 -4382892.41227995045483112 0.00000000000032146 15141067.72024902701377869
0.00000000000000000 -0.00000000000011132 -4389036.14014359470456839 0.00000000000032752 15159118.28853420726954937
0.00000000000000000 -0.00000000000011308 -4394945.32826228626072407 0.00000000000033358 15176527.46954531967639923
