0.00000000000000000 -0.00000000000029375 15600638.56060581095516682 0.00000000000003200 2693.03071579192010176
0.00000000000000000 -0.00000000000028752 15574592.27447611466050148 0.00000000000003200 5561.25109920726754353
0.00000000000000000 -0.00000000000028130 15547414.01186104863882065 0.00000000000003201 8619.91026107772995601
0.00000000000000000 -0.00000000000027508 15519031.08193561062216759 0.00000000000003201 11885.92008894127138774
0.00000000000000000 -0.00000000000026888 15489364.64933546818792820 0.00000000000003201 15378.07322805268631782
0.00000000000000000 -0.00000000000026269 15458329.09389251470565796 0.00000000000003202 19117.29444643983879359
0.00000000000000000 -0.00000000000025651 15425831.29174339957535267 0.00000000000003203 23126.93122892089013476
0.00000000000000000 -0.00000000000025035 15391769.80683789215981960 0.00000000000003204 27433.09059448627522215
0.00000000000000000 -0.00000000000024420 15356033.98019517399370670 0.00000000000003205 32065.03053101067052921
0.00000000000000000 -0.00000000000023807 15318502.90230887383222580 0.00000000000003207 37055.61615020745375659
0.00000000000000000 -0.00000000000023195 15279044.25184477306902409 0.00000000000003208 42441.85275848589662928
0.00000000000000000 -0.00000000000022584 15237512.98116335086524487 0.00000000000003210 48265.51060948791564442
0.00000000000000000 -0.00000000000021976 15193749.82618388906121254 0.00000000000003212 54573.85926945206301752
0.00000000000000000 -0.00000000000021369 15147579.61463709361851215 0.00000000000003214 61420.53343595589831239
0.00000000000000000 -0.00000000000020764 15098809.34277993440628052 0.00000000000003217 68866.55689204554073513
0.00000000000000000 -0.00000000000020161 15047225.98612730391323566 0.00000000000003220 76981.55728910049947444
0.00000000000000000 -0.00000000000019560 14992594.00466395169496536 0.00000000000003223 85845.21193391041015275
0.00000000000000000 -0.00000000000018962 14934652.49734129197895527 0.00000000000003227 95548.97408887073106598
0.00000000000000000 -0.00000000000018365 14873111.95449559018015862 0.00000000000003231 106198.14095933162025176
0.00000000000000000 -0.00000000000017772 14807650.55029482394456863 0.00000000000003235 117914.33914357765752356
0.00000000000000000 -0.00000000000017181 14737909.91072521917521954 0.00000000000003240 130838.52161576988874003
0.00000000000000000 -0.00000000000016593 14663490.28648915514349937 0.00000000000003246 145134.59324094853946008
0.00000000000000000 -0.00000000000016008 14583945.05538752116262913 0.00000000000003252 160993.81053816530038603
0.00000000000000000 -0.00000000000015426 14498774.47673852741718292 0.00000000000003259 178640.13730377616593614
0.00000000000000000 -0.00000000000014848 14407418.62342273630201817 0.00000000000003266 198336.78241012719809078
0.00000000000000000 -0.00000000000014274 14309249.42879835888743401 0.00000000000003275 220394.20142378643504344
0.00000000000000000 -0.00000000000013703 14203561.81147235259413719 0.00000000000003284 245179.91150741142337210
0.00000000000000000 -0.00000000000013137 14089563.88905125670135021 0.00000000000003294 273130.55096811329713091
0.00000000000000000 -0.00000000000012576 13966366.37500418908894062 0.00000000000003306 304766.71145153674297035
0.00000000000000000 -0.00000000000012020 13832971.38913426734507084 0.00000000000003319 340711.18065822927746922
0.00000000000000000 -0.00000000000011470 13688261.12885671295225620 0.00000000000003333 381711.35071582981618121
0.00000000000000000 -0.00000000000010925 13530987.18414474837481976 0.00000000000003349 428666.65790417097741738
0.00000000000000000 -0.00000000000010388 13359761.78743467107415199 0.00000000000003367 482661.99452689778991044
0.00000000000000000 -0.00000000000009857 13173053.04299995489418507 0.00000000000003388 545008.01930086535867304
0.00000000000000000 -0.00000000000009334 12969187.26873335614800453 0.00000000000003411 617289.09284449962433428
0.00000000000000000 -0.00000000000008820 12746363.10798503458499908 0.00000000000003438 701419.01776899315882474
0.00000000000000000 -0.00000000000008314 12502684.11602810211479664 0.00000000000003467 799703.60823027091100812
0.00000000000000000 -0.00000000000007820 12236219.10378223843872547 0.00000000000003502 914906.95779082959052175
0.00000000000000000 -0.00000000000007336 11945102.43601537868380547 0.00000000000003541 1050314.57075732992962003
0.00000000000000000 -0.00000000000006864 11627689.10689866542816162 0.00000000000003586 1209780.61758700897917151
0.00000000000000000 -0.00000000000006406 11282780.34468764439225197 0.00000000000003638 1397737.92028367822058499
0.00000000000000000 -0.00000000000005962 10909932.11543092504143715 0.00000000000003698 1619137.96972496225498617
0.00000000000000000 -0.00000000000005534 10509847.14833852089941502 0.00000000000003768 1879276.15689492598176003
0.00000000000000000 -0.00000000000005122 10084826.12223226390779018 0.00000000000003849 2183449.67694047279655933
0.00000000000000000 -0.00000000000004727 9639212.38677187636494637 0.00000000000003943 2536402.37055011140182614
0.00000000000000000 -0.00000000000004351 9179711.51681351475417614 0.00000000000004053 2941546.41585562610998750
0.00000000000000000 -0.00000000000003993 8715421.66968933306634426 0.00000000000004180 3400026.96496972581371665
0.00000000000000000 -0.00000000000003653 8257410.48843428865075111 0.00000000000004326 3909806.18448284175246954
0.00000000000000000 -0.00000000000003332 7817759.97178054414689541 0.00000000000004493 4465045.72192201670259237
0.00000000000000000 -0.00000000000003028 7408179.28803978860378265 0.00000000000004683 5056085.58971575833857059
0.00000000000000000 -0.00000000000002739 7038492.40082664042711258 0.00000000000004898 5670187.80247739609330893
0.00000000000000000 -0.00000000000002464 6715419.51878184080123901 0.00000000000005137 6292952.49017238803207874
0.00000000000000000 -0.00000000000002201 6441993.96985707618296146 0.00000000000005401 6910049.58734093979001045
0.00000000000000000 -0.00000000000001948 6217715.74320554453879595 0.00000000000005690 7508798.33578768000006676
0.00000000000000000 -0.00000000000001703 6039280.08640135545283556 0.00000000000006001 8079229.99502902943640947
0.00000000000000000 -0.00000000000001464 5901574.83538546785712242 0.00000000000006335 8614503.63679712824523449
0.00000000000000000 -0.00000000000001230 5798653.00640189927071333 0.00000000000006690 9110766.68240765295922756
0.00000000000000000 -0.00000000000001000 5724498.24530122056603432 0.00000000000007064 9566667.32722744718194008
0.00000000000000000 -0.00000000000000772 5673524.86647934466600418 0.00000000000007455 9982730.43120337463915348
0.00000000000000000 -0.00000000000000546 5640839.28166184201836586 0.00000000000007862 10360749.79177462682127953
0.00000000000000000 -0.00000000000000321 5622326.25456074252724648 0.00000000000008283 10703278.36642541922628880
0.00000000000000000 -0.00000000000000096 5614625.88447844702750444 0.00000000000008718 11013242.34812528453767300
0.00000000000000000 0.00000000000000129 5615053.61890529654920101 0.00000000000009164 11293672.08740758150815964
0.00000000000000000 0.00000000000000353 5621498.52096124459058046 0.00000000000009621 11547528.49263788573443890
0.00000000000000000 0.00000000000000578 5632320.52349558938294649 0.00000000000010087 11777600.64803821034729481
0.00000000000000000 0.00000000000000804 5646257.16617025528103113 0.00000000000010563 11986453.09007761441171169
0.00000000000000000 0.00000000000001030 5662343.93242430035024881 0.00000000000011046 12176405.77674747072160244
0.00000000000000000 0.00000000000001257 5679848.74209792353212833 0.00000000000011537 12349534.37355650775134563
0.00000000000000000 0.00000000000001485 5698219.41119634546339512 0.00000000000012034 12507682.30472293682396412
0.00000000000000000 0.00000000000001713 5717042.21084566693753004 0.00000000000012537 12652478.91529193334281445
0.00000000000000000 0.00000000000001942 5736009.54733014013618231 0.00000000000013046 12785360.15632051229476929
0.00000000000000000 0.00000000000002172 5754894.94530201051384211 0.00000000000013560 12907589.61728603579103947
0.00000000000000000 0.00000000000002402 5773533.77957485150545835 0.00000000000014078 13020278.66244409233331680
0.00000000000000000 0.00000000000002634 5791808.48096324317157269 0.00000000000014601 13124405.02522380091249943
0.00000000000000000 0.00000000000002866 5809637.19852050300687551 0.00000000000015128 13220829.58545766025781631
0.00000000000000000 0.00000000000003098 5826965.11948029417544603 0.00000000000015659 13310311.27568345703184605
0.00000000000000000 0.00000000000003332 5843757.82707811985164881 0.00000000000016193 13393520.18814333714544773
0.00000000000000000 0.00000000000003566 5859996.21874501090496778 0.00000000000016730 13471049.01909808814525604
0.00000000000000000 0.00000000000003801 5875672.61848357040435076 0.00000000000017271 13543423.01508351787924767
0.00000000000000000 0.00000000000004036 5890787.80334279313683510 0.00000000000017814 13611108.59186039492487907
0.00000000000000000 0.00000000000004272 5905348.73003442585468292 0.00000000000018359 13674520.79062167555093765
0.00000000000000000 0.00000000000004508 5919366.79828896652907133 0.00000000000018908 13734029.72347421012818813
0.00000000000000000 0.00000000000004745 5932856.52610147371888161 0.00000000000019458 13789966.14492286555469036
0.00000000000000000 0.00000000000004983 5945834.54138183407485485 0.00000000000020011 13842626.27017982490360737
0.00000000000000000 0.00000000000005221 5958318.81688690558075905 0.00000000000020565 13892275.94579095020890236
0.00000000000000000 0.00000000000005460 5970328.09235233440995216 0.00000000000021122 13939154.26392651163041592
0.00000000000000000 0.00000000000005699 5981881.44074085634201765 0.00000000000021680 13983476.69898754917085171
0.00000000000000000 0.00000000000005938 5992997.94545474182814360 0.00000000000022241 14025437.83398913592100143
0.00000000000000000 0.00000000000006178 6003696.46296006534248590 0.00000000000022803 14065213.73444149084389210
0.00000000000000000 0.00000000000006419 6013995.45109785441309214 0.00000000000023366 14102964.01904437504708767
0.00000000000000000 0.00000000000006659 6023912.84783428348600864 0.00000000000023931 14138833.66930010356009007
0.00000000000000000 0.00000000000006900 6033465.98864882159978151 0.00000000000024497 14172954.61399128660559654
0.00000000000000000 0.00000000000007142 6042671.55341807287186384 0.00000000000025065 14205447.11922229267656803
0.00000000000000000 0.00000000000007384 6051545.53570815920829773 0.00000000000025633 14236421.01026096567511559
0.00000000000000000 0.00000000000007626 6060103.22897991910576820 0.00000000000026203 14265976.74762553349137306
0.00000000000000000 0.00000000000007869 6068359.22544570825994015 0.00000000000026775 14294206.37664103880524635
0.00000000000000000 0.00000000000008112 6076327.42427578940987587 0.00000000000027347 14321194.36695358343422413
0.00000000000000000 0.00000000000008355 6084021.04659861233085394 0.00000000000027920 14347018.35616515576839447
0.00000000000000000 0.00000000000008598 6091452.65532066021114588 0.00000000000028495 14371749.80977356433868408
0.00000000000000000 0.00000000000008842 6098634.17824488505721092 0.00000000000029070 14395454.60791747085750103
0.00000000000000000 0.00000000000009086 6105576.93332046177238226 0.00000000000029646 14418193.56799030490219593
0.00000000000000000 0.00000000000009331 6112291.65513268485665321 0.00000000000030223 14440022.91096079722046852
0.00000000000000000 0.00000000000009575 6118788.52195732854306698 0.00000000000030802 14460994.67818958312273026
0.00000000000000000 0.00000000000009820 6125077.18287190515547991 0.00000000000031380 14481157.10463377833366394
0.00000000000000000 0.00000000000010065 6131166.78454729914665222 0.00000000000031960 14500554.95356161892414093
0.00000000000000000 0.00000000000010310 6137065.99744521826505661 0.00000000000032540 14519229.81723798811435699
0.00000000000000000 0.00000000000010556 6142783.04122609551995993 0.00000000000033122 14537220.38747260905802250
0.00000000000000000 0.00000000000010802 6148325.70923334360122681 0.00000000000033703 14554562.69943222776055336
0.00000000000000000 0.00000000000011048 6153701.39196712151169777 0.00000000000034286 14571290.35169465467333794
0.00000000000000000 0.00000000000011294 6158917.09949697181582451 0.00000000000034869 14587434.70515623316168785
